28
-21924
4275180
-368140500
17670744000
-536483787840
11146940925120
-167204113876800
1881046281114000
-16325623896582000
111667267452620880
-611862796042046640
2719390204631318400
-9896005774250064000
29688017322750192000
-73758229704077143680
152126348764659108840
-260562431275108162200
369934316007869613000
-433468741471825059000
416129991812952056640
-323656660298962710720
200613632416712424000
-96704113924880280000
34920930028428990000
-8883884599232335056
1419318841297473648
-107081668410646160
