-217
10218096
-120279762540
629196802264800
-1851136317063183150
3484875185050466070864
-4554828668949432778676772
4372635522191455467529701120
-3212862272360206146259128049500
1864570737026031734856161621616000
-876143143621162051891561784381142240
340088356773543299613577470155483377920
-110871166032874931946940238447563660947600
30781509528180424893197846082601698057168000
-7364476154617166655697584675262456260177444000
1533905824488795102900496036539998889675358824960
-280614888587045863492730198747178781250648749411530
45442134207175593119237969900927221323634468762836000
-6558954957402983371052974266718708349381993616339585000
848994036702289769979399948851057628116126863446859080000
-99096706448983017676420510529767573997784617818676008965300
10482229393270203647550258447148747827321217351486617837218400
-1009347729077185621888594617622659901843606063359574017156123000
88837864396661176852803337233480236351301131020835096859714720000
-7173811782433856456518127820730670544111231783284900799020678422500
533318385054410730233053265699887801858534837725679409161114883556864
-36616725156110007725305771036877059981745824590772127836382877352847232
2328602713631357967277332709560521948907731725690254933463251295031546880
-137533097773852079942317463158418327607362905048580682007673279612800737600
7563175631207028529336858544768764346237003130424208539228149626079439372800
-388150576922023823046155732582582729320378819545737520242676670087759139100288
18631227692257143506215475163963971007378183338195400971648480164212438676813824
-838132327777173159779117054128906566850464858861299947030260975355904284811942190
35403202091597764324921381533452435330689975672745452307981638995749859597198660000
-1406726022208789021398454859840891619415728938214720467874152788920223443666199005000
52667822271497060961158149952442982230924891446759134317208280417173165730862490747200
-1860970359011315518977095031460047442361684841065926726688208939154020662278847252150100
62150156913073298413172231437803775796038152617629050360982405184895416128114606550988000
-1964573346466226250740475418267696223137230939218613575988256152814786197484619955692415000
58857119166188690199698871702578817551556436185610639993841457180449820806692414293880320000
-1673344683594223330308813734299129894751719203529526501674908778550926186672269521133951172800
45201210822514273041441174329003504021942930156971290534238106969922936516605838438816451430400
-1161420000300713960092585729286895589452700288755512326226951359643853229940566682108478265920000
28416787892701081424872135420735076509918962175932600128992579507997793468096937100371853299200000
-662759929606989633046100997237836213663414720624940440921695218246190272967448864097670605381600000
14748944922375002875846664365197951176557096775428304212195196698788305412842032400838236128847616000
-313470841206980625867415896264672711844660828582862535602577779364180746376060833252787331485190848000
6368751178528424847863116987034183480121492977274273697529964118544333135969945765679083493461007360000
-123795365247567494275846221468891452759219211365984525843697674934465260197228307776014650284136811900000
2304109655220031730195341917951612345232814709505671174886781215106781985711677891667864511410872907200000
-41095178166642397927072040311817777144634390032859348806810675040158520784359202204631364279719764823656320
702899764043670510949473636828969346255476641207937989126256559471961658075575620022929693993146058237148160
-11537798086937246904028249767253625899981261360952044248287314124320642823108144931478452096111607912298750400
181877429437373190783328906975432735796073425796709334038505613892815259596735015153387632187903879799426368000
-2755168618154007529654316806524619423292164416227037521427609218959989184556438897246430684717516489156399504000
40133471071186177780723244880231679427420143086488654989813610784877012703568569774633627005419056720062012477440
-562495680482093772957949229024497131974935442946567555091606388656791881173453235747599428497826466842119143629120
7589969415923358266074636565230518395131169534865349835400438312931288418173034735356958739718286336213759081779200
-98653808772666123717037301966321170281542921495834548618574365408121458408030898871427770777105252690531098647680000
1235879141901299719348624723972230276827786188046639757586552980958736155776331927028216669936226905868624001674240000
-14929763333929339859653427950230089585823220425544532338244889608031799077376916437369476321904603308144608113558617600
174005368520786780713101280125121882600908740503900907940071048782887143882741766206890472756882245704814663979793100800
-1957560395858851283022389401407621179260223330668885214325799298807480368680844869827517818514925264179164969772672384000
21267322819207273198267934237514896762333290506032333192675350406797317585668438091953280003618941141699570041974712320000
-223229006339398998196565746258173329224364052423302759021653159189315692129063271212731290819235629029562894241850294622500
2264730917806390215076353644404814576064648696585195139101571837985994752052110782784026994006086627863475479001815628094400
-22217343046515260114981134133689380458900512569140299329482890117689511877741701120456801086974770401398048127682412129329200
210839566447215433481442707528440099699078154476582034180434644467269593671596450820106867076214127667533270269385332303280000
-1936267774476860593163811543078548623209635343825271643916989008932223896034676315760345612108873903849870311848929095211675000
17214522654496230873227854441383912229199211265161961382843585542970630764830031315585782203180931443427286402004089632875400000
-148217040055212547818491826740315484293405208993044487506283271524977130885186569627193584769387819727908935921255211739057194000
1236308292053476931297747337983889205230926845415499823579487998627700535500957127491417546594568348327537182625855810990652032000
-9993730512828115510422859220334659943133099818120470699671767859277351647408875082470650518913076125899970223367378040039211690000
78314540479583806289220979741260161235736207244269254347587357065757591442258326786259029024171525430208811508317077679121313600000
-595124721142607912913322247986314662071346017541230182828004508688343800709769129393096598755085772046617836613513249353775606800000
4386889144436816800184532211645253537444674003791923253472067368578397751578643054427619088138822480380615462638704599325324757396480
-31377346126059247310599650148840089922515896315556739156975678531523432533062410060174554603233928866337321088641413281150820931842240
217826204511485683809121538223352690371184734752625296626938594764294903535309292979724180716665291303498757970733778150137930435929600
-1468107086783936631261181570487931799584225846241190053942737849820827172824680729558446750540246592685727575705118108653255397357872000
9608914962498036134234376669009940418108709720759514712939105221836428193485428367409619110089407597825124180804785211066844491471616000
-61090178267044155041541023794585229011316451535622483461684258183016004181988842943989061245379360273110387155119672727046693048982591160
377360576864314207517691603771825965762937532058483159538963514043784883018997687369911396761581270103432063804708138436480471862393911680
-2265342011470559635105833073505317535398717055553342167577373920936552171781951465003937169881205825063211667976954790004243641690293016800
13219153558007910775330888308159931038326088784038954149602327133350181057575039758043006855744589079335333002275160771980054346922598240000
-75000336506197660440592609359490719849391767614998788473785425471854846694713940849452337507939786651506715714297266324359058343303908070000
413815005464783880388066959101278623678360335530008540307125564153636208808038275158832938742769779249226811797196709308546643847400275612800
-2220870607343654213661917496972289400982308923498192129585010143043575180667585621400697111616652359077820421939714573091419947841381711722400
11595825921815459707216142090149937525012663318357583955766891379717544079796932720009981483827467463437107025374226440556601445196380664192000
-58915001406744481169992137207767212283267463618385736149231449036026184377532324104957737794575375432455188005339480798514912688694679394710000
291324678083495497849545768230504503309054414215999559840057744709389419227267525633503935606353781711703674257434261320064650952000151815680000
-1402278749851531600698264192288782725866262043934272449210371778823998032870609081101812956216805875945384513039889433902222305675004187548339200
6571625857292384779603699646702461058497512063881324140678192004902996698423209421494886753394735229282512037441375335210414592275759269457305600
-29989254340491299871478367066857580149393478670535933947742812640522004664059128533227788380183323278714204565946729953036656855700756354299200000
133285574846627999428792742519367022886193238535715261989968056180097798506929460147679059467481436794285353626429910902385141580892250463552000000
-577022758556819925548846625123737746317966269093109542428955189345550145573287985403934705954002648448596382104099522606262881495458494452496000000
2433661416255600403999035782682543332503830256704722617508670396371082630592978822871509213011984134132672874062099083488619426176524336048732160000
-10001091451589448144602374370392357164921610602449865418067043611302301700135404400891131556467325858507673584999335784392847604989529750344361230000
40051134647240982685579494768454035282627940004284294712803295065774336067711981913654781278317444823952507246548514438933202014667390901580989600000
-156322030638466080379940374989119066281685582159579007424972044516925342305100337571152590193432884134304428793926599723387242557247724692395189000000
594728688750854321518948750392232603153912048522230591660275236807173978560614364590668072965281643056825175070700443881814457756826156344253832000000
-2205789233708043593081629020329751501837544396764101041408794825794127569083462616830328815820933085933458891819720876313261642374292531265203037504800
7976389888542526425016677904315642917339803716090006785166907512390332101593056465997173743554806359564104656547972128756356775208597479983414336582400
-28125131013185561505357249992293287237851854990846011045160323153790785577368442565850280544243374788601420542624217372493939667294059837869238267736000
96710790777736759705479543757079754777720394953912949658539785903505312269054650278274883047789453510055596323398194905135160624270647835372778961920000
-324333442481587045561839819776308611783677134445569935555123303816369100585745130320253775221197008799024283047209941179176006039586650234141717019760000
1060930727406435846815618254912725058990161648675286544749203340483767369027148515180919015834671104338141654767762296479437957533936775877014683229081600
-3385328352590151692406582528781232782126581131181474589613135223065549259676962950763749508252088207888518400532981631868751254135300393869580583642956800
10538309239786270094975159518365196642064053761490763767474202056953111679176081715889600181160313016782845296095332811581997964659106126081915625909248000
-32006138959141685366469052292360004376296219521674408990292661854215018967319332543328968314266468503046321554713405765628624648323802684880989458833600000
94846573560597631376369193932279356458264228340974041892957161734130324703423875110304378117051916762499359422468612927889286812405053861568039463564800000
-274263368786095084646924109627811768852744387224986838991130424125246771160999831920201643465911530215131412134938371713546963328862845418380506842204032000
773929778910393142034271361378115378579029044317696811788298237641959235429400386023989184321306069517059405657620104515591333578273144185232810801862656000
-2131330055202449863805317616295200554289904204078032235588868193506176800694247156823876464634846793005964378861805365951140195987041275978863795372317080000
5728502427327753099365533760768367375928382197819568198403160498169941874839577290484410702973446780167961272028910655450163014039882261069355897656662400000
-15027841894035479102544563135262846179403380599435406170218448050485366908195268433709219305668953606976477658301142734400000587693267615161399709049599200000
38480365814715876319740573611534292855902917249094940986637241949462114554187113061559848965381734967610694852227591497748326646627207147056759149130860288000
-96180896510578111493893780638877294264460672996344392851038225214496083442403030142645838306531204828006131091332534545464437433562192180214029463638393584000
234673237157813494330926457253159590067425412965001294559476712847115873108062035704899627397044505899291750927789221551502097324930763300398026450838070400000
-558958482500638073792385518155776917881798608229263712587262653086368710975932017678324916878984561774634510163755352826455548533562824250050312212154884000000
1299723530243698220029353177164989926700929635744170293628513850775224130712201785051329910528296282050361213944787533215841275482886567114303840161135232000000
-2950462672231684105176355972801830257911575615475082133918228421388284833947997510523814128143019247496129008516747199534210795434727707805519321599121499920000
6538939470567152916109719186221828304672823275113411999274549266935801263024699352604106333582725807168526334837197809609048008350935363900928279984174197760000
-14148518251116310109064331254519885820477578176231351346186297980493649534783018183997261789373265561667723099531843285303640896865215895890177053002575251200000
29888733115584458396833632553007835998576468934652256528793316376269220644567734890643961054158871528250408504265827972655453966806285943066300390902393088000000
-61645512050892945443469367140578661747063967177720279090636215026055267579420953211953169674202672527016467540048270193601873806537964757574244556236185744000000
124135321034834920667732490733514688845415722449906615123697783653107388103609655799097249960263224856962952619525041495775318876730273480468225965914582287949824
-244056171293795816251066656164348323439906837038859610598134222799473475993825156617360951310764426647794446971103245162990364581719704342772407223109842337728512
468471638865144675499598467037523968857307686448204696144722892793830914301495867621891937043912620064214525279022659200581665785234177348393187899279603123322880
-877955424276993851392527522606639005356667023461433422553937769972813612281947669392711909602864807072247741619408615158316653316382776823877736477501233758644350
1606393050801388665777277688139351267057256026101419677298377334302759982378507459748169714776036755347382923912490446147492666316761179540498126330566526379616800
-2869550284653439197109481427647270733798313737986731280352704931672545627693772881795118078069454059596576514200838702884417520913414393440715854188962891412677608
5004364601078499405109991268960288941268919850269034074843875834455797770853635266380997251935354646909057858924462484699309338960239261517029548637450114457118784
-8520114548381180260134750401383549784363091560963664820376697464940957350342808205761724258417257552832713578110317929786789000244231961254745268613978285432187140
14160855205065673562550831692050221248248905641490855657135785260289679806663947156390677437812616431300908994089171074437876454699554506240573853652041471632444000
-22975506498617635770650110251977004657230751172507969361736290487191982724857472293780886934495152288543627852795712904410706992356990500685377482648971051073067000
36387655395122054259755543611142072012417470608684226483245886892856482269974544871752621151016080968807861418002494226222806399308212554830328431230721559296186880
-56251742577461337448593763974555864243677159229785255613940832824797004625074727590723545446096604841107438447499206174869631454120875950490029240602293552387320040
84876623677004905777834482165241732398153186072114573977665532825310414565619707249682498110365807933302928063997949750775638701087069471888626356963980681102291200
-124992906480865500028322203965774227321266861131718821004181362533387448881159666552055537676181951453973987479249238645268997446544153714509374405642451071283016000
179638891732346835297678741251571799816621199725975271551374570406661284640134652493011654168636221105219692786283984198635139024669430171548900600169741801531328000
-251943545654616436504994434605329449242811232615680318350802834995342451707788850121448844971512300100070619132763287838585782482098875815597333091738062876647687520
344795532929470549993857883242382357778703687792738297957277980712905659980157891157606768974644467638585654914955159977478093142847251807794992141240843757750127360
-460405659795972751368013464902853847609184526573074720913494823978128590307763897015401817825942386985167563905235453401785243893630343926050394931705500802292312000
599794942391545508163914064502519756482403823556492276646070815725822565690196597216993712498562530651125429235438039934645161001824654613427674750874592467752320000
-762268331252141144706965053136328276551928431818298657718648929727170238890516537734347767432225037145500985563343878587852234176364058787985123105217888469457797500
944958943436661440934237200710832827588559460019602198086985289151437103754693129108586930337860326666365645076004511368075178671712381843046099815191393344492177600
-1142542073991043128035189311968488199729777770833421254048408325075060446381577501243929956633405620152572798392937899769628522232409608615163592162550562050459602800
1347215143935016840313601909804113069976155194633512589807647004623654041084853289448624892175444268660630057061967591565094856147058948933979745860603837338410416000
-1549014490504172713810174584478478253622601742916591242435426854065318070887601812215285697107312084834640612997884121327927043100058419873186627990289793798752115000
1736492619236424057533787895072310561513414358709433036427769179044981584084078820882574227719777630168214746015555155696114960978075490014137597289416350077174120000
-1897716311751308051142147135641468639869037585169166619232107393046091207601929516741405230462293873253610328434510476596078701132884365509227972433309272535450419408
2021478609702020523053395448903995014479153759422337566243121984224528014132523314881595115892644778456369793299302243566754067502104972127894785073471146499759650304
-2098561480856257022395935329032302649856410271803357276936516654762175572150648013652833226051120369255368312512282042587802818085092960374288279950969764923681406360
2122855989861855110869142150091201108488179556422892918016861650850882888996853559028539911695951571787223787444608431307581303441197885499728585981415867119175347200
-2092153527198563817943348771887402745348887703334132070029014478214609789362601544745069293138365495335755674816277317631645210209610312775558957671767290528608761600
2008467386110621265225614821011906635534932195200766787227853899086025397788097482955266521412830875522325447823626224926379401801225900264536599364896598907464411136
-1877821270388517654819132726104697225440759049860414476898231417073649567549004850003335764369910458200175497794665002290841162441785540299104258931192156268143398528
1709534232931085892901997580988656973463046495957957761434391374868461044902416683600748693758805253033061713274870487703617821623338371711302672336238873246668743680
-1515119568322395264399002422663597001196519136479322843764457185105139425511375145195744466007593583694780099591672389859098874515957437674754511514151781388501280000
1306978661681689645425950114055920390890142372862666531261235010196308713719871411986424402305826544567689743755990327837001236321506261651479228950619914106263040000
-1097096268003040187131181328162018487493682400408040667588776528676112419887746748913135702388668227195901754045799849800364045598158127212056138707807473993339315100
895927387102671759623195337931931921733971260824713739883462117935880085806250653176700611402466302738430165874830879232055326462011929972794427073294572334825300800
-711614326480536230351528228135616556490802885684009979723775638179142675988084699949257896840588709060454839493249873403147130014503836316220844091709547337274554000
549600134720185307945852656906276176716898461147799495048058869187248587123169785952003163204067910343653630411437668042928943802838598412015947937893029898034320000
-412629220717010035817616102799986423127763631244702379666324090775509767986993139787656152386218891789463033867421208759327192229726346584393145326809709723788185000
301063979442522951385899954674708183985671139432314713303649650658024831268820265518530828686863253131529612662716433087062455333380501324238216300156035774226942400
-213408430485222848360458114917298408977794831126847267199890718039744485018648071068858422003937433713825225872435770340019993468824260863926008092282909231309873200
146919640909185653430413274280617069539017560960789828614790841778589914029116962405324023897436219559878243635511018341582124658518620552453632449059910977128960000
-98201496093813327379703317010481895438405835017194590306761239730481105731267414107725259028668306476654728818874552190119996516544564084539320300152891885754600000
63704958496767386635311895856945084509743472259325001547693436844870765273937279807707489208471915633187171862193470220879636408337862237258657838354146593580800000
-40094446024141937560888860683113292115838201277676901493114045770635098600956580706657146062729954098686556020810969890919713032223438623996461156464483473724608000
24472681257100827659339433859040594975667050251495411848059214422020287946030335913697094590732335445209043871941253398075819506826850400502337085618757943949824000
-14480607267629461471631178667607680335622353794362736087083442011136598853950142988414941887870792724729053305108560057237602097992293681070626375194576724203680000
8302556741371965613725517923624170355149840994061430427155998025697618909211281823021163513510735512591485005034010176825061044523631246188377446568175902547200000
-4610611920091387827439791678223450131494724423079496293162035764501719735783104812077382155920729164130025016172440649456987427056936588128061501161010088833600000
2478664968241130096031632006212926790691563849847537207203910426996124529956997146972800647022983998636301448694304093148076440785809109777645863024159023756943360
-1289344286972796011020069941764878918466334204306345784467865725406397034839782251716578539045756106986916491568030793288189426988046945565831863084590468420571680
648602443828122989360538232379408591242281179095024085135611217479166818892239403972462503602448729487497331772867480679940801472489382428979864094390046995059200
-315355404846996422519223944887160375839140940662758680454301565625128293303716324270792351596885578770196199847273814539656862980801001651257253073288684318864000
148106118165400648109275051423550742349720448022633270605671794248835259749518530870662067564368596152863906098491818644635200965484643826600890866291567729792000
-67146011411468213582627815751868421431328508055693213331071388448183368224094990739480096001636120644735120885208219878736002067345800406448780430091260443917120
29366260233311454601870863041200535461923471915447402722981314785433024019866091612443784240757068972185367114656554269482904600620574104074909984504367377077760
-12380745808422728641321295808790166577881937124116138721966974428769840008375497203471122054165332332947972822007570956808621022450981685889570037845776187081600
5027864164189707352323736838948498475893408130669159623122543289774846191701954730425132429652976193021363145489652274257136549473957147961962211911450211840000
-1965197497776535839830458695351059792400090672056503700755571105670798075814980120147559588894075908620383344289478040679486293690597676600326262707473436120000
738650127433085669644383364704047718610219617394736701432276601997053219789157173574235399606527172782837438741850855085490480117921066816262879283241439948800
-266734768239725380704916215032017231720357084059210475517210995165602551590528979346251672080134812393802408434557253225316006709249274128094928630059408870400
92448322544695919647218522868484910876797387937820096750510373799854240192090458110800144860054160147927741434608765166027910472592902354442807486525780992000
-30721071420536825946598617900926756401312395918110486541838624385448394382528927979610335598159124913349120731934131588812749221950080300841183055942884160000
9776801878689360246379807068607692023462929839508412726620796786589886826813047038778597885833905322218101522371356006316265870359970685590060999970849280000
-2976101823958930186910462600468973064981555014026535940521771077225381339053977116596620835662847246145560045134039644138765807462208251078924662844311987200
865395360559094636187225878286638696124676834209410193170553098522706209936256935195223645862544436476853730949861367424797228298541847192928725184410009600
-240035469881639069417707915730275625756152903368902431238305811425636691530984894812585768743069576361106483261782022621488489023236501398320752360313377500
63409729754767334507510158414612799201066996943542106456144572590626997896987606780204675680737862261893951389189913892868177185659941844330752590015400000
-15926564336587724867135017735501508950145773251867986298489070164183149408019551676407556573759565627635336446009465831365790172601855411161085243740450000
3796407078154665041307345187497322212337180506375579955542536014941645397351458682313164833255929069004252190575405609349099858631511306949745605503312000
-857097006165020041213520533401818917836327741873058229758965401332488820575520646389579305467218680119582446086539276600498309920634568023093076752661000
182863851453177508857428689648459394462232824930014227174218184519905368197204538949875457993469831002863837089245927755214666859307228303517500464120000
-36778937575459255620365912097696722919464999096346346833708559966826186823664875768283031993636098802611502791773904202373932460607017017988865706550000
6954387125704878818345495057891292169918787738527851445438491377278212341496492254056800170913540259941792704850963224852301867756504720353037206400000
-1232491258353047148581280361634784254813857156960598472417836634338131182221715839725216410290152172568184212117211957524449198513146549064567018904240
204027166056908970810415659479058367272965438126592970063376931522819270480899867233044908591879847779411797001062190834967358225190567563768823109120
-31426103780699756924405999897703211408454753912009528890508872037567863811696296087630802139495266231095067742174195407258353260595106291988213244800
4484105176794257825123329355201409475641582008847970828610064975633940139599947123086440257716328118586692186754938702581453497350074619546475136000
-589713274524100660248461686875656335548500056094409466190476874558932967705462096420897912593268545584029371830780938082187019199273317781090408000
71060274174659030184371445147848273247295759287616645729650800541735551420831887121366496832178748717133247803713852955340751105892208952848110080
-7791579218934123561313043978530917509182466961195217564805004593286255084388980365155017196722775892657672778553128424007929939101622402149171840
770993392804515482274202582766717781953689932448078659356652885143964189544896654490356202340884729745584087868217800130542671749419566036838400
-68164056200935459497476536591223546504550295664152664387000676906334666813268068218972181812913371192604917161980701865276574506322342827545000
5318172741759301434660379494583224891543403484888905479061795904324272441098362594497772386584756965829480957121637141019266177915948452560000
-360453930274797097238092387966196353760164013975803593580855055737534021007777909182626795090744638795109264871577628446861374280969839562400
20791215223056062211258086123339373249839428312254073994646027338424279911681536146559727090429959624128851377781526691932795964904888659200
-992282766408313755855032812712774911465503153475102098578580647937880037614740455552923963353779445393298019876766081216532737289092786000
37618778421880571757602249065793225500246102492388538639933847218434474303981872722586550661652243736394291128039799415734010186189680000
-1062125087332770968699880077781261258009830782659148844035166050603453910277067023982540178301955436089567176796127623472444649548940000
19852375888707714807067525953553482464477962059870299648380388701382026576081901757077657415962996144540530897822699116932226656793600
-184243800578927480098170411906049766527755434926351160574174989448268550828263534396746949183641489424426652065269819908085865534800
