264
-18399480
320574140040
-2482205566329720
10810005241365930600
-30125755006848230033304
58293335938251325114443240
-82856244246763062045829149720
90147593740478211505862114895360
-77476848620288773999760384301734400
53920787565776175152873237058635073024
-31004452850321300712902111308715166988800
14975150726705188244331719762109425655590400
-6160812453110246290317464378107586021042803200
2184573803526337332536039664686108308482014400000
-674509007576791914793827606868482801326906766144000
182960568305204806887825738363075959859923460316560000
-43940291226156920524786577932754370747396912145991280000
9408104576978265094584859519601963603359316633925021840000
-1806955487104675928900391232109701236672903653222136812400000
313036968586014057922703777050684642241213828884202981380176000
-49159581087130166851330725804184047388696743127835549831029680000
7029820095459613859740293789998318776583634267280483625837244240000
-919152299702561648084417581423088307788204596153098697444772537520000
110298275964307397770130109770770596934584551538371843693372704502400000
-12189459550609082034209050899163033441389903294891010585191913716296432640
1244551032815146215977971439438213858172679179605588092588677344228964172800
-117740673635339079667150557289074478952805438929847179672926351713908055014400
10349164925457253390335050004980485323463939295323506180638648914934734549939200
-847314804925516268955433850288860067713566635171819284266199965562224907771776000
64768743688506463598953363516080463576025033592533866089308325367576471950074557440
-4632549008771583533271653945138179671069803001022700609415824915858864515596643814400
310670317900744320700030292695829174191118663756084859618948758419785101577199925803200
-19572230027746892204101908439837237974040475816633346155993771780446461399363595325601600
1160450385901186844004450522894848002370877346429108603401222420269723585045312131156344000
-64863019080032787261901005512761744955376606357018363415089877827174076401336789332576351040
3423326007001730438822553068729092094867098668842635846907521329767520698959441659219307416000
-170858726136163064787018687748029711881653945029956741790832877939390348281812834367770356328000
8075796243937258655016343127547454221154186326997650651459782261162929398151170063205721856024000
-361977257679436297702655616515810448078360718503001205235549412001829527757367533898126290292200000
15405752086836808830225023038912892670215032179487731294824982974797864701353562242704254914836032000
-623332675898992000349646009513182864345434511414549698999120295675714912351316202223396726967622080000
24004668559620365401220041223497470714690508633454189428802857100817837542998646399909175995671487040000
-880824633728806344714210998859184908371880443079484256449966168587986924705153684312946383871456669120000
30828862180508222064997384960071471793015815507781948975748815900579542364680378950953123435500983419200000
-1030232065489961429807623722287899539607492963568944330438468207806478129066807863698740156051252863684288000
32903158310875044152362576158892368093891481322301161555307978016806139868778296516427627479179427470597440000
-1005222021243107335767538785529728042350590493435101172423299915083837012822200496606677816064908113041289920000
29402744121360889571200509476744545238754771932976709293381522516202232625049364525745326119898562306457730160000
-824097320136185365969986791019376997851729436580452999541070203135289148064430231470233953035640878972541837200000
22150417409548444740687692963735222699057924488184047902864701347951555837334981533549536283273169801375568516996480
-571388795114822337514971456901889568240404245880318605937219199131414701617066738175127311390316542800189838388265600
14156241923939414953699322426320778829719364363910615402716785720492505063139990726267799128942339436120679605512828800
-337083856734259753651864214713178331642377758707329773030088161796576071968047191067238974844274210702671376566015158400
7719636472124096827459359485098096360451984474099959616923623952254921154329969622589238251063316800659943253456273072000
-170140787845615094077204283051562043784361737809163109956996671907698462241432530481866811053435502286545149306176258506880
3611151415498769343679437844359684194606861373908768048066868138449110219001833300023295581542304538326672556702516507084800
-73853548201183972477521577852929496977236724442017824096614092704071414811331122587457039552705912483284829601481106293094400
1456258489679231647556171611813471876781827112273462041610168251262326125822002385098454324497648212497398726850607830747187200
-27700705513964470997682247422070968204857420924788075002935159654505867400546937066732017551454115596241096437349324192164608000
508584953236387687517446062669222976241182248179109057053889531256727725474041764545199842244697562346986530589733592168142202880
-9017439475885696770750740119484543364018274341203095952467175980828436358008574419744573929614061186735403481767716673822408448000
154478778451099090465004614554707635173603382392535451264794087588323150636727534518475463687030477957570184724601373154150166784000
-2558182582830786071804826984337936189734298189597928346001794153418421698639503819928404334028080681460623716652525687403080879872000
40970892928149308181249182171037259288713369442779321166434984488341910017273303366040850662168479664017801712013106712314967216700000
-634888835715707303179778746963308971098545091310817736352110028268930932719739750219659297917830185108380945772120735990999578377412000
9523332535735609547696681204449634566478176369662266045281650424033963990796096253294889468767452776625714186581811039864993675661180000
-138335474416955199772033301692703791752359645029308839833967605079078344831330151122432581329899597506222531736342203714964723236542340000
1946748700532030441082558608941959588431995419841519209705004324763362036086573441574163696431493643798640264953992188611631589629819020000
-26551591444874479456352855129520299490617858136401816820456722501262111702012528130354614498588330132338732536187246958096260716784771700000
351109575359609545072212163463754556284505048123733086264961998202404038743592606680501551234801926378575614982609970183021491715262462668000
-4503271095988009350653417462556844046136614538075771214533052567700145432447327908138827176172608321762905452628575207733238354860205221940000
56040706972295227474798083978485170351922314251609597336411320842490698714900080634616515970148014670827267854933380362902521749371442761920000
-676894761810044456158815588561297609315478251347974282558226212923362507821725181123730771899140037590005395011915348811962210066014572388160000
7938309277472800397099915467020915352490871676692276922185771985744766298815045860439370009379615269180085184014829017659644472322764031915200000
-90420517994126185643126877135555034231012024746195711054464817226427186050022898368748600154837569762068842280002508442750414397545211429126894080
1000637034311728841119922089076294630894440550861639517070877963489131878863826811587674951852011332962506994206675959082514973734606979665822553600
-10761953409842471413677529407004230009823881026613959704007197688954540819617076116463361216857346376964105835651392457887456962410977107834458892800
112522909320660633064900558947789789510998803396608679272075256309956648687948955608229344794005509160328846222461600432468263033018914494340170790400
-1144070054629469711766265817662554253071691887443006528314298251746242451929787049851016355376321035694386626669812667111404202973916875378682188352000
11314852840285455449368368936682661562879032766811334565028409709770337849585593923026551754671815043017483737764447277731787567412037897495166842801280
-108880236865023964303592740865334527933602763867190002707372145561095912228865488847779506939674598802150409355854043420148820007401160289339637040124800
1019691593674046561589209113291470239892152475646146467948934971783660289243919923218675061125102444343993988393343370353005873513692127563993995194934400
-9296526335300601305520896614675188177806128688910948063937982112471527331476684368935306222105430283337673164322937590617105515717007033809227878677347200
82530386854199215671461020967014425660115632238291069547204535080104375289639953071160371563589023943916078091438323508539610190548939994020696473972368000
-713599418293242796153888088696243347462018499869658326046147337161135007435169205302208937293975074712855545252628859225187264804675824272175353553706270080
6010984824184562763708386685475386769454266163044850420859245417136115598054494522759277554544976629882490598869494041337096619433653846965457615791765904000
-49338678051541066299499397490887746574961711442923427414020655308550066555731481201673356669469647652888029255643421364268701502913807973368078385030392432000
394709424412328530395995179927101972599693691543387419312165242468400532445851849613386853355757181223104234045147370914149612023310463786944627080243139456000
-3078294999756545255045146097714521443927039236850493350335690929615634754682804950115764785513432630988166147978661638457466517199848996394205824754705206400000
23408723309259773028365533214175760846929618374449751655219409691432671401165685642880326880059925473870010129739955837336556493017518368135494071801336036224000
-173607866445862692976339720124212577274988831356941371562045652239987623970847794198465798253698867646144991198886533963292430505817037867291555176872244012160000
1255949536650881901739985083015806301004503322500972833587804746923313113301388484683418922338195777848387299278145114324234653205598873191162158151020941086080000
-8864834242562884432364535710818120852979756541648385775469385638273499321044035475138013059542124829495953226850841113903520970544825345323260061122138442650240000
61058602535352778016490000380306794376680396460470887086358851283988814925162969558272914758231520724663163579237459279330951365703720067493617849693678770902400000
-410469415448464088092904688429207038407487682399249771791299486565195057099674518124097064963619345582940586982372952015101180089596720245418868538367333485808256000
2693705538880545578109687017816671189549137915745076627380402880584092562216614025189386988823751955388047602071822497599101494337978476610561324783035626000616680000
-17259583996438670556647752284314343288803154163728710238588834994342989509868531165542839132236957608085792941450097025481669868121342163824095077818564011552681240000
107992807321323676706588580827677792264760426906162604712336554818831624909102433860870500742855399477831265039318953608417795263967898095430812309066342001481020520000
-659956044741422468762485771724697619395758164426549251019834501670637707777848206927541948984116330142302175240282494273664304390914932805410519666516534453495125400000
3939673604688395569524535062887754908744917938360728408888004041173038860350642656074654418655580844417487065314390377816066431492005782875178638201237104073584500587840
-22977245477005793001554966529409565561785990858030735877540613707439461523042984493987017413774510571377158411026336195291331471582872664656283999586570091839810789380800
130946447407019173264917058387327178132392826792998692007990971543781291101909326856735701316562695193972940840693341569705269666771596120030794973422425402284319619758400
-729308392679662728881530231777924495646026482865294911365459754511019431363796436608911526410758786966375639122824721776715549891651739084198282834820515575904759484651200
3970199534114140299236732622696393704108546533941250405066408131065904596773329714084015410046734224905713538420110911447208910652778697973150415432159019703150169975616000
-21127943479910269886305518340700237189456012126337152155614624168505005768461499107031588945383396254824772699559757576917840725343236189458749027103873183220274251486563840
109926982541434173865558971359677453372694772953512808385300011471235549770759989123982439457735256769050926665740782124120413741862369850103103250666823272611003270016422400
-559255563987327829954337794111899085212625769955739413924235284144035030788493063717757459262355271292419366363822459287592081336558429265346794920219272876213914531281907200
2782469040578927351501211494161670757292446732002012145820578018642544659355095119484645136823816967047469193143462359171600108378185765357219238924053913198940834026007513600
-13539975387683754299052482327662401719793183049465224493781391982814470118728627584631323843571162187513629442099930670440708716933322954644190749801715090614995734299606464000
64450282845374670463489815879673032186215551315454468590399425838196877765148267302845101495398732012564876144395669991297773492602617264106347969056163831327379695266126768640
-300124582278497826300034752544131176177592505212580158702553936974802845692344926264161813026418492753908754872551056387526154868766753147317727029023407176561026703668048320000
1367404346809686524928219561336271124115255648749153478170309518971933373486040914050492342003018949128778153577490272214596205601064849798748623657744401064637739012120240560000
-6096188209792076498127398775799976997612119846216858019563098910370056476814147632089621548532058870471763955572541994389562079744053465775970154198795169504787576845717670480000
26596943020560998572162473883337849781825730631001527370670029872113127288039563768812060772681420279759080969603195681893518768966438250961642639509978925124765743855970446000000
-113569449475546325169647414946387275238524070658849697705036465550707025412694306660762637723560868402138000864609607814911825966147730394711147183044840822738801234124045902160000
474668983242027744317848589223009836460656490328010329884902706790410456986469070050631000711434545105249789582761916134857393901318992077776078892274215804907118118841880316400000
-1942054623744338364819179336446278903546788520257204656721728826007050804619853401002680287591885058639033162770234979689163420281333390992768270181868800101207755459272203293200000
7778818620760502677585124242479306737188414920409711154458794892564294561566968104044921358774390512095386207556847550073543685430230241485828207740820649184469903581911040079600000
-30506086583146283186193762785543979920186330245388977400103747924479775332011974695158160275371497570031584848292460185956800266250112030288501484138583062810503219788251508426000000
117143372479281727434984049096488882893515508142293673216398392030002337274925982829407335457426550668921285817443047114074113022400430196307845699092158961192332363986885792355840000
-440497805603910627957997870569441667078921952105319184408770813005380689752820844523804443249000665738505661544930466420691912604894179663802229694933325019359596905901099467123200000
1622182593440039595514228653698752798705312418623807789291423394413526361645499605619374438549061038058248610628912169138065379850810250989809716073547797027757204085343393173337600000
-5850858455697180290067084073394133384027548598522395375653718048976329762437039921993020357479450965941202454635987198979232836427996758923983526801856212599221849119236759553804800000
20669786115600340358769771518390304722969331417256537253219950859807117110794745614116861720752066627856797433391442810129547845653536937093573437557025849921288426388978978860736000000
-71528704323624064226498580209336458667243182019998606452406781628200360275058092166458421126578239656630073217338157067936946019989273326437542997897340462790015136209822871422646800384
242483929623170013647653917036185953985325526348974867678793964930066980977804643512143627175134848722589477233379920218969919047355926582821149165207537396533044509373435811285389946880
-805328083459876503258966915114227354276888366912737103165103622010595695333750470519870895708999221372865678402905461365835554194910714815672422179470032594710496325476274790943299850240
2620462084070613778182497813633403852002531287649648464595825457557914899269586491965048656740610747670301211365704098897425846267033693130684092482416160747632200934069284768967846778320
-8354583010057473349045875939085406007330947507136115575333905393349869297563121887579211374519145677402069032450419504056422587206145819905561235902565315093181084102941283782079749463600
26099915065029252244747104501772372518523355300991618811557921251319508842256957584416097262077681371841398617588896339417922302611578385073018403000700495601159083804667930092229730927824
-79899716679757110114666344327289294928070885772250725148021408597288642679795423733890779655221198698775588623916593974204332391334961276138396468832923520564471328458611369232287682203440
239699150039271330343999032981867884784212657316752175444064225791865928039386271201672338965663596096326765871749781922612997174004883828415189406498770561693413985375834107696863046610320
-704733659115404153835737334404884565773788663523790513218353111581071361837546599942640812515533192502779473836400639292743181866045112401175236331266977251511638935917293484029100371138160
2030681639709902590747440949103849823631979586250886675981153374538016944835969095624428360411766951442070058826875087826160182097859997529338757394728970984251069199396344668281669258336400
-5735046072839966872338081376753045501901872224083368345647514147645885880255262843395607799108590219899851193299209198655708682181561148577920174587879004967373760371035898843408822957247344
15875560063224821791939325610389053292461930032064687462000039163033594132194499220472270724176028290380210915707153491088466940294978958001163113046031847660550201719130515829505392269196800
-43076064113157360509248976256608413715446145811868418049830891068027697179938689424103113174389290465352069971986691131155754481773264073425607856470523944046504348817207085068422457887654400
114570930448416646949930641952831830052235779125328665777149458852013175675186646540100340711466411502363634122089365636174190086682386675443913523731620395601950130029887275408828730147315200
-298716972275709776414406919329946868116628402952146966436721908269249196451401445031704086917867630010432589871137715124593697304312676816701368653691857431212061373648132679401674203259200000
763496196077752906084496379120051954345439616035242572990511261053893252317826877056543262154974326173603623580842600861308462252900400908646518575272820911938746253789635444250319943187392000
-1913060862512613098767626735368713249118156756340003459258705219526165301756075945906730174752278359153868744463541781696397618184610103680107958494402473403160235633646732541387741460182080000
4699351846953717120023709951214198802584831405228776599087591099661278502607714429312247521118322341083585927929386606377006884741128132091009095424754181343251973388503766923230391291695040000
-11317373974616348330471301480143070489065244863479953111412127677882487281428045992485708527190279247461653684421658868612081669169462424621542614425295572820731083840952858803282658317869120000
26721577440066378002501684050337805321404050372105444846389745906111428303371775260035700689199270445395571199328916773111859496650119613689753395170836769160059503513360916618861832139413200000
-61858068755551518847075360970938945198480691351283905166165770415997589866987285311828660558573968696687174594175396350255758076644850022254173008150287581060131086587338367313038013415333168000
140396573765883959552519514157160169295482072038614905795604239666258369195198201509958275371730559464520806289463580194472395184278375120879005917353673914978848844487494380306097724199372240000
-312427694140407328566893696019036561660041945398716968623870659115709482136586418437195778971743598175316396503375222398611415022740257505562902380849929082770507861764549135350054202581110320000
681681170487506713242740299495151358421143382692452582380936200714846035896262696765452002767420107925252064540235054276590428541216325178317304172095499028659975882462168201088832653842057360000
-1458332831507775836469706343161218583316616592089457024466581003240917637714201918061129808181551192554832971728231336555410224925231717685878129888458885922535271138126241102234769014649273200000
3058998947370710594578856025414972100364934963566845054521100312398148836869309943325025885641621781503017641497138051558628487803166051017897965254031359111109984739333603336047651485128315464320
-6291467726720296185815334998984040903759204645255348398393359903070531542694894513057632950623387283171089526687789523610450547586924782355349549606938317859545753885840503857021824323279345366400
12687502784078602834552808529807151739436844824780868792327883682646390479451200015251957861644947208167737328057370562848775619510474353337103800869393616071327725287789160132719911654701837747200
-25087207542682143167283773267511795999970662412090737485175819215628752878053641552649296148573611492351662083121513573522204156533014071208275604717912867149111299944290523092110152110777220889600
48638463603159257161060376743135114693820672023441225736565363785402684151328488724524145594173328403538936691766199785400191732053802791118085356085749436309501499891991830484703356133139509888000
-92460656450359476953289842507210148727637207574717345290933474690660811149857373924567835730759212550178013637862814168533284353574577618029305985339948491391935192573034709263970321663126516382720
172337909951853462960273966803379863013051599917372566666532807855373701255651318261768451214136993806544818319093411024189257818792851773249889854331856655553015299766307298332252374697543506867200
-314954190011811552029350536840920633256884069190550611003582433180292065416987501875852303210808923688726700102243534683218528011812308565442321727781538673483576624145922547282768985476094054681600
564353902724257104044900985978531556114682670366596295922618546748150323274823142681886926262854701748282436667743862900566062931597027189126980272677607272162608137770205391165391053449633041740800
-991486831592811964564466488360289508517607325830955044634433082307626146444020010372058377040650748710492639713533628840973129429487835236148681967128512598121207248093970667640158365530060185472000
1707836067418618608962293526200598678421578618743820064382810984274886037249824467865870554452520914653823571906561675678576215442292796194266104688378862950263779484841864475010172784625528669475520
-2884168197648625809472026507828834039886756067879739335610414368142939557911001353374811292818915282549713624482455821643828318004180670244357807674618445493916011996024559908706080538828846013128000
4775296316271455901279473244100689555752146191949033440441385654799078252947295793584907037630220502109059457819374728016599149288129038388120540278826424843836250314405547064208832936030750532024000
-7751296783162297363637315766431948453871911205547290646464512745474795732427190548757434822984625676331717687431825582263987034188307465036865314486994136935531106451479845994886308782121953336392000
12334752465769866417447840377873564612794385767304582081673153833518785594433512622204722279288443595590330049898949097296945458925474401531002210739267885962252058154496483067412775724078658640600000
-19242213846600991611218630989482760795959241796995148047410119980289305527316279690639366755689972009120914877842360591783234915923740066388363448753257902101113210721014513585163930129562707479336000
29426146447081063525067248871273172446716593457881243239870171867084893849655538763374325558309457848176634959801026104577787754283147278182814477081662360086402623740149208973682973423565557162840000
-44111259081111478460772579639331547222198021538730005956802046514655174340153792143152871333365968814181956246706640551976893135046632660152351279836245770308445426178938577201146117462763284746920000
64816543955918907126033178245548395918331786750786947528362190797044337805940266006265443591884688869818384689038328974333393994354235745529985554045095825759348381324154644050663682802427683709760000
-93352072253307805911185700330192684643415078183313647511612993888043795232917364313845069225593525319841015867217242476075913376904222099799585300432233352915191893342988735794406729178875486481600000
131778240126157275084869613518011791097327388566313618127465871925835109699726532683308769692986624877101525374359675572802524640975247224339926709911190029949071573730815517836284322615273506799424000
-182315539971399492615108929751758387498456944169153497532458939460335124069027628319936263394883003638833904757693672422206016700887576569223752096352969893696853408408745999591904595307988431229120000
247195813254893741474352670031183492405966229871318452306043570160659900508952008760454414456988474917553596120896720801768785218564172233122740132805243657922126281709424673324448253346201729092160000
-328451866273759878953876929704636771776807078863066620764289974759563041315763792053760255929401606537016066588917100341606444645215056874422533558129777959323371841516211399782596601651187950175680000
427651359773801507080255931066084738520337397568439892671697410656030357004472475979628395056711960948909147342288020064279496892402481899515664977588712087347315299001488088896484279201011659265600000
-545592368252153426388005860659036630815611508910906613765743331648710598482342664783675461984025894734198507618303191246741688916997791683133928043734483917216227136237947465184474686454293111482979840
681990460315191782985007325823795788519514386138633267207179164560888248102928330979594327480032368417748134522878989058427111146247239603917410054668104896520283920297434331480593358067866389353724800
-835198314370486231216629195629658559741077227264864584344787353784276530210509472842864297054690602288095460347898055258855149329632859072536604154854964427999416935428888984516452021098337953983030400
1002006007001985943094511708883808268301913507221058975511742737408405487512999813208652873994536648597875414680731627209304441873437831052432186502157142653614248092081900267625280085405568182893667200
-1177570493856614359327856134266090332477405608888891598979266339287584926572267031814607033808691286256764730807495066401371953395471474931473236875838057695510268465632906419195091339719318058951376000
1355514479594947195848509950110743982718435789787657440602799919446597759920965161066592096695337969513342512351738765324245937464120497810006970448186919747276264589328545611429016253276903898970695040
-1528217310333609312251296206078579072729935774115781800575819267566926780705132572998216754416602298585980455227602066397577109985570971173425947117114370161644908049413932180279317338139325585558518400
1687295117543797843486728802339868187654848784294238981121207047864317299358414094302945995125105037552423536063997789285478507015828449394835579578767864555961767213596375066331819638039832608231075200
-1824237639849153110547463039992821746556156049238302451236392355162093118870975517705120058690754519234990563178033621686503637120311166867891302511524622173779680059204035714015831874182812841417257600
1931140034622922007384838000748544760059446857416728492802230092421119369693282211559295336232178697110765057428542208212555835136813333546349961070801112320069226527701814744515814460382561798097664000
-2001445381098894566075897406122764972507483987711578564446688198926794014971231945251125343213779709721430163682916600949819372626381468348358786534474397519508415899608796809429377785952661783501015040
2030602753976505933323621197679184025176687708656388241764329858432491326323570391904107398161743201850566503216278549350753265671927088074557561780554149408450265871091130998120336463375489322490624000
-2016550139762135650048025203231577215313873260845617388880147644879325296383614887461864440388997574156098914958726448663204800165546969817986229173076266021540575449837905178064140363282925382542592000
1959951629728069371051656908709006917736028017671136502456168851768180810926039458298154347449152463428313431605425842136668495226541124580903772763510522022746770253871427078906160869157284199329536000
-1864151524873636149085413159580877075952004476368994783767205194110577616841975045370504575868115532739199597961824780565866356633961387073044026752898014773461591763256396377644433681297240577593600000
1734848604699575625060208878373383552456607822384840685746344202253156942255484587929846862350836826534796390391287128196422330123949217731467787334913066601917330661450467941920841937863215912599296000
-1579534453690863857525145634581616038344514372427084876430602852932721357337132221926204422383790060397282478738154161427706688277924762669628095620436323214349500779037781110465742851515219334365440000
1406772872818425623108332830799251784150583112942872468071005665893204958878383385153025813685563022541329707626168550021551269247526741752637522661951100362780024131330523801508552227130742219669220000
-1225417042184742038524418786033002836058255799233734676675881791222229356512306523612989035320557958398843593743356625481201482812276844738055510156308286221673694407615815345044108408647512491653660000
1043864129356010993599023973860614064300873656165201767834753167886722105690948749788299194185808485127721479844085806486537345598937072013552440631609194820566974245620231692053196821693039921416100000
-869433815669539097390524346512544589887520567111324265327928141489556234302118023788171565524227232938331807709192414917426016369860250039216813865711895047000043164576945638895905234446818339281244000
707931324295688852727394876064983204177468849938625130660599548776377525223090685758382095210272486628254345719063378243884990421939520544218605209273950361051680294355655445248435957244285653184020000
-563422783723387399680255753485509449545968212735559133466823114820169873523296194465694755720572194451980004025476321570225352345137621970400681777392988863454437095822183765038739504017218969050860000
438217720673745755306865586044285127424641943238768214918640200415687679407008151251095921116000595684873336464259361221286385157329261532533863604638991338242339963417254039474575169791170309261780000
-333025991860720146106414479735429936361319140470461085022511472728216982191205027951358090603420063309923059036183062951809645244055052292154405827671282147531709330548275556627038199410754032909100000
247238496357398636469402109755583184754643329885270309520712517353428287578750612751088246463979055001286879028462305935423480629186470821695430886463159866327541006999039773239913159242543794031715840
-179274071205910572891045637615153322872881273953342583535290542211051253301143516263041265814268617515969879981653999959858193238583640571311790495753527592981988411178853745131636741665065727238412800
126938203736917171649056233751029551133302758726104644728497557728695539907279641012444570431963751035962204010144774209396699319898993809095683045860967532997637711395437761110264894132611483956774400
-87749972332586558003510517869047509600679358582604358620221551773092039247219663993824370353450735901416081575311077262323370465819666496146684533170942806486537054636653049109372128398061184291699200
59208458840326570279185297524097800595614100081688062044786168151394282537051330376455890030875064016526421824171834138937914328148217878022849425495964869428632268699471780540925830580006681442496000
-38985300763133290331834297865301849857971154392870680900446830670249403737840508336630837193202710205860859447868145686104724030319793858483528053608538819796780095352363679698940122735975368999293440
25043342888184878274243636530496004032620738730079525905980313980370410639398912650969851585604342544343647576324009129117135853202883885904915042449070794317565873298742433513835133984887561478950400
-15690882553130748139480942610894681795695791563080702746805141063525506183013433404293859962162939258512308489849720485645119985319093180351682749763826544727851081716057273508038270253501280380531200
9586293630832838730185842157247786363346689224189837624897223756266322564474183425996100834871736558824827524124163551141175375646132372019593159249201720373672332468537949643224564518781107688105600
-5709288450496011986121761949607407390912848152910845122861227444867754435905677109665267810242169972707307251209681893338927162780937562283137200106865290527256375292896562806906596597058000423664000
3313717623104215936434753262180299310154314315689478271309659357796712982799131775487351357618108449465220780089864347888960989989589066761886162674270384950921863537346494820988236882047541470387840
-1873786329185073026206619648601537142767118054344750016401713221458014180767910479277061845601758276213178795147510948947790771163898042625513446358454593138955951451061252153329414512377234485232000
1031949964844894258291790885150081153385806917077724555134727786968867190333911538427061116107483109043000212208330166615248245991651930203513457286055270767520418972869974041011251068226266197456000
-553334805589317433081275691839053631740098412390614852713582465418934341494259648555514024367888681559855102876238135362232892068128380745902970649515452665067981052106236824608889434123308377648000
288774169219684833842311316161965713131896935455841011875592211623559497810132011539802279290604845167275241478340716114013584601892486239564175878317305413030062606894468078176095237041380693200000
-146626685251600275502712577644943153118848090256009613623191450492516278487866056091956718166139238959894368690927743600043544493045290308898015620118669017830797175693240892652701596724678123312000
72408239630419889137142013651823779317949674200498574628736518761736433821168422761460107736365056276491046267124811654342491107676686572295316355614157539669529469478143650692692146530705246080000
-34762536331731453921794251367129906751914211060983908696974802600322273978958026999263706079891372236459323471742670625193159686365114004117314380245264488507062216579082025764184657916278823040000
16218225644877320855862767050585057918176960854392206540470611128153048115930001149475525864896715453808099486900902556640491889699674011011049037092795308458433285623924894269074619883000885120000
-7349787001759941802760101787795630488346286444615721297661198325105950684926056066050552629710183490513522285769502659839892646579979871756742995792662914229145502867663467753765285610329731200000
3233906280774374393214444786630077414872366035630917370970927263046618301367464669062243157072480735825949805738581170329552764495191143572966918148771682260824021261771925811656725668545081728000
-1380870897105906471417195512482755563710063136976777334034902808518196283348385079611250405207644924257287590317112882766995411714486011736332693392695346810046578968781423656397309920302771840000
571916580466799831478122611817182180148725930362186083563031331212430454827271249188881650659411739995531091095546387530231116466116558549671758329918379577280065942512101689683911413302901120000
-229633782343915868710886488571129051278521801193303093376159717475086949094816405569273460530404275422605909950024627879428999225380549067169981269952749603240585506930345159522987777542661760000
89334570937365229536760687518105051836669833372394698315980502334058060553468116962536231456343500004967860375966213652073781586404422787610770774662740598199462473997136828640958255294020200000
-33653325478449230469048159440153707527449489229529665018944477234821160944497589305531426569954111379649225979852872307332327676727283891012839692712950636015050841315543633758256096527649565120
12268480703436539105131113023252839575556219936052986973387621703194651436810735235120118308648789135583612415711106632518755214595152832067097562031387360846586394104773718783356733443199054400
-4325360261975423662848433509158616246562709301136731051360067602358618111210010421634947103829349535720613378024484740495026606057756632190862648400400050156221448537744263407736260677727051200
1473737706988856261856945489270110244673720897617224153233485637368725838445516016235729899642686960924197909964021116567557541676188547810183118430053202684806753933912865371610969704599521600
-484913410005391102350100006051672398921550963718945152915539266467027027371281609049169913204068639246906712999927239495303395847192719293390852739470414605486938447582359069948080361794488000
153962299327987692912519465059430805525262192563769428891671030615882532168772134321169335768913740355218244830751945454879316382787314050128407610815597045628707337723880962927182566289229120
-47131316120812559054852897467172695568957814050133498640307458351800775153705755404439592582320532761801503519617942486187545831465504301059716615555795013967971633997106417222606908047723200
13898414266303822408565420418381484543521448138446025758378418158438278523328213246493482711552309304312452880933709555974448711300172493059226778427868208637404239276197849549591573360089600
-3944314107847685384677695893938063555453866371991341134655939298330390267069162841251912692016549014561733712843221704744945224539073432934176480967381338585652473144253536959799542646924800
1076193527124779378462356210377578156156051639958189724445900597506319500876859026377083344633049205156554563333291918125675389995868162174676686128509701192009057432521510741825647730752000
-282002653345815887473585454420532974155440892382706446400301087306726111311707142973341296155452332237582636233518648206367561224630297416563989587427141438652115348230308410049052934571520
70885470174544355512607662343569765120945355022944022005246610569774589887315067538544565968405857715565873801875557937538528029747632932919704363400962010577592912870301596895409743680000
-17071120280778748010807453373239121451174630443756587898395394277579107290599991429327428721441115870292502535526191889139626282440424979679268652169787838791559389207508940896298805440000
3933554514242006550332936964683232349070180011155832661003048621406724602021592545293086640637127398119090161247225770373744831551663491892765596499542244048927214672982252252286067520000
-865959069634516769146840607322904829914698861019320314982464179797089719550104624517437798813253917672091853743524519221474435965094595867571075015874086919263663530273486494852984000000
181851404623248521520836527537810014282086760814057266146317477757388841105521971148661937750783322711139289286140149036509631552669865132189925753333558253045369341357432163919126640000
-36366523728913613358318835201729710505783952184970560876869845631997923407665806285906034795808410552330070850338627624508176003930037077708475880666126256592034656770141261065075600000
6912645006322422373895315782146969765562238845077048761719061566412828416333169789882965291765235063666046525270978804658578909837940932126404506242321519848072703353002057888402800000
-1246404365566137123657698303654910110144814594379842811326573667591278161335488471487814043615039335515459996859559202242203757100790142159051445036528937354103034303703922341408400000
212702706835392924891867353620227874211759545130663849823266401214851285258810851758871786534681531322847916690626200866379840300726079083847801020746002477789687391252886505454000000
-34269852191671553130016646011848792528145382106766348881979331381071666467937688419159501000864724521836937981091978152082622832958299222322233797111779924409896988934721622561360000
5198579600759218351073316319465462281188026434994300395541183523006112402929274566856438283890841613960987022711751593563990971091235158650903996587450256231126550968681745242800000
-740219655981827760097262680378246993667825823088322830009773332858333990792286517764295093710104101042126477508187088680201110752012978793299398750269310689894873678718522200400000
98593252825883406131581293536332586045246311503959752592352743606521072654955956580468024968671513978555867971954159574470075105366973241979524495353248458175383799038471219200000
-12236497483833693169183046301867377132919958823615269047243663199822255352008614149557288626537109079933991452463464426792265091463022517330888872626945482906075359003903744000000
1408861374298676096727059219011802333575872379115767617023446406174735192208863798723427983304976591027280039870833440243154233570686560555409221238775995119873892534273461469184
-149717098156055244640365414378883138732567190650625612227932472331230490180129571474315492583083098314751192313379627028585539812951326533205262395733484981628160037411482746880
14598265806599490974003883941705158651928320176818370353290467823680070471078393590466136465017172851551703558900961365599043564528133879654934882123673138798210615892729610240
-1297010383573111674438908403138265513498357369206925154262102056168172612742314742442170914661261104013100316197249875582523719343709437322839205028001205148423249427142328320
104137171971429079198858353404678147435077983329590679817063808217359013795108040886763676265505185051581927551332295175111179648465727654106067983834184429735762168029593600
-7480580242653521398506226355297987338242972089696548487897040341150080022098418438786207333120718483290106629638956566904180240491863342903951457939092279450914957122125824
474841519309061416897367883881219899400188658037378566126276974780034376402731639180765113918795606849469659107941578953878628546846794227301606216836912269833468957947440
-26219125511667807043629739625351011720275674663693918615914429090868678870849858258145473367679262035458763142010672961661726268533214106905009279062578071554189484922320
1233674375075770261111837397190664153414810003105122184740159724664994625075142059739673435904865222869071061846905650440546341461541172147504492849347913588542176954160
-48091985671399341584166228792856200133863957873613907262794497398651793273378400533970066559699804084653192807645358237086934943157230291225894795859405704059835016400
1491136123775932247935094904583233660955308516317969668976586783248138442322501886378716856643946588186880061018116432913228042024520039798956738049131869167299026544
-34475997048591378436866377104249688290022326642310039908957945180132676364967344446594721880392476275955081342075621054275981946662836169218843857655975307739110800
528360073642534381964679050079696289276608117646264232623736354663183607248202994548943060109738433691287593553166385249961147483965148447325676508567187572716400
-4025586011213341515641195613526289876227392010865868388912794155004377120094304936131691837063310942117257178830381891117834936518521783338498915988591823661200
