72
-373176
483262920
-277876179000
89754005817000
-18521636640396120
2648594039576645160
-277561844759715773400
22204947580777261872000
-1398911697588967497936000
71120670705423107595066240
-2975900461004604907056366720
104156516135161171746972835200
-3090798393004930629059578512000
78657665226064254988516212336000
-1733614941582456179946897319885440
33372087625462281463977773407794720
-565246951303245217183983393879429600
8478704269548678257759750908191444000
-113276428509787466030956450499189292000
1354786084977058093730239147970303932320
-14570862587406318681547674101639799435360
141493913555391937610070389003526977988000
-1245092944424101076701091986410998265660000
9960743555392808613608735891287986125280000
-72657647790457303151107563085411085992242432
484527627573049589652652210634664461025190656
-2961002168501969714543985731656282817376165120
16617869313021258602032572983785260709764192000
-85816178866172801556037413161212113272896416000
408485011402982535406738086647369659178986940160
-1795038712960244793988194526443123902927015450880
7292344771400994475577040263675190855641000269200
-27421627032954152780062424132001750738154174566000
95548714263615335119456266785210252572045860858000
-308797844709920907541165192002161134638962908683120
926393534129762722623495576006483403916888726049360
-2581586072100105760999733836716387279724565734023600
6686379438818833480705681820858232982112102385906000
-16102700778693877080752736692836099548636838290318000
36070049744274284660886130191952862988946517770312320
-75165606338008815685356403368477619899036080755148160
145729236777772193675690986122558650824661789219164800
-262848569309827077289577846792175825040696088180592000
440977351817313195783341346271171012258357900005456000
-687924668835008585422012500183026779123038324008511360
997425748575522845025866895350437692981796586983985280
-1343296334093336561318222731402241800190513737563312000
1679120417616670701647778414252802250238142171954140000
-1946269105467386323484284600943585448735006107683620000
2089514511629785956892727947573033337761902557209134432
-2075054203590825500443643325098479473832754442626372256
1903156222228271908690915475682037387243058808325962720
-1609112149445406117173700339887803059701767415369940000
1251531671790871424468433597690513490879152434176620000
-893241943602145919149536574351675579110112431532999200
583341677454462641077248375086808541459665261409305600
-347419558594763068785618838348099269844398978401664000
187961830155311767297808051662764765492510743368320000
-91956046180550399226707012922059292052210800332160000
40460660319442175659751085685706088502972752146150400
-15908074723822602254828228529478099295847658261171200
5545478701852832211620662390608910784712763285632000
-1697595520975356799475712976717013505524315291520000
450923810259079149860736259440456712404896249310000
-102351700364131811767206171077727334247643906056400
19455281887396955955749933345353129650378593713200
-3012123170358851501280063193366100491649169666000
364790003330656756210388276013195561272390790000
-32410453982118842234193287282835900528926970000
1878483455290153305002223181290897091880665200
-53287667944156302839777408237373196615539600
