-395
61629480
-2403873274770
41671410315168480
-406319690741194962270
2535434870225056564564800
-10986109721431565234719405200
34970805100204282021440692764800
-85220027097390000442904873192046450
164068542045375138630473549939018414800
-255823874184251184909565882742414463276900
329619547775384270513561647793994913080345600
-356815449491490801888364605692886951707481614400
329064075123939588278774875650121826895392038425600
-261621049808614194397414337233075684506541050795014400
181158042489698184387187349959614185093862647617169971200
-110229715314757017514874165296324773429241760768277145483800
59400466935152245258465200714838875137634584273385500100571200
-28545407723055986848729290791670147215447044462809863429503198800
12308843068703011459336831916328370626441409222323641498310764371200
-4788909256417265395898236167446506696849860775560291770436531763170000
1689518498300280769513449378403621990754396233344155180978678815966080000
-542953299058107378452255020178259851371755257294593473150009672963181920000
159597478620679517806827687367937039411913904514707196032011160882954510080000
-43071646621711823547836036759823688957539243998101942562465456507108325759420000
10709334216022427806933952179962562022402557627688066998731411105927414116822188800
-2461071540125544581922163516575449774583158172934487455896340212862008662180784331200
524272381200736037577756248930179764326016641459580471811904046223070640880695587788800
-103811949910693192869398543163482189787927486526564709214989535764943506837959264979491200
19155711813247339408138815127564589940606110664849486129392314052493452039407693907939788800
-3301699772255548361875037440737174460596136574316418373135536352658940830681242797187955264000
532752105603573726520073679199239563535774528366078146318302610810308013495063718109420494336000
-80641708125644073422205019872618487878524011397725076911604709939656789452879268916678013713451500
11473189798121937704079666629002771384707985518749249326332770743076826749927734076101400121861636000
-1537060061284901704405807864331341004825554506317627589896046602257409240427818554179712573938226389000
194234202030124721503689026447748234732241500063647959931353480840364857484266377295526127710724444912000
-23189555436666024717240971738606201089417434462460019438440117852583961445743095904752671461846205738263000
2619725263413455601657866855519270004152624356629815022842509033315723258840645902297610779841699630866912000
-280443040819747493324012961491014041905759574565230911389209064320621756977040086027054689722098179112907288000
28487555278641858453999538857467214681530228342292200350610359811829943418790664991140077436438564803195678912000
-2749494202440168119849299242540234141997065944849045649464378008713649382779217775785504036326265856083432947491000
252449692552900242885199430274021355391073852582856098584729303615050267897486965131372894100381426110256617993784000
-22076611124094639664236819338719279083890274134514719174477849832744483773318728303928976200010736492740530696337366000
1840824011178158553203556440436118751778186535945344155459327731645869946043909277980829548195162417255145516840729984000
-146513807364892186624267979519814618978692657612232508042651007666105606464855339222514485667274990553940143359747542616000
11142284609478220612413466096815531517391935443103114191885558113866796738561838143341842366795233849534213371556109413760000
-810443233440540385744775119799046143813929769429374859243343272092213997748258008886389232906941231827959000851998697430240000
56432384062874676312231023009058434430458769313965017360513394631116336929672274284684855703401571984992911577660041486613760000
-3765122617417169321784924083322687325991559235118062688227204659761212859881142220189253777596611565583808750273211474550240365000
240905121606870145726733518274204297279519906678791029744363218930094362509946102638214878104748794315388186360671320102584808760000
-14793983517877895649078705357218885895935317469144557136601345274497094801735790163012775664412623458907988524408825767499733105951600
872645954343290373727124679248731391656278411144188594435188311185867848082088377535590962528582215132448762540907222050318743578438400
-49480381052465837052594853160907820155374357350235998331138131308923241248444479338807079129380456289320331627786403917151227841786151600
2698891442981347700195932012068940040201437356986030160307461704032745934895574705010560852932415803070311118078647797283817203633715558400
-141709386126005200627331603030131461116324373213571362076308351866512241888177828364013018392191101231924645054150783811497931492165485401600
7167449942902081221812143888796731752329794744355840792619893499364090250873126525518674979836442475532056427532254520052622650678122071552000
-349433754566440145383175021369337857424091195366651831295555770798557523713565510637762977994966152309190234422506014450358872589135014476248000
16431237700105404632520759330477673285879641878527423877503794533555070557975895491903624723348399164416388813214151697035403853086393035279552000
-745662657115276806363035564848410250147346019268096033461238637719099472785718841168103226483677159583522691026779313977741316175987469428897648000
32676347132143862438909191957551247687008546728880333619164374246544760119685347574589812864328080618072072789425171982597119027506415552014295552000
-1383525614338063397847425995591596924636743815319329125528091595702662517011955306682458951623668802280454359702258844290934963268795941809938610976000
56628993594771407617778653274007680196150129010587235456713373392071570005640645264435696900857633233679742219858325993250889181857215028600077991424000
-2241898250324117477284384296017628194570843595983396482580150331992415087156191216697993962036788627246258285837736708631351083918889916822941849326976000
85889161086239356796662720714350333271268378390237171971581592058815487148556767862491854344032736584670458531454495582677934093315879363171893635994624000
-3185804285808412900087932249856086861223274770617759594841411059546820836668232711079229721346325594866308128472985854340985314663913143497886383843512507250
114462743333897533309668193024415144505016120752609682011106792624664474084316621430018241822573307763480609207621124896795638051120003593604533270401230438000
-3985410885837673319454560415018370190985144632329558737590118487279668530737882841062772433192807854724366510080506977036753358029228609972085848619945872199500
134536249497950025425900259980000834319698123636598799924138158852397382596100649187633834581489269564159412669093273618231556440703316248770327724765452815688000
-4405043838719535423768755463069227144644596802920565507637206182615012137204202938507125906027693966540505890465698684920820907586272228239635897027944273734424500
139954747158175132606796266827494974754782669774622226621977390465674689334605451226704871465946880939883025208024248241097049730125999229666096267178105990792688000
-4316461462097799370449405270266362869350312442793833469029863904923487229733112003395055857202290282048943302971972350088937069482712578282303836403528830175213260000
129283201228600305524287444024181021913506759345920284167428084074780360224960163205832000306254829586367319114445600735137487502237229898705685863033207080970918240000
-3761806974637981999534923291676599059887205456500378391994409650834094196892981477262906010454433786581256323792841215372082128149106094743569514133061726331160161697500
106378169234386439369847025776411479063381931595567840525424949660742101537809108031077291077395637812469319378924000711523979805509043357755104428935235487183432487740000
-2924603177514178973829638400951967085740154568988521333685573547566665932143101425305086759388392234665712849375023627304460123400215662612613808742105691628922311467635000
78197389848556892029151576089453484390278977275710863748677379831826943323435102998379564197691411927773015563733965074949476010558655227899931881744479292620429447952409600
-2034120434099000081455677831693957163461742738348040437564928608440472023442313156233298327759511244933512433420267402795374622768425794552759152579679063233539976476004430400
51494913252913394539748932336976926025797560812124722131345171936664039269792112581884490774732939757048487469497125331417532362801423184211660948827712712953519363997699609600
-1269099077589593571775886696834098827290287979245692465663383699105085915869805909375467197773542360307627754711352476876738366208219624205108588811337289923235313438063622150400
30458377862150245722621280724018371854966911501896619175921208778522061980875341825011212746565016647383066113072459445041720788997270980922606131472094958157647522513526931609600
-712083560566286018163626426301757638874910020854887756905814197419744300607573909463641048000748533728858010495072928822557417664643229768835147253361282517865314149388510490951000
16221743224581523154825218744210623950129485041465469242214694894550321924403357232750136503335448688500233757146102763837025129374826351801429118895959568701451198601463851854824000
-360190732476687386754693632321444135392367972364044619769764450096855683170039505979599662415896166662964515195667800229570447477809480837344611671666516889752433879000171705201826000
7797562066866490072731599586281157290735402805412129251558076793387236052438236574796570656707372726295235293688650465239834265503062089440880535094448782533040931772183133608213024000
-164625145059386927387295019666768384416604623089489722573037860237259519202901312969227655067891242582692021891369695458661121130630053344943102669002967784178652857875616387539949826000
3390480496171179902453909886009015308123289676915719130639174201149372520054216660182847761121414103294750568503226392283567449721488157470938917252268734434018483771888127123314122368000
-68134630295487601098137124452086795055578207326974907878281479494676864289229065438928674944255632336208150655227965854342123645843031822167141743143246312898016931386149330207011180832000
1336371340354988414404154438850442231043852338080775125376952744069460769576138213608349236031763000938580686176842766398759982556120112589727202354349818288755185832456359488071350490368000
-25588646528819477928236366780369631257930458231270069262141003337211223188729254965400262534610776025590609856274331384862413348838332439942838235060091090608846553515297190244151332910932000
478447280078813275985799629546757210936060167388463872995850417656145814814235270470349764224970884041670456022428175157639548872156594834653972221353330499120390097440926027511651181598368000
-8737569617982525166691285209963464250335395093943026964556934942195724648937747207941541836170224447143716321866381211135040773693057319866196153190579186923751074711598639829587777905918344000
155889806260018137692022369527936488612673905658678731536227484132322804315017331661648974404435894302475694270960829085609885770861859759245415343193929645316106603331775080664486977289216256000
-2717775957175630483928699535670112972137851393301074232539846855629688720171109697226439545379603615213565208213285786944905523893448356324906986467041523203271503602816642565918284836457235344000
46309972189237567140649326253777149888055033754091700323134752017028674392870558762682825117338936570206311264382148934766145969397715916492021278479212801896790509303816107618773632334110477056000
-771425814459222303063041385464826269225094201361589325357840766708288089091469519434192207582163958220020003247300149338987580250077004077924866450665103338432174997048369065674476252786938321344000
12565052047147443606677793203693015133084636853202618374249594759680703500991248682196814904662393557711129138764888859039465296040035412681989514487287555761720745104278144338409751707443759915520000
-200158715927698464458849841844723074942819276452020746625999214092227039960614608049547764685175926195096913816507657173038721858326992068189040650213129207228999660157765852015798311460298497117792500
3118978668769841435338370540111161478989944843903653288055850863359119958642307511296896064096264597196336392403133878635587761077741552669742202568992257609425764074151450543006513469344576942653020000
-47551434366925130446030773933112908675050678257935945240569110710527457670175479811703750374952015679517364734700048484350416031316534348548138592498377275242579113025961009991415733933246803469408355000
709433827045123994933211293500204260595919842627122299444646224317535656602769039892518028244769262393811564224750524392985943655058557145403838133811113018576766475166628173144043901505466849353205520000
-10359507459426423136012217913336732715351919501962553377640446490596814425541934905030494507444243154105633366591919532448577242222992580715759546348976777853767232453620687898335901071733579667680183605800
148089875087089376275448060483718822809869454901890734608473725031348874305482513046874505543922097216380735226928739721574485616108780520566113134672403651970174777503850915801091504547052006809116272339200
-2072760063442622266686564976518610024643983073074608868168065389541527722533512978892629024587800818795326705544078239811168605334811296442268162320658409477465284628497527317365508072245891991882960466580800
28411016814551075457865353249639946775721504623830457458151324034835591978502528356928131043402737662922163089207058282626156462754917474168052322746805850935535095629898805955511614839636971429131169686899200
-381428933119836086923185103552789111626825440543805186486750703751335195599701704898407635048212660252890567679425640362598146616140792483956056743134331620608183774160685624444701005847711259638748892295205800
5016525651009182095588375511578632307110175862027369799598988847523229329882698159661597014239531586092438305080881437875440477037679356931848365329204361450175659614811738371381555178949490489579917404336040000
-64643799615874730014074875573688020035081457181121470800475079765400574176253647547102435928687036206722859536699514285203555645230380599039283816985597213421990350655836310702559985119697203497311023589926210000
816310767164355399293815111445673786757964604194062168088871091987296131723822809657601692447013446294275844211535415957515002267868591622561227803695493294409789233681386187102219618190701623969537823961671040000
-10103175467988126697312623740004193546824976699765004170737098740601685259926507598163669232111051793594646360272759274952231073593259409741474743395857776703900170058597272921490357193212266558459057767912447960000
122574877927588631820337584073660842909985644424789728237246726779335857260066199076652128422979164189538482026357765586121908582781481723573363808774726316404931075913344441376593388372896974227970913466709191040000
-1457982587250263953284469982462945191390056518498996829466589681959992831087192372074971701097295554213167440135829868758892206014613616286388131089082850007320636785192404853316215158807371654195100307495547133920000
17004945192615204215793480590849369027150124335230893627275935691614220420303051102723945567282343991774126598269563790287139483250063721679987013231520321195682557306979088307844605403883981510790738948814228174080000
-194506261254912477366570821799717659230271603136420906292664104669044958555923315949452681277043845526446385399100389205531653395743175450443735383089267156048926100523171760961244565366284881309770887684535576582045000
2182174717075240179937776618978804369229523751187337563776481241950716938122589909127949981128059608014457153005993057876704717586387684417633938134531760960681725856100516390340986095709335653294113735307058388193080000
-24016179409707181263182537091098754241807444799059226254954319448674137653334557718733576319695693880786379819736394357882979305298818414479052365146502249803427713717466971283016381985473266324638642155065655140417670000
259320258578917616966538094261542692304733695070371078200943426636723391825797719639709239958604543378169757146189573860543625315438281254261525727252969472357616447550418412038921689793994890824831614347325183671201760000
-2747549787852088713830437690307214632817596475363238276458851322248143374644185128664811729463309389482928367016580065080547273899875172424109056287806822585058934253181896743904356895975034006391603628558546678865900990000
28568576711499371697842733515053524872286172249054122530356275973665843770425504746412056565482475364266351964911384333647803110366910113387244257124791577139816529027752096934792208572247968466195872165571575723796981760000
-291555825860440406322547419938424370717950112235193900149824559906197218157227423870288685005144012621201729428746956707532782949314011348925653273606004589424380105671689221957117755696998604353267712625674122517040714240000
2920787774865159084989892463960499606491863196252633814762708238580097603040527594091846197978232484040262844691741986184410050160404131488170953746687538667756532682085200182453538118367277029021394730875547893281368821760000
-28726150598283205236923161125583733108986814247866615556650594047840716877126022257865119290879664968902932318018608249539380094025502439028625786414904351654237426465299755266665440000955945085774654775017324332359295790400000
277400319389910025901041200230826481926165681689800804170581762779858747008782564777406053262873475306561859357335080168900738693648086663453536519806354542331992644175257195452648491844488446144878341008882547872842474969600000
-2630513200686058248165738782704856254067518844355023871367917265554423771268918299868843574548187663144547661351359214600834396664887436157383472046626490624783645108273312001033476268974935754994240387552720484367163380790400000
24497903888152743931096564976401839300224544589480166790948117591880236081479642592261258793016157643361371359228045997779044428084868808568358892027330690929309039670518644173283936307323190437944906711919367133676769892249600000
-224089859779188038577315346472811023396025102235028354512230865711522068458898949724177535638588030461832304910514141619512540307343178528637559170444331058046070962579264879313749502971429462272796122796874809312207596811590400000
2013581844031872039440324777266090731827323158643070782305101666937452698344282402641569664234096606517840359003915870936291882185662864986925651681944581155178775241352242499561627533900076576198436841003598286555772581910226698240
-17775351591031924568878941623145965606882559420551003216759743859890215307398137720320820538721617870173142383096485600645651990201465411001048321842583213927762041528110067653758033336392153695996140389884939295950174576854142197760
154175744694587520583290248453817843917195271417781830616394142663723824207562147344658782942835851792779585022361333597118490347896596511711988097990577301484171279162780459079306456173843185160585036641040577081421391444205287178240
-1314041452935601560166701268575413668361881402346830603583001371808170076670421497641326727839388499767793825201877379445509223063392860930906599730926648251742624608982533330462245657139382093445389105321749708509934358072526276053260
11006330982271250998273871138700526335613994194141616300090923815161948078037980291282896738967930211623951357006097990303038131570695903370800162063306288078895137822151398697983874086576265471593781326612989686373937297372814281678240
-90606851947247798528689486519036137659307511376328542470423063655882013393907337752942781586326230218472321452276531532598235506199589796240388908109910492838833494053657594311065472325143368860087859589646875154838699792721466682750600
733175799126077635038047716099261943938120054761522447503806789319410285410614098812694273189418194339370692042942035705537053512784793279245111901158126605534163179200926995886707986070666556342126946801277528786289913642356141800214400
-5832122298821940214296857868404143979095923881428017260472631129847313186879965835028594981538484340773135748843193818343844189274878623352654485457553805420893052731888641101750092606598970120269463782920332114744522975249322980351900600
45609840597536995957090289450141650827758139299068697820382265813701052463125499109871429440110111920696054437897679917147042216492148184753960704407041846724216255453589635109486167156225627822804937637744760213991651891236946340096134400
-350707567468330112207590731459768745162493792319175542401557087248378848993722128347117308496689855356347936076302894212551513242863355297437881515748265801702261872032839570613257162680603486737962515855746340943729861047627196715901825600
2651714831118567323029135955838470951077730841239088600435367167233284246438129453291235397028469797975569031073500072564587024684036782440984366138277696980772108969334721142963338107949912783127091066388029946888668030307985059393759756800
-19717111213716773646673553139625274190677402944678342135017063751212497249588532957487581797033327359741675674443522463220971502907163421946698685695890645981217959258414514709699660826570261416018907183676436557398984944865207462876534688200
144189451582391682223231136966935192834760382469751746394794720136204513958629851330007753590154317229937846255603394917782389291013139892520436613771387207885239075921623028983671833683825872498113438350615002190972085758027540919845577556800
-1037135857341293584468621317625905778707115729420765804080307475266615759639102901965752577952789777802673604176581003950469936330196960492404007970542868679023731036484973962046437274198915765630333800604158454900312291494453401740252418573200
7338161598363656030805776543902066330540735400586738185445595626460713255302723622500193593315986428483861724825595443509396106624048718345509937663945568029463284903040312639490510901717746536138354737218098308508477381939742137130555697356800
-51076974288610294591973370663359153017552031991073763109664050170403204380340513785693311784088441250301573255578156039835171624805400326545213941112437455021404522596799727134821068865655284244524236991070360292768827899547414339695717398566400
349772324709449220206711059584144083719209488626967778522312883979647596054377491516494655174937716693378471370023262204482652064157055583580886615301628935990850426257165235704596328134690056746969856692937132523450495727377052354687075575193600
-2356695983304427718037292762654304669617909161592366066148579187183044140425698292745610015211377362015428114402039794999167704428111571545372090678510940729649520420637012799447637459666094316588973998222531827106154919659649559113278157841766400
15624794103989490552135752535068707999810144872220970305841839301752085304041981110923704015956657891955776910272920301570109085801049167383997582562951699367351136023682510015057601654442290726483776164263190131143041683592187814873186929803673600
-101941684487588454249030373491363350529818416744690531042970514915834195056835242212372540153103794827585122608695655607596377705870859413879902051859527992655746905936920481164502694358981629537773128543933387811159865274474512793517485848100366400
654560161989271882217317499231108314935813853057465954378169774727116115703817250828551387427777041699119693325750939692057597635793865439894733745590310535482798206967146965860064862709275623667033167820737567396270240763569998912002881783284160000
-4136570879218090916757957543813256239289198176558368420356955910288754214221501127878745020126122044954340156137107493665668367419785880068623554519362222833756439466238384341529530755803331299895025849313367281215245255349021907648573663076769840000
25731006122494280562124004868767765776310651214784101512828015439741458950381660215879929225104022434845785849753595301428315945906702709764639904867166113398223220292188378437273053175624072377559803533773223030766273600953034788212813063821884160000
-157554249094003625058100513924580054496190688987310923986578079747697416722248842668646456701980304646820290538477079776427463613082216678978418036919703537942069783090239111778008544784873822651145836822187657327858079877347606776382884447263281840000
949711266643662047645387287754740832075051698708972437799190349270567050828261299999501978365200319312466941174773961713464658824247311600721040285245818037996466224596556862059376401841851918493173301513104862584715989437690470214975142032816604160000
-5636008750159776662748903893220078649014279025338468655872750728282331798304159559219266740498372117164317703127186366124016380867005434732723417959442126823265695672855789111399032624708145662968931781534992301183297888429672001575758037330303869798400
32930644696780232714269548364999419233203732681535553186701957941523852966855548139003885453978120562128812845112770336410945060507255472866643771511280992232917373813452903319022179833959826227067802625464576743688596021584782366472031435695469617561600
-189455255528944135760622517236153384863948811970324933566897980935997751913409206812003785423659356095858895956770885815706337793788300930960316687718619319970204737043714221003624790759598946586222272886919018583268346251085130580584699206374546270598400
1073296517033040946133141772215375167120228785862557622705273298295880980295983398290430774819257942159358509385412781124170690454997194081773393047908600099840602819761169000496249530153999483125227602254331777027584049144940222866197636377144125260441600
-5987805231578875634252397315738070205199458189774377487877888548837481726344293617996652276335014297063693920487206091151876365466782920887390616494170137063999423110127361666666312999036326429955124760780417569857590570008344406611728076885797017586598400
32898659336874571642926803149944860232521476838718744158163633233987412606761571595236549447501431309569514984570705682915616243147360897279315770124056528301682574424008813319456953834455570811824202639875759384857521550097875615931242711713848338040832000
-178023978854934067434475171762536517881349472526875110923915626929263986635923101652083578245891518233312781837735521888456385085627580917234377648416620650703495913187183457315333941219001465509464062353821452894169220718722844427447790165305924300963968000
948844912412098585876571470058622969417833108957391560417880620043774007395068092119117699526643843540090876981392426614379733336419695345960631179292545523421740398834817391709980602117227333067116339640376777776963590455715542598092453274259852771448832000
-4981435790163517575852000217807770589443623822026305692193873255229813538824107483625367922514880178585477104152310239725493600016203400566293313691285863997964137093882791306477398161115443498602360783111978083329058849892506598639985379689864227050106368000
25762147104510855659870808768524154817697763260433025252964509508396295293699581062422969964055436654759685871021306514088443306851726490393554566878425655731570077932147132889287644680862210544727940280336713837537062231333645137952859795188940647183224832000
-131251095160383919899947274751357925472587139579764739008511568462210422409404994533848275686012903347540313661248199300780672589692829199592943530668697896437110445871105070589271135058650539464693031682145152432061380528191041684277411671387405621440316356000
658782164451471375126836936624770322737760009563123012382369086964523930294094649466910846798079656538265690698006856287518561267288910542951287570468742375604869312511641298713264602278873106227168017976691212222557534517949434330898822116978010916703480544000
-3257788754941182995554641993297489607347554938313963864883258743916433478032994120654822306367229686983411812394376917232527297661561579758221347819806578808427661341528475818789292537279165927422195265242835018040532669839734626463129859516976193978840664856000
15873397608478519548064350705119493191643835751980597918338181487916211085559836158059794365353460286729818946340715051272311861420268578763984448167446289518755366277575759930640470273853427087973492049278348831173743735435006428672924803102475447616575599744000
-76208951508968722141656809272805437103798961437295606357714568610690527263059788937169214255046362781273601677648356404511539201120533213385430837574887415201790663743942605000136573690973348692851318219484826971320432585253827525583956978726187986142206670856000
360540420729299225412135795567946383800525481473780499499490778220640584443786990453898798752983343479450501233465869785163865899148748498954765541952084447309114324709634803453355029987047467828806236424964029895539824315176969156848986551329036276037326692608000
-1680877751149380976537656899434551603297637831305527180657572970940175469694762334033311248983779109938362840868127697250334471193124567096538676673285031821068174197311731512732220472761140990873091464192143415468504343516710337153840631922727898147272438774592000
7722792194817923941684148032053702328521858838687835018133987242439324607723764438799970246325989459323104484831955631785609301186927087004986907892289104572569528091603715770212478127495484313045087592087363788033714818059349412368479443940286921617802761476608000
-34969549507154389798440185751293055955478390073807539794236880086840565624706094779020514365458750669322281613733303631584206855902440073920221507069956060568273747861219050423360434990506320531869162392161181245553315882327200759995182873264335631720408543065192000
156064516591853476463302399656973428252130440543671588961612327418124220327983532261232829490523237817810836581803921924871305020158559629640667839962357035967733797744561641509863607213679410394389934356445250736431072288258615513183221517375626797437420066988608000
-686494867534234366622744552124316507493151635090458503347576717059828425923699188190630569168953861854297667836049258640112963691614425360486847721633724505100282319663577808890706265295466956622381328894917041517951559330272543152713392228248323758623945536883280000
2976524923410976708659007739014717146678011590004059057091726223306770874878091647876642593670416416036909665159388160713658287633037286854210338276379403154975349461927671725399244319251068110817413713710651557464244399922344451662857450848679439123606522039198720000
-12721565300196298878432720305866679649239942653180882613498342191763501088103731275323504806188518187537956157802129476365456582835616129905800749797312334853915567918996644829340381658005148154403211444540579150126302263743278624009713322835244624196455254636233280000
53598132182617277669646573547013426344032871422215796519485681346273194333440078148056823216316862888027869948017552155159832044814054980674324279008383045732879062190978680423686216230004917026216290230571982642732006089377274929771419397782518832325711577019294720000
-222615653449330824735116494152576012331080378797470412093037552636164219653711071047694459724819302130618860420572703328021988367133128542899180993560085863980176020328094136761729356741540768632899731807510775708181630127265918388949207882539105583502639222440193280000
911542953225994626017423946668833696206285044937233948619327644100407939414705903979784008146688668969129962342524636647639423387379406343822279072406033219366990137114873624487211798706586526908265350813448204858970658545604772766505491215360125393346317012048987340800
-3679866178911331417512036644724657311366856230125134557105446234733726511359425315946797857526319452670478197991037037969739871357451168126569995342371579547024236494578958931705234640252451530325144429683331759084756646451101860462252878712214886373726872289505223979200
14646640270852161972551978085817800379782358341207308842695927852352668807190618889760346823776754140578950792450775782395693542685330871100602385623938411158853911517380633373165946525612681414198480953869984264765323335754942627986883876405194786659588434581765884940800
-57479418568300362070101171164268120092870793413207233581923190414385279388804719838773238366848421493300319419395338705935580444105438891665193827511239931255619688548877204085747599953958036224051676564990143714972385711750578251057856586166466512057817369787001385539200
222419032857031680999326600469105789507022017120036379901412716217881604186559857198291600938651561762284161009154260919344496294808799211766717378051670410935886878219905473342508986382807439318461442128327392352209240350977924967359236321564969383944834080574001428940800
-848659041263905603813017005647938371228567804520509181028152686494926336961835257596876517470395040829085784097428873646727264026103018597366062835235733165183611583948636238949619550665881780424222092071434378998205782049063147348450172538687325311425312136140769341136000
3193098747362841804230875986208829870611952683264126360314221566744317938990374567089569520145013104384983061902428884380519198831340999492864392702374695915057315047887570506330267827394745330796108542385558660994317558026181123737351181826218811000504553436990805899264000
-11847452878566616972037763844374212049513331624376415704896091799735642404898442961896968469850931516182188240878831430963959366488668040655492293428165454131640474480752031843934797918567854000125967152751103278434446993085849724925860330806186393272944394455971713435136000
43349741286035384074938619559683431804448195046868777055604750956206714972875738504553940948420488646030058176843993198500992114785613993542996317223974501701295863745511391024766173900374169361863164353355107388284015549725810919809944205430644566457449142078203286974464000
-156427059994496007710632567727639566993077491159053391543778852184806774619602318565774173314259885320086430098264821747036498867888813680799690367407128452810302882145716597651957074055848650069986440391216922097095637278309682013890036437655258035194355630864603537523136000
556692941046884258266034967106690993710937572627398191089328391412986563876334913113551331181208298962352876142254354676086064634298247080245501439012074376984511060492279958919163524324393442761850940530320558405441888108053156151696316672210677244314755758635754882989568000
-1953944592969768429789176784044351389620922606849703287830560100615318113797533592451885321829198246464896155540461441610661774265180999095477251538842559241613255681712251795918461891409029117849716668333226242531344751736408448905779050676085973150072160857191035948853632000
6764183037734801882712075974985644480023746950007082879453695660158653366807006965250805842870983526096098515974322979656846685505612142940950389267240265708276881804036671148923484306854969512723134805163059739079598223174888077747089958495932499232323929901573337751277568000
-23096094759418108476900634923529950245975152944596105957881152273755275208228734935871222836224342545065732939290891565979173688702545807555931245109773158271292507158016905582934444591318599359578447018500543582273228643361494683980210595327286949407426555694085897837311232000
77784848798662862803534447071480281470053884265465410575206017276723905507985491103973897485768408094442706965887052964742266774325216842535448406026879147634992687246663469926635464351893641761281192858925825008308795910275783333656819670789001684205678574402209060592365568000
-258402991473120327471298298200755477986044655693516325851290349637426990804575069823935447534093527443934671271025064454202668778696721048228909974869071517455027645929532316646863104221630055075391885141459267704194801926310895188055238199982576924608476538370773451289181184000
846756591449321466714971732137581559177756155813319691279478456101986573524358492010431159782233947664749495420175442151070525382542167730859264111064616800050542060387599332837164631755449228473250391089899035071140138742877378754992335609734304867613160804336387200485564416000
-2737097498743831252583082318067663741676991137230658304377005542197504939445965773287081907302809772072461334194974117354701466881214931884139560838177376370193756577090026152891964374040014255482340219527546086103302139560004647618913891698989515579688906646200310199573034434000
8727791149045539500572047180080131777535673422527012020743730309002948983533357424036791339950026403062596779251583821389084846043737677507330679430732531228922484662687453256084618660661406566865431069682509971355091812622596902617093516616262952092489182952806465791416863216000
-27454417747485183758455311233991569800474833691666235150489677105764431055678888619255279252453599634184763792613873871570633591196515567605892544561722649581807419405114914006127163317489724254560301809667410803453022760244888529703876191377477804104519658853220445280583776684000
85197141201926408507501031574253918118501785026077994681335487139518813006445992296439788344234707609041476069123921547543320545987872109861809868725398360306463523729219194022958718513183102223224605221321616694476178453882888796977183184287768070593907159623405984039681410880000
-260827534871339102929995023490640073302761256641295472627998368049554042036524018846105452607692100353804637625301834893924989225663464467116243150013675962028396203724222724641976049708896071151895631910516816373923596204256368922420073331968453639485600456480350749086914073620000
787785315969978208380589468254241717958629788411607877542927071279768264870344492078257536469974419208729016565419873712961208407208860083421308383931640639158970584548390602479679060080856550700626101935714374193765061008480366399814252252828319766186816024808698843179976810880000
-2347461187555576580992471234336515960964317174574850623978223737220023683053221964826908572287493154432785747479566244950052069363803342613135411353925063542168913954125281567500219045957191692413984334614633427907607085809399165472724741414846881527540813050560580745820020177120000
6901361614604945528281292669033472241592628032946198556754645599406682590737312543446074685487717557932442308642736812253853744188566964480484763805696108629415258154972899199884990333742079381773331788923867634926270734533811985581083944710540979646029434069807960727035934170880000
-20018262033363470122970924548115215420769616688064567188686443891779008689757417196333270384592810741477790471506838466043834516736962051346206118013897275093197633185768265741666400086810619006756270520247293558558014049357138390676131617126012929085764127198736716083858606554408800
57290451457776239932140050492593590946042577162465719081821771454742607874669231105884459665556772089122250574924053632282674244775983273306446280766289412028808275524647161162209743413217272147649489434248485691312388714211771225552264599850947226865978353090931760611867714270611200
-161774902152152635555855032786176015645377212607500799390417271071142486568161539977725549630553789748082414309707979207068964051498224897893393954420464472683347669694769398987132850843405237577794378543857091702742494364282778462389899996554896344150693359020935408034996811733508800
450735207491119828289476848367531010515655076384838549414209259999133580960713324130227297589887255786741500191303631261103889357587424831384598516604141058885467884289224279019307563940799722335704321068006887838629479796391358488139939285215534923196534948903096891672843163774771200
-1239142742066789898951623335853538431903248309162653633216317455479644220110876843051114352411606378491573152042167847677615217164365140511675329961701345021290549191984954357418299670388863788752056797122971934610000003701108682556459109805897350418781054569613956465767933331514508800
3361386617385224235109698043719295210873772926699405453579064602609861774958714101316526738249211829816522054320217361933328608131769804124473232971658615881668592692118615032615970551441534132486245684045658549566686506173144314370882534631107625169328738154336491067163459840396288000
-8997467821711995372840877818079720607690192123924468990163831867891686048538631729061244124587372102390162211994042085131606731762644930735573335376042287665728479953460772997921940780650683866881425228698800758477008991179689167807384678721200962281055755448508994340372095386246912000
23764788400897962340232891968050373625894307540835858536506845795246317539018604508115367104116792108569838234372743985317153806949266089778740409449904594012847124721997629928652093859621503356395065968475704792209712469036675330947479950499443163367190977120596838746900797391628288000
-61939286817530860101863006915896084052086446297434177247481703927463249168298744058330180057953809054975118554597470981147087195483686056525992680056876200200690057109309697401644294464330166881713758174724689073464297978019705690480972325681113871681948543155871397326629086877713512000
159302837348702798637478483756311203194697917237218589516977279504290910568974018508940860979161711601660326432492348616240204296820567897583757735590066615584494946907998641168707827597827619975715996620527700127498754425096628192838862547934320569589451412108312910905492505578852288000
-404307711343618157312920165406465565024185133486977111829652653254370978807991315682839135262872439252059683355027349634301244125207302991770115296052567028328675667407658682830104843625552298543809816819786005368940999751223131756995231081123556230188193861683059468324200650496894384000
1012599156480285685699329532658353055018008111325709123277859649344699840996524419125789962901806528747370071041058592431057836188250827986665504727455480198709836967242954420841580613275164158415780638680025577652307837565651806640282029749322814264973930692327392982098822338514537216000
-2502681712820100886729423812237952022616041273900211265637858840086743570615319708991453250024376357684821441378422692814042708740367796003622083718193356086527398543928324582180126737789660686209134236499108250071110869184544507240325029961385892029360297152777214752681543346932478384000
6104096356847651121292757639952452533990184117011655046627056091353979513544685087133466702697819882209693875050601545020404019889663400881148037116101391062416535812491628313732374623572322354320305893320225760318033113810861094429795819070447161462692434079166732254903763816662486016000
-14692297085312248568629997857767466380670888397110614991148872519299890990447137140135271665029216258976599400667149045900386817809802319323261135978485899105142639664493398929915405764297177063376124515564572568217671239895567463924839796932402833454256361169370026415533823516178032384000
34899171875982366529704137691354630797137123764256257999527229910635544202295200821781564712173238404232138760265072260462141105365414703335728993627642005878737952085697678799452927050726447627013487762228016614176318056041823851572685986007092073840505104519130965936735831737725212672000
-81809146281385361903875425136440428147549941893281521801060819789443990780624653178099878922446735918905709535138689301579301923712063629310814135460853449523141526956032866782779646317963409861943547305107937865994721567884907253571954166744034058296086307787912264521923464963204492128000
189257813062689710640713825153714763122629498823218073412481927086641690833912956711960084314715912932147898106136640356704173678810281881598735344996995718262289396259899262584656364571209030064785454548392157815413387175754640289135772666831491307408151755721803615450747617898694908672000
-432090353823644817233988947542361870077611801443859611634704603375719848858900549537168190982050990426962778646871719875068587415297415925329189118498422532345271058488244463633065403003550857904622645483441998045833009047145741646568480559798915039666102887963374591364817087989779822528000
973570442559545329112691178816492423595568101399663165315417073438706235213782635582755642924133321438237436911147506027384996777521318457804747459423563573223230784689094258210704107716180227864413618596832344547129924098137182821350186259963511078719746095470780672655857755187080476672000
-2164886753728741034003169176035640435732913572585511325765945506794230548861226366830456117142765469417155044371120874714820460292990328492174296390918616313391533330623218378924112181672601178179907349204216551278612770269876328536111855293978778509239931271178569625921212621942345791360000
4750951491813463667586570401183515580426211755779067708296249118573182513649222720713245192764893717860165563274179886477208005897583492743907982726893818122777136187005160392428534224942079086874453621283445196295056021961188845392490184431723785256943403971458483789945727025864916592640000
-10289775853982244244417216767971951070738460129527097359208869555344941049619180310682016579841683311787028901660766887072146330604536149642429226204272645082447737475389940456298477633806965015259842017478618287836429162408880337351671836223249504141534694491466805012227028010466826191360000
21994450203601452556950119116980967061779150152390201711163827912384038565229954157619409889015495371105673231533569487184959809325338827693934264284609887222422825769350863897176757597441033466630339783424303917711216277170551274691494088020803339947084636442819190122055222695018636144640000
-46398488512456356658574082398224616998610117675389637693817363295159799467694224681717492772289564125003276584115848147501610548016537579172816644217587530943204593527981895580601534895797511786697920036186207457466010278265020764405691121709861541973432750375397968256326197127013464948860000
96600507441242468974097941427612338403032225244169240749201977112293192373234000621294296063196445605438920532657983106107056824907517251255602455319184706398296575957516874947069664750954227008749842406202987970704542880575470391473774700804333956029625913867989053910454936833327786777478400
-198491006645997256565952792992530489918157823775360592986686473019775594141642554843844762266747665632492937406647401303994625787399542407432536261322208390472919323168717959684000592175344489982404401493629050523484044771977348306734693027541585957227527802383342141492057623261823907402881600
402521225532809278699679851278842323244926545309050835931937155478943322894391127539102297304936328435113857968232002302824087723031741027519849194882987986781388685863074228398364530263634027929929366734814594956276829406597158661346979033281949313715533878744973130030741007983224029730278400
-805607702863554366058660191730186868127219965768293282956191781955692948931504834185436713486897517442245323500939245760005403793319970918824881311265407685686412362763159929916786782339926667818132141513866675781894383046548456915304729255187890284477490387013422388071874523152943430231761600
1591275305456006091680560197177393195173432103395108625345324641827930406020499165619730297473861910465809950029963021925676469680731791301759243831088575536586665742157074773183204783697850230912328135363024460711880928538618168248411072923273439240809983872321243771973018260640996401234278400
-3102084421080352139972736679280126148435920333886967428898612546096508943683629044509162323761663695969501911093382545105583855119574026049034442723648569985075612564460271001597693635516839415176443080516292958618387915983837402658173759833886076024735909013858757353208270475020846009022400000
5968261370772535598998538978685085941099779336185071946186300077443301178657373216871659841582193768539063064794344663906592097261969374829895842052822413165941468269293102867413009864820764260783612608799023637180678341983184031530495134641143908641207761529933761828109928225624334901337600000
-11332533448913568496456036009226264645257478967327781992646143991802594079963625894350113471119608080753210171764395418324866582421791990134330130678517082490568965491045340482916115881289887935053990640455354762624526367958966097028242666012551066569561430516512343798206427886946950268497400000
21236836614390959578468037345219902005008655164399035325827480799978424935423003628499385586358644434480439684551613260120809494174942067606811880393995356412174183963546736159626332503802023226816717784401369930011030127109973932974733295316784160852491327801725944641719853883962403664017600000
-39276667526896743471982607822212620646965108843661441822105762895993409211508367200936961774873138345302791409431976828825594577134966181687380968580968583324283502005340317483914074554889456683404598460598698433820713893313973815078133283721152297197949891795474188909385782069088111926572400000
71690141905137016604361192729362284494596341719168371854563348119803271136623692419274707956672020737103148466649945936543593180175728222980316915037784213654826201940032666407940945498105155883878379806760503433755146409163396298051169488439875990177516506889702095827362369082192515748275200000
-129140337675964014272101301805231769625437309112727010553657105600253921105040190260223573947589542669721735537749971737063382651785597473488082012511236935718454790549438691971457683152818733565671394133016276734509122451970597299396290283066725047014508288202688192549975566066634819601204800000
229582822535047136483735647653745368222999660644848018762057076622673637520071449351508575906825853635060863178222171977001569158729951063978812466686643441277252960976779896838146992271677748561193589569806714194682884359058839643371182725451955639136903623471445675644401006340684123735475200000
-402799422469379271783245046244560208307498221780694176834121783981320683044668821199108004063912509005472488586874120352489106428990559753712279530961537176710237209851588216363107941511044529513452088924457331109769432428635451991347212598653710955671644287201040581371658364719008701732844800000
697440067224164274022689869816214401751454003378753468349678418145490114596206738185195953045941121315755169048094361081608910597729072002961420401082261741309663713925902574380294950144576393042812020149936588576541656219634823335589445472895198409687300757713130331401454787279088892634675200000
-1191762823203791122754917542303140668270605213238781425734671845589754592519646670240935966641436716414986154749282768914190226138567429025893711857231277984173674497277030570892023098402429366063173143806553971018161675580165928590371374490793574713081121129824910640072711587464311185027220600000
2009710885760784382622675982909020327010488059872578088568666160094401332789453925897939641478777530561619185977578752406663926394446518973711432553583104472751956318956310708070596414488861104831036490366714108527794410444444339970994540437084173511096870369648784417129210304963834897923694400000
-3344519374310699520435568334989003997178628112889169679154271781793600988576479903557460135888312562428556237356751635617544445910954719378746156821678214347019985226449713098819554626605062702990534242668368344567095332223311075369050934115474705186889763047202038420835837127451682142383395600000
5492694386749215002688609034088530739392616977011297715552586162529699901237831548838900813526139292012932812984273173392385818331567763492578829513439118605168759628786048493134940972237507166678691404037455140353581549860079168910380927480266812481224434982226030549187558489927929811508614400000
-8901917977073451464566332926131554731813595463162508486897901878465604235597573372680675567661980216121940912927296664664369712862715700276058832990496961755813767263872900985187068655439143190769622663332605634197405438129017383247005934420240937743564641678984269377528862052113948192398795600000
14237136623057914878773310469115022977994255134753866134813803920578059252267672532733775168605582686342462767863731442028812868551781877992530578377137997976811689418272361425705265987874348126845210756850148119665987872726125261003124859714171262363718543959724945610041995118749504814165504000000
-22469672181433643865370482345077446123426090846473775541508553087621287942442215875617524829439331693930237895695305808327217401389915648509296764660950377565723240872658056834683129242446478869172768097296595888049091739972891426286394544028699568661120933555578191391855061666280759721332096000000
34994482322134424519530589757246940957292423214092220112638736582691476587701643751539522680162066911938820237954812842105572761567378997504619669082018408346059752737407233821309187301878323464297394376776104425558073411550168856398696323418363163072744457747493278586577399060521114354965504000000
-53780460841091115049599227277002115410773886814178114224550045859335670176673827215128564373887856506623459087404508075062773852043935845199241606095562271970569619675020635211107662801782664739998276760653846358093370462622488138587102874379342880736194050643060812065587316867187764209574896000000
81557620846804906395437456581230091440180060544447396200853107399528669742287703909215143895911869488859278354125279709193436374648457668570079398260175594905902129325722814230241236226428820011186883665484705891410962151862338103296942963188389461756099247071227073654534312045297049112773504000000
-122042823835158861930132610028152708831085442598711083674956589912654701402359320129749541325842521503129024129113068556837058191023952055248266811556526760217191946323011619214132985889228086264740052717031313895907363764046802737773545450115105990571826913317384193016645144544582504292354271385600
180202086386594148857774573661670093908079113225226581288855126427116886132808580748715438362806538313789850011692101544915326759286552848167723875466013957595023310975251708159799160003167465543264053966589751652400542956249738541906418817979200642322401656869515518343842128317252787722289546854400
-262542158518740193475531640995077140943395496893285281674007387757673239825736689018831901498570542506458659500689168037243495639580989482006267017542061561014253460486603415385688745317665927808143322263839292212014213826769684738531805484036495695205198470887258208501678910840900497178980082585600
377416914156765418032534791635598403365893546878291154033268193408896574478666862109341440239536112722809292640338303771578957564900003564753216983332817831840640322769224638256019240874726179337188769414136079491644923362090320281534512543846993202362191918279647413855715394084211597563171292774400
-535325258812875048650555307951236504023956112922151795127260510736169580165669382552602855956347419851688814561112248741915475661951057508323549707480358778813087533267545685135006273067228562604110718276368319458753414531922672184309965099741064246930402074676859309233719697396802639367106482585600
749167221099140783194164291019800413166935890440842958194243852010633322492516936751816376655557327281871312957496572633822503425414013583351680482594581297531579631331744057628382481339758542052657829498646936881915582043905623510529901177646087604316287409390145284740768819117401617568730333184000
-1034414561005251317298228950959636224167829311982748999695418272775118999008565751491319459643321639837787677585005300309173042487522715380003512805015580246465074299004794128886943090117697307003829259239243510002253099114547362760075992243408459796554207327092054087385672449846108321719006944572250
1409142977804485950207050039993705111443392181183058395987750829099821451570723433453692859859611922452191313697231402452999343984880071447428364822239274603036253768069998887806501104883191765128564269395602871443363636783759231959614793230676006883597955434032834086308850464766361979060839207934000
-1893866653707215876321628862866967925227409829950387404054146038731132847770093279853987394626235535642321481801995350262120279914538730721687232518513727319004661654127008150081987190432594472990903312667508390153758102131961490450380070566815489631235452963824460221670513662467152049287328531653500
2511114557733704162185282830888621146694693578138478216875001345670187981873603206322700240420326075672256553679829973222134824715176173064053147823179215614876800079973056646455662090097593697257090744650480258997866171285836269683197999381267973193014506766661242228891372627040121224665883766184000
-3284693857508917019840734235522578770657962716670043436792485118208378288419724312412496579277623272800581150283120789677030649044962324011670112370778434034696465193367123283473992904095853885798198951120099362453939588697486274360011584249831664638939463917781366036830171960739981054601786568414500
4238600855102888121314717961265641494633337071478156490183740870377552958195673081110202423699302655161584319585552911668497264773687528514288538891691364856446001620025302111103739995620174982416653904071596341174543908704567364855807435326803814512724925298052776678285982825221110885390928590448000
-5395565254352098754859876612280068461082623778375863764768158338594210055359479481097992511876766582813856993032241695916685500454367314391746501032790675842333023535333473046010662323834370231026012976978033912478480585142383906946933592248287455800017724746068843291843532796029454726944011583852000
6775249255186657165089988911740774425765767481019156315006768359480962693812299582330917573068404029505708669878245814462253839544659131385585075593171318668213753157988754136741923214141567187410478438728391526583164563650289820899288179506964901342600579747351493486335813507957818094282830026848000
-8392167311624898507877835926906412353677871626332970981379409230165748800420712962624049919154933589634962175188232939002409201590491249905104654368728288127126737493916597162976261035836021489353179424026964418308052307383004332363616983021360952823768443655433698937986174878450563565503650616789500
10253441870237327048428883197274050266223729235163672626591004798123478064451365926566656932196415834683940970183700764206574716930781762077009317833205939783659296218982471151062487673545470185639057238611798463379578326428789914087551970711751794265280633188126897385250463575237570009543798119196000
-12356559653361787552892792715082268530592899091994618141172315960924739259959629164910569703649954517039755816985046928361275645004958308419703029033857726262265313603036015780710431079138853203392740851365106042935062246541021075023057676954892358884140063193487370868094886350230826461979056501579000
14687335195994675617303141908361894629021586744929175087466192052980385556424401196788593393209086197812856806913337773311745894249325242635637417669106991156550289854912536761551979799434833775795526501722195930005266373815034041902029980985141591583645336514235658486988010629594457925938887229696000
-17218315755707669882665151646051179127565251524696222314821519785211091616124011544480902655123611424343399922016456252097102863133318037914392211588834898674157537258764347681268632366509974921415670625021032238560556832557358005154166106439768143697573526674024792273653339872779056468895915621904000
19907867074605471083363928736684482670618416046795715146933121865506291634601502216075651797767607222209010531578955457711364048882490848994205580220951658527034123315283928972867412809547830209993237616558085725832014853845010435776428644285965671761222088357756391160748649508936954718891500733696000
-22700157072381066993204754132193383017766197995746142957322575515366399068947186168879129707673969140550397811214000993446599952858121424178920971959761407613987812079327525320570695333246411333411356335752961261451114330944670678654535405435814766325810508844149520099276152132104037873907489691200000
25526201599454229062333320832410483832453312118308567012806573662681863001728386358719435298791507026091883999963195735934886650601640768704021044761440286575530963259748428685257693977489707841102973157116904083763549324038815965550661781872677750333611130872200051304838193211934476161527976588800000
-28306054084948426774747080103965566934719698576694327777596022246162450293641848849152535566448881216582021183512388372781061252460115839982247385019373412507341259688486981479336430466144478819635718814649490807959090480285852354965152509280606013666735926523115327761410983581589483655491954034950000
30952115065369949797190194959717396488775061455356719351701558171627890473918020016510821807931382731910644156925835618727815586288419279678960309269396552022679538160621168171315886933528028631606925364873739120146976851713773477709885667274916712820302312763190258171234680701005200123280498678800000
-33373418435007619827011949115485155420771650723928699914764897336500427646294285821254921872905289317031204830558227229745830144046849223063724200477494558709626058055358875570086974950478986489689767720192395812733465144245541174904597139967995537669703392773555972730343600725473785827420654903700000
35480632623796530698734025902611656143207149992778412868060796639400124069580966347489530163062284444156150325644713643260360245704022182272045298755577686218233852134226163250710648410162122496146212558062395019421759968229309229253945256904817735254798714432977192826705791713429320734209859891008000
-37191412444569538696744555165637971688969593044703889533472308218591951622977979703327708123166881308829873547474332331714667418336752615420086970441269201150490375696621309984850800316412456931248410608967708725921656580854102507964428098332713601952851587754132480965391078062980700368960343184692000
38435666321789494721644440125825028386249434373872194664940506881380799904803423458602014145038264805549057759393771019766271782565016296215918575872367456560482800912813713153549884162314668310811739598440008746766980935961721284931998207788331110537779972403546106565075146634025174529279403787008000
-39160276407070371666541649758651060506206546141931971431500445788867107878786377083921396353636690764630950222975323791048807080779358575906237314098210313868704728361314949891616265059065515468423311263919630566859619660972023907883009043003221623814183179015418766847479195190592829920940809657792000
39332832962197170364934833117898980159777657064539371981352126174596754440398171990715823955405647804394935987886881145917446240460083643563844993839422350426006994799669172316981103369406588576498351355433414219233469554263649197902457304224815706841999687415905510813110229786119266383253507307008000
-38944019881257083540536561489501381822739038643301897322097688702845319686682501285450457073193410852246899311986213634589818423669821337138309536311035203467076440960769381391653802921558500487891384234254066055714261149868823584020130717352695398515436552750761036694740836570759031288265988580440000
38008408557758841528956188176782645721147924595780415841113160702069017823159537987892174920385722241581984126073701796279552779241538373693680248556548383632258695383806329802895209892820307260531928858912062239809068036796532727282169091096466840480662637266304232872475118469737895761185017210560000
-36563569024157601929061382120014702232200812075622423322028543670702956748774304808758856113681758176189117343553697765670515406226509319525429212499679441379349912674872592377788924752409918084326154238162462569886242063816854662363729410466913255917850867832472462639922778507789079568764335315440000
34667572043831633059286607557410336359604950314955416316617256953870066097403209054400885238279139318347049090388113143302529159899814102904056645486591892277120640398545682613090184544681536036801443996417794674760350077513724427090513759857352757574422498716760465519923786147504295797596281218560000
-32395113040214569927164405933773800350712476446735205965670576762500409290011684973481704021075437057187298438968727676770089271132824453503469615573285860060433266541831848255132837221633885756269688957622653824166990986313874929892195640332880628665277838050281684261197379465275382736176280985440000
29832618718473989911380702540428196567969138051287084102581214427024076514532151874625194961852172260727730664633559005508189319553527474571369987625506707694926541549141548162313773150855212737075687707358257999971571877824288639654493492113259107715146596320850353742536952711635563295364553003520000
-27072784180810868467062914676432155643842989246527812678498960410088148266384751106430065001018691558774985567816084544719391962946095052447041699000608066476193239921893833176932723693271450758721590576916916879552665276040626943040165746810053184832847776154095565895089924480805861262795435044480000
24209022710264848763612354689352630918220437493987453661541592443339759481222732186808300060884953628830389308879087074334416278244941387937686549327887770209307983339448241164517678936876761610367947595981405986236704507424497300156204983028096460829295436394833772433424510162296938376967798123520000
-21330290179987285548002923575576046731945261772980530249796502668688669013397454800155977246690939623704592026936156472794095727604390451049793483692990043097348050858774798810572392148749645727807918333597573433643959805496355217890572149458385385969639030998876916030178151851500079011467781330355000
18516676754466519215196225750692229406412270681483463622696634732469717294421391779678272222483924838987532959626669806437460239152174007290552396902294633502114714616259479807015489761292900155038676630537930152092547523828830338692520960289397564975787027257127811207385408721652778686168269268520000
-15836052028121336439393442771920791915055916394360263032847270548547971657565500639160044347231347134889159430691417667396127558870631575200629977969055190423776466691729644293930904888002281137350259413215703046245618081467165542336023425312900355064012864868833743413688412869261309239032732070610000
13341921988336092239488028968953094299639226027553271758900528690209214462953355269779929428193729762184341120478602072043425615664273439155344707174269003738665205177722980863549160712906493138521237439053165623119086647585567700575350494863352616663560111845656931190068446614288669788376982284640000
-11072524650692557503265298577032392401679152666256533389608279117187725471629789503716663378077694122981869980603611855177622912249245318400161226594558652814220404667630604345158591682374464732770000028439212946349334892449361466274305408695647571164033790043987264354715159397561462784942574163110000
9051072113676349350011597024331386145211198936588876831985819232929513712414729446036885336113178520126917119114247871832460080956132738459967084503019814090912312524964126437417434447719955236366964344322592082878203886038583911953146295945506225512320880267992058886608941582118291563048260136640000
-7286952858978012343444363752674774751944816081242576586851094157530796540020692852749558212489934518454255581031530787553207744153550848450768770460000993136800602946685739676216412672756536222679678395079189926135074855679797952807944578515338894987932085438582296564628507054445251880940411109360000
5777647196431862702644769881465779464340043775992390514136460751159149224492132224529957100394202605841351739054014643391799303034702769814456135153577345894159627731356691038884601831889698355241572068491400228708074289478954998491791737058987460547742762370148560332770663450235247110426755145600000
-4511083216087327607117718941987679275201310886959727021109856002625619057001943404719113350082941541076984011104662250499789975818354887009645838085750007478925835161093634464927144890405204241048674941031640319641283031283850352582005352224117435041665159685211523737724939691005558568950692713150000
3468167867022392374976422221880266840425037117641746847414504128536305614729152285304576527896527151987628787278778528040151877927394653804556702327690173419841903176373452990890943757300494629923895972077698646587006428477202955602050527343363466027112476835836532483052234013368624062306115895600000
-2625261386751860702651795844522920333320699744211925868542524909061967926306341445998591716383636454256119034161375292029492470903984009992749269032584806398981944207682085080634657563955413602068760541631401521578140164054164901113975029261612489863165260634450785438079976381836992456333942351900000
1956414521436627861584023068483518576829770357807802474981008932129892854914751428934913194621350937107634976476409295826365548276943554118599649892360601576333296617404852702007845835515995076388732814237542029436158547331066569409933584070935118451063436924750831970857600546565561743277956345600000
-1435247430865037272900945812184714600390950976380668426784679052709735286063849589949196040831941062472573325798388041743730948055391090674228243157145652434193398990712837773889644680999373054650734267333707916594692978750374113836565165425372124397016260255074152009731923067633235712221411863536000
1036408294797123635967279376788035099126693708443933854526559776873121945182076307908700806562719087771720370272223697785254616898002303686170225276907508359230791443454230069413760483986964633143890671251316284977993547993559409097509292201957438290420545147713284854302947371186154824299661700864000
-736601706910270944333965796267457821592160572727558400774813947816900986893638089940681274748936603531102650337877859678720116682880217175137495862839585975984596422921655270925281438670661752609755462492671077020289897093225236361449605607463303225991734540370190315564792679571704550961891705536000
515217628020672907463864627358004895722229665264548031937560070069493336975262377148545226930668158158277377970538450883123561011533030815264619311049100339115193977652920899669290296873674858734852321443751330282814713500185731008799223101099712228216027026156609279093647972544920208743901336064000
-354619093022495920304589736426758715070932595847176200695942894055687344958226546788887350024161085442887224456024717821855594186965509837345991708757382092611434964990095281196588106971061115924355320666503401661612286952836242249596496085503068679931973501415293451716887269364718550445710916786000
240161277725528008376126346626023101848629438735523790850248882832661141976546868558988476769923659047588230483521174122836897971285429935531281673224564061644938487442902474768987376932833650128829725364038853046832293233310220496904910006844324932391446714207616097373436151249419711669763910320000
-160017749113780671051498853428712838024201611060602693273486453405174249079144587365187877282228706526549426626899937335529830701124852495278110260058175565401833347142928387568481710661097853367161751203992267960387243608579940905008761912266762657599320443554818239769226665388312683063831225180000
104884470596535928602716136716699002448652810373370454643156947506690197361385648962555001188203170053625156545993809258874797837565267406002191422989674731066257009125842651597688316669672686072104577686530640595877753198056578100009774914239849016285113048637571237678741912179740944826483440320000
-67621427582167460040381194528272344501202295235766047989017141027752141600814931651615222082894397070013579434870207540078865644958354273681270340924602549194039308221724388749854688141274362802074423130859973324806873664892249675057955004320115172088608947205710221661215361895188226582608299180000
42878391633254225455167405468310143646178734646204162183544933404386481719711138571185806660872407873890115869175876303207285654825133808252519679527226743942814967134572128407444436472442842256457241482962958337021055070299183757257557291833527644022713839398650199099890270007459871495035000320000
-26737644314492814364213389934323468865736323347281835784067951449093235349153901965435062061943590445815454666601086237978112308692987965239669529611540714159970727424966022838877292982425986703623311091223259920353659990506540964137972119803581103725922235441874226649957590324630934436420108160000
16394053601872208342090247998522750980796589363087664409366795140011220201881938794658460112297253831108443084212433889817660821897302119400888760290762197584215465299264741043173447162764970538680088511842352811867675603819231659486960418035706555715533258037498672855420073578766895873879075840000
-9882678536031630688303314460072665498686356225502827449108860388015680603495172279846247306970282216297610008060792992771923844199494428712232426678811395837846685149841328373135078206753484921312934273950331867944681460672628338781582062487192804856418547777967410645020805983682817808751418160000
5856431984483380980107352573711874860330666813255133260372811794410868265640311954585161976272766940046076275433835172231693808233684620168802026796895695544121376691189949474126816649871697379699126378838821126329720900293053015099710400430304131702316398144287233639287202198539228436595987840000
-3411183338440667839532893331937393619963587411440921011095279814000788608335606670046160768544045728020468522271590329284088033115463853013044460190260486220570272039416889207976276455287047231315074940264662445372931372296338001583849939006774473401885760365818811520453413272951330174502728160000
1952685448459863273222155114679203402508760543913774889697272798541141778316578068618008885394827889660494956563631450776882844857226977587714037176183377347728812817726170894563391309249728221100491374220537434085991453226827901133410698267420409062505529743295626045469930701976674768573998080000
-1098385564758673091187462252007051913911177805951498375454715949179392250303075163597629998034590687934028413067042691061996600232190174893089145911603149758097457209970971128191907611452972124369026397999052306673370192440090694387543517775423980097659360480603789650576836019861879557322873920000
607031025529537250765625129391909911442756626410078852205247389800144573165536350103573322163112663526397933585678859286280520161360084714372705543360890495135789823890653231450863090583568946839537163662444336229958373626495206475401454917214283739549704382079750639716139728717066973454638080000
-329561828375035843165653902424204402991562651265176803379220431820514785919871753065902050552559712237082917524893744844706368788604386801390133964598475624712728898396233861990069959021879264570600745839087224628781937724656988753471137182172198405769335867653182131551914355111503638202929920000
175738672526242322633828710027879322372364223113506687813307824336518060388124338482995537299988209872476365568054895001554096323196788999622981588771451551177872868216440820029570820416104955854001816729515523208854306352048297852009687287402759154201189468679870236991903387012417659254958080000
-92031116349802192883193989992627233029472963520134727870982735156697079963995777843267926637811208539175245152216247504475961087220974708054515504862002826483529614825260146231306008250133088453816869356643261055418087677037011448379096492060282809023816262284746498620027530552157197046358662500
47322683870283861644618650496106999299634082541423495710602083049877602942637904263814479915546132832946702663454602127086832641815550353078487684607179256397000544558977335118249216730476718574519201152865233681352781489699527514105240132911385024925203373811347021893067212845134431229357900000
-23889091821829092264389730195755723644363137169675621976280078207955360669154455336139748594379076218213643031787713918578101802643298108005874810964318211672730657601572399766832705652655008746854958407682180433969425716140995424711453780686651784167374616996448000394516328339253706116428975000
11837269511078192580201971572619193987472291875926645071703696220978446310734395259775138679897446771049013123592650736945753824818103681540815154248688229261600169419537106445438790282851875625927727955252499302346264526848957619414384443887865796032901668761786040586940506568893208900640400000
-5756370706361746046970073605496849126147624485350740209813690637714608155356273277856472474375902684568673515339517865705911703657401452131697462365124270457775368166990071510947309910353846582342483847619311431998499255364201698611919976718789637838016282660993137344942900470921252678410225000
2746708483792965687737672991403940316760617979282152014907550372930804743478875012581928641027649659666377705780939175683578223567650018342604043580613143016065122420035972583685154267283634250888153239479415821753603431672007248379084182973983410622826230969127139618320683396302306603473376000
-1285765369041140520900875961170486533352064284046330127118406070071649339298906178261680604863605545172406041673528765206465552375578877286745912191764116563534794076502405059145552520259451996193258454503946871508336944580626751097247346708313266354350767477916990372914257953655043953632024000
590353753971736713278431540457931962717812268790867060582304748162216947340937423224153138777914109790463270226071208526935001350722634264512688839948480457156657688559343852311440736700596238673364728766992823308675014552931861065477613500466179660645898494288851100717283510484976367005376000
-265813933262798354103960647041592450606163965947523714322458955845906000391715772962533482632556303840346438810800076333406997327022188489062120390540827091622598667938570563929752572190228866723457585014517952055096727951726764963868243192073934868952148729939825960829174696343347897402099000
117346042507271334822328466646053285351806976550812290769527062260518401739800505309833611423712552754567254849227842014721962659938731670636305658129570881145723475843503439794710848103194687479917011505194203869150710437314065252847628280319480638371869022934420817548445447566731053200376000
-50779910497292577167146271723556116365508758218154538131441348108603578346998152550283828634916933411928208308263196096820684025248969053982882498983985562662922119367539941233477949649798435697806144785879493639428165558846880854365881383930721075144851494084339587024522421639873286336710000
21535379937625635997246140226570690216473005374616263631577758495433198531547924536070205763846445304915364690310796208894371743130932522743135353207728162243590450564465236986448822596802096697391085434881981658276122749210590191922822104790546125314029443151621056502837778033014232951040000
-8948522431804250928199579660665228830424228109692984201171187008721657043324743174594929363749555826411930416070227692368006243714071712822600724998794795678969065052103646385690435148027043391976421686774474179223260796528834386161427413462692363600557614728075519023864794161798563682960000
3642385705362269205198137124185318367827538889872778498354775467590660140388186456082359221944466554671147645481028750576904199841989203888220710111423151960662894608047238078299231491323292937444180840789011232434426312006830874602369826890422697683943118779738446795093844739216152823040000
-1451945658967287723528595143025896612454039468013845844628155457960926044165461862342916851094055749755022272642402627464272229757013678401029857272982861921713921800039913855856148707265010520592395548505204027529908778269494802275922261751857425358629446636811906042983149106351994512960000
566676051350119868928959387520911308759072654925430590284813624938191675067473642865847699513652411131833152521606015441613933288992640801649434159560252636855155044257057045101352758994942845194447984179353409719848558593930695831458187255347339992942479507171855510649694193434772641280000
-216483944680762115814883516018188278021099459097566751066412688048817218980168214490868989444482664042170068338154990787816816617249181593097527333720186153406019539255266912009072448471982089448619500333681735471649557854996075861987671468748896564587019900304837694150462911605799224470000
80929147525877980690476226400410336726252750622496402920476688918636105354648026437005994733201454486474059130261852168175741322913217988329109356254120607991669958867486831937035457495676386950933701152310857374674018687244876654690528047946210255845402503212515643730701629627238171280000
-29597184209049997472329288323549107863516387501825235552155356427554489669676737444106889341653740852030501947773803835987453592421809117068542050467888143994432640238808754290477210616109862427759540700996988305479982973038218125324961944358046030421525524200151571292255565171524439220000
10586077912033406393110250234954120914558501856710474866523905731747894148000736296260644960445309073031576057128761783089498807553937417425756410424831617117386371893526814388630235249994168039180203452578555767078682052225119149879980471462075025752006901669172998724313856917450601280000
-3701922141816180393092403682941352404593662954649835177155959249186060734713925300833361354031155876101223720669811376136617554458200000860174765496745831504933772351174926225435789446202545354531658517045744955745291712467131848044102167464138260519246358131283031777079478078615402740000
1265290061182327925826785906337416344614946039934323314048610214907429398100035664952323368861759523393908166891418059125512578016930546126940651352350481397064764220509767441832457716650819674499756934507495528256042464549614194654885979168520317386992950332124016949873554379103125760000
-422553051193896507564037518274390580323898013627052793766054201331171127177469076884363591456424102657992603766506624324592582417832188214018234520657314676744526138105160784903197828990951637304085065650946298255952897539178551156035200850702541956955401943530455747742988505883410240000
137832840845370316571135358577616579065779651088847147137384049420607256981041515818360863124478162700941989835387110940854277918781528571438463293055997994328451028703377421664826049395717430944432748934718655848077318089941402639750502493404625199875226351137066781488877312189493760000
-43898576414794837253663471212748371150031852267167726883288833817378201970308897458746303494274417540188975923691056181127103167936697457484993941420932838766267161479191384237473203215210876274884446614729342045178018874153271397457719446947056847942277970761263773725107296335095240000
13646270341083041196265897373423144150818555210125653389470168882528825649245361948948651369780747313480294973128074595267404471444299986783825043751938794659541146605587743892346217340582250973919130642679988705495372386840336414248566431733174571509046712187916485005914471450523200000
-4138815445006382962972522200304227847339294005182701968978852968322856848695661791275824305734982410080156622166688333051256214321152462662751040074753129868131907949666589202672982771051496463396953744738111112197462962292306582787189670301378558562948787737905206105113339435806800000
1224227847497673227161004166516085832544380364329801869687073452314917236445321282944628378884112761649169565855449108205811370655533773307614389649464803074383028125267423872321844333677466784379455892604311682449192675506006953405049018739910627459558538182969975837684198833523200000
-353012787872128474416116944930871262371864733640185386868660754626512954269942070631105228720868854451964017780074467463132009468406451460523204030824418583701031552735365545690903074847658356266638420082203463657750837473124494813199537450591384442423402297921575887070368505296800000
99190562081885410697918624012234202374485420022017099040180669012058844729801047817989551380883701076050414565605114690833654009792550100450292975845312449065148101089606410749710321209072664303818796963024370409297663087168518406966617430965587648356733690561391229621237031923200000
-27145825255471088927736505061307360282486724132556108125078015743912430771972082678351834367707151661833388965811522204164883679006491772388539363389502855958441551747175958533747253212523763843147144230084832799769013510182241466069843668352010823764567322253637885494301808124288000
7232364738805553712746025130740438745727260597941751228460489677666428256744763774922448773026351621724005157537661259482537819333520717663666821404834715172603189053248785828943919606560661231544077257557199631655734121137181466727352444947576750831958813529544483839132495270912000
-1874925650303244373120440609056314832059540754668832250850492227339903005834343985781604928318532415752492007241632371157013472485246795681129277265824314679584089582091007954638330010995084899748412525745696743998691210171159977827586582226248650676922044884608231900477586523413000
472699919186629579131136291713384962273852870568546685975483823914086404924939215123425277693064019238420089235152537716125923902739877000203495530685076278389311833904221251297400473685059564000161528531862136037227512127833157022618430989895012476355503712371114553406285727512000
-115836300379059399801606054950894848275302018914500145070231516714367514194835123665176568456352763947082914554584404870284009999754531606492779407671869573183451252093625158847169325117259521137611800406053132365916719891583105261958484130268169572412151389313452047787621919038000
27574600367957008482826277710984689135164138602935959945304070632263641546082552747116025024325196734080439886034772038155289029895940870420816363659242905736985023311317236781710611017796354962335679525344923395973033896032478935598131512858917573278036434670926890963131581600000
-6372557680352013803919161468541145058072074671296169445445737002496289903762245040164446226308710130858493275960046381655806246028138904129491939742579578542249671346461704236361586968976750414182629384056838320166757588853169387898731803750511589475290439457429441590543814650000
1428824143569107222973848034312013128227507519140670684533086807925789769161860150081516648722215950689391865403685281188524973020581544966256005697054932062419686371776080316505180183645847514187501018280317710120010865986144798535839120149821647724547855204320973274732481600000
-310605704128919948965968447332846959875991596632269794495929680375303741757580799923700378811910197888308314050841699847020179405499379110396512083936577059010914781093391074702340946728854885871055568414749319010436805477669082051176724559893425043332197761052921541207528400000
65417565295702260959584791663649396566397808047627899393995354195787158435050730775901204075623950865373801232113710326949013041355010797344860173387655648930348700103188269269483807993482646954042351852095774514624317377160710757963865980662371717911943389840399301018281600000
-13338419467121390785933858948394562532924861710328450937394500267157991216405984265070905229154034734702952913260839470598978932236158644443193904951919757121793706791873071106837265634473602976547601448237892295902373354100862513728357704776259048193079506763368453159013050000
2630817243444174221818769886737623524576243624606030516146962000498991000886268671583110534834564719583219141062887928670560803509781399749601799655344460501826915381084440878524144810648395046916303186942294669116064216003626200327450728919889830301754250211751158447213200000
-501514342957166419181761015693908712092420423569818139890931730826785615466102054919093466856187702297765615845761754419273522118356041842013389069245138791521459762635988046659226378276056566245048761583937174759534203626160572863923923713773754241080270172917155223969300000
92318617449999838077793678305758180759615310081350763845778901433072360636764120879095471105219656420968534161713279414687055016755414026970507215381539561863143288652858609079268986115581267755237595800074221637617813318429606776915197759725703184145307570933061016723200000
-16394191145250016529800201189893915552869434782213063960627730435777378739150034719268788036127228715802504530634522939169270902436587796164329974268749579995455700086894021049889204008524873573639848686601454843251943678068245213848249668583097378183152259966217792706800000
2805686305961346420562541468414946703737460034036088258977761335603109290693344279221830491452060909891515130782264012107782897921217502364771802689641511907647888624366175116813464825628576599579572528087920213369445043047145737479752992634224959448871244340249695430400000
-462231561753567993635184147529408602860506475940924122752099308096875234676396838500302913761649588076650895975049900588302582745254778133776381151704279959762020768395123164717939885012967369704392383486908471355148576062344794413394463812331740497455429330115638929600000
73221811740930044117933082669612677728929357042338699396675235821447408526721580427818626376456545161100190190168942370587233593335431596212406865094866820761030782873719070172189008654282619961636925762881001008496982076236281608774170718469288622335224407244446630400000
-11138664813289371447258531988987851295883105538377389135388901030523674260537211117626798218789736581874889370478426141425948127778704116800358827296633915513483541750217735147516435545301248329909634242387697171668584060081991651571041255399233628520261977298284240850000
1624976592792209769525366877661405822088718564158080932024332445195924424110510069994629297802155738150886101418052576532818014043640826493065765861152136792178649343984878863773521608036544949180198254939294046151429218127574578380058632774806125079328764602588980400000
-227010060899569114990304174837650740302751954269709991416839722530109967940931373912690177651323801987842926878161106838496307659493285658728142966358908810448624314855447832503057711860474230482624482291555870216552840005039180507805853556012908269847791256570593500000
30320565526098172855339266281234306708944223939773384981271434085726939288628260314956271938898560572391252371953951134610443981169306845707733744258921248547217103946517047629239928326900838072903920215981888522032733056666547718016454485028017128856095163946744000000
-3865223555077883767928662247566585766074727241021666409806114642634328650643796538733839123555537540883007306434556393554622227076885637538516959926520621933326518461097433498290420681689051367528746506316745399881340645252735636298475788894519960184344828789343500000
469397589191296740024888250004564347501948489993474226509815444673286064596723805378080384618550857770553166122938171233164165261671252807472076669267316146780936080319000613726217739204753947097770421484577121063150971703887912016179566655131635009772874290944000000
-54193011437632267541693502454486185248426936464472928049894260745438078420690416748052704761395649018678422886837831559698362155128321238724774558408861337573031376083613635727821000532025304495995700023981497383745782278919084697512681388613634746295448446656000000
5934736896992262543232568446571287131205509842153835320663975932300418899048052749653416201425727963645494844140818531693189526677163712543015311640863748256886636029778844374815597569373793345694817993737351535713315890455849986429833197401955378438754887669350400
-614941438462254229825528344088266644869210570943523183654980926269443444800778949253571284621756797047892527528143749085937736081752003345989639685852004924563803836579265867238241913717722235181950181008505422749719644630543702263542797283423242550003680606809600
60123030689524901868412089506367829908762814723463882529741396558339157448174716481700614027425313987838615360208581903047166873699426848115951234966822115344079097954009938092455513181838106087345859854738943878660260620886907574486492630289732415445483650150400
-5529497678473774078642838023873769301188741554555015819289295457665902886442596436872062434803029388274315139893206900618283501912629603112256901953325840666110575195358784723782634155836444613069426558264917426090216433044111674059565799212209720272172536089600
476725303013897272992480601552848831642228718900657304711597906918877906347805391735114773585541147335295066815445967775612971837330602021304428915072905443495334641358130269347360025242643326684245991726267134068276051453403129827512081212495075750312130150400
-38379028030031549851368330976813488004438426989059149357841590498143737266573668136570008607561744028897542602005258832351113556848810585163878020344338821195521227186899337819688783195607539284656230289597336797394107327879580223302132576836947753444449536000
2872326317111777664698269836471929331433505354806997737846880630278336203691462105081231002215132074937089871440573790168588654539480150985597859018750883181213567088670334360283402157859757832947591197816117738007382024166847566122817894026333522043940864000
-198825197562745444142959510554829624851359869445091171774288953471954400876397705130242553338553281769548153774713109937316096046594727427328773703766362428479470417221697920652001351364692674752635746615639684161704488816845256883080120799594274459073536000
12654200686116828572821888420671552588212447703231811381117613928884689967087163830252742045884377414806165176943885324562735260933051389412576480161176091133516049705034268331006991774030573604637071153280832859544158782144996000112046627797668171096064000
-735364079314067274580286742328115058921932402676007702126714638648904814507174390065075321392030368838663936369033158000882150953066117051027885325121513705261902058393274233184128909719970602879062654028750656286850969809302237446832462250421946601848500
38696844787652047507007836668303575372515248715620577342475116758046601809114253617861949784839513421768114040670997688695434491036705771617591536757954507681179531492444182957235321273845644813335730824248643069910187650616005748593646183527010851708000
-1825553182719041061013437165705829896731520867822606231981110873394651964591425868345134399833800503648474278449598933889770255828995441949448649036696704841009227944779659601643044600082291050719058578509783565588329277270395879130075565948155381867000
76255171037332965284538608848664755950513087148196386350138076797981843308588294188831873120340363832467700832486635621619979571648308293677267981849211689237116693191124668441926480233658586311576030200890744989420961337817549825649852376470832208000
-2776295252255964918725130959052048088032483730067384907967815382411377957104716497827794509064363469588661575770932417380294850888805782745543534172836707332797299097808974836128965871510539852626130709500758404765492408150294867908298177778168717000
86304563587420509894086187848222217710065380655936575935135265818115938370884321447663875936841322492879798920351214248894118982698649903417481940702373572032160076632413330794474365485197556629637121466892021173643290012218971977720439517770208000
-2227123024856183440725103795557345197317597758544056939812004722788330428045502706654048080552940110352092115465999447251212472104485212826519504386961316701027142016977135590850176755617359696063942812344189238044378128191712458991142176904984000
45800817564954708156276622557625167943475823371527626184868903581520992574453728780687771307477343207769295144753777527343567953483438158610797429324810667826802117342090346724792196019524851907202570639975739067716229191559081711057299495616000
-703715445848462007737460341124486031305617574579450784975501622735130306827137479508563020987049714399880946980188389876992424628894194427322552651472550413493595110401104413637770556552596413947998680764412744291948778642173781235723943859000
7180723362774612488227424571296609141772710069584228043699800953263312572820598823595460773948619608376955321437995082170425585242618925454100337190404207548549397496857477587379176279075241331326495612692309338384264547779952471220279416000
-36496629217637463302400461147884669875922261878056352434223652710226710427706540182797924132581752112972620710496135689095736728313189802515429191960813984873389385355333491048739790281831311103201609410280038573431322168816398900981734000
