176
-5451600
42211738800
-145241212824400
281041746815214000
-347940924227107540560
299035894321852980692400
-188740471503917288446405200
91161647736392050319613711600
-34770853170565832032400810122000
10735848624943906298324074133268720
-2737641399360696106072638903983523600
586159441840895710711330574219583330800
-106850969969186237632449473372678719952400
16779963549242614256769361175566586735382000
-2293336262678931693377398335599324927554363920
275200351521471803205287800271918991306523670400
-29221706529894135726507497325067052201464677763200
2764517742451589655212678419777639765676837354313600
-234447952036441599153285733577541388992233727430224000
17921201453665595839277161474667263774566346124766322560
-1240870490675008999891900511630305894232161856960860905600
78174840912525566993189732232709271336626196988534237052800
-4499412819023943172479485401303023032866271870907186985910400
237469009892930334103083951735437326734608793186768202034160000
-11531875070816525712580321630595613285955378371218562719902064256
516887299771805812265064712140602193142674503917045044989693116800
-21446214206032661733307835868472969185166633360739178979153974902400
825898085852727197770446658853234548008355860239078178238031645731200
-29593863040632501908219274749752940670905830973013817956246235010832000
988961138677847919324003230415077159575737524827070654280068626873092480
-30888312775666602808022848034244059255635548186976613619371758413731395200
903483148688248132134668305001638733227339784469065948366623933601643309600
-24795593080666365404140341259489418567461436307095476582950679066622877496800
639623344001272505494346865361569603530882379478881584518675821597486338196000
-15534231924393353723234541707242495734405944221939760017155203565997400855240160
355753089132711989587655245270800365275592920144422899158307439690434303536672800
-7693777728233896183872687251082970354064630815716529419561729997746302720825618400
157349476364406802009784071952203795357504624134169353752421752280778263124253575200
-3047158991659173144771985430211809856841090535090044914383683572275032044921031596000
55945839086862418938013652498688828971602422224253224628084430386969588344750140102560
-974975226680329900528917281349844880858472908423258902724410106000163052087718830639200
16145678186953399690618328584349018514533849546972924640808088444714718297951498004893600
-254340275041315128603915660722733294901475086941417185512610704234291833350153208430792800
3815104125619726929058734910840999423522126304121257782689160563514377500252298126461892000
-54543742983119365097866387359880382375500779570673843983522907394718391609779892868739869280
743918914221561851003981067677763627295346171271099781363171600856130804280835400846801808800
-9687784248715106277877556982293447834497611276123009239689614052434728314507375272141216674400
120559092872899100346920709112985128607081384769530781649470752652521063469425114497757363059200
-1434808862491916614915976369389233673447459629233378627919044880069050141040742460130535880640000
16343046867327927010538937237891127234035944160819875923449088801938508726510472917870855894841856
-178290640084748146452919009659808048929553985222323713697757745003846668633115981947168602851264000
1864139414377218785694129527034797766026756756732816580496674174093473748371100237281934445196352000
-18692493729000755264025114413666482262611483647879403568120263959306114300594083440199447318563776000
179873585060274757444631245009424380071631766515602216776904871981525914703247593049381512948868160000
-1662031925956938758788392703887081271861877522604164483018601017109299451858007759776285179647541798400
14754773220229966532101037269201639862447280047608398981899825355970311460372109704136409247891442496000
-125917389066579341962316238954494881029878650009245330431251602845487481028543393587747066548564489408000
1033540709544110817557513671228154772591263164106802040388739375080142784233097557593600476081736825664000
-8163516750622041634226899853610489937488302412271336426454578890499432879198223885675393590884043097280000
62079009601396947716276558442344659035744379677316696114061264362864576250258493637291548595567101064204800
-454706639797386135449373179345902628868372230073976498948868519271667300645201624317221488033373109246144000
3209443431577180183926220890221912103656783388753155663236394553818646514335486594946632001384359833524032000
-21838608908189696454345035923966535697520470894446075836993022855878101892834085782243308254317814568904896000
143315870959994882981639298251030390514978090244802372680266712491700043671723687945971710418960658108438380000
-907418429361141565595700086985399757790811572103836277294630728015495353434859260649157213116595636700316000800
5545334846095865123084833864910776297610515162856777250133854448983582715435251037300405191268084446501931116000
-32719822692925190357573623207817271506974763893648353536265404943245300820613386995984814502365282409110414228000
186469024135805496605272517035553792982655488348923315827782428863408340662803627620716226593064429507975267244000
-1026735027876526169608741658073312892888114603458732351276058889446387240175466729274748136974833862539712587860000
5463906650389448244636234178759123876520505387712225467729492163511019117309279680115986208113421999915417436946400
-28110775436986776477810103833786526034032792547176466476009597155456909503554090161437830253406387535767972867924000
139859783964267542229104590679209506070558214771754518392986020415421413949781460926659822124972520702648062540412000
-673106376305417462103555158031466729628749584209267805071291511652151060906369887105656681936417759140704608739716000
3134443498135161666114071681848502849805170635013938829312990056086532515177580737982878997329921997459453528645500000
-14126449265995463715139169992274025910295267692131264579895753050995499696402995429085149415344151565794596694167479200
61632015495686579920621032514768949608628937991985434108963465527196432193447971747393657421515342703951495272337340000
-260363820563410653950378647562391276918085513557979282868478313553666560490688370443071165025585223259550194313751620000
1065249214573375739338071218790769833176361703399937591906995756242253126846517902213827652829859858214451583967440060000
-4221909841767737367814002819546497648392454211440066709793228654166340505135173900217757890201343309234811717582860100000
16212133792388111492405770827058550969827024171929856165605998031998747539719067776836190298373158307461676995518182784000
-60329103267970696858266559174307959446475658460244998976264356340687306993178027704840052756406136271403268380670085760000
217593904291318462255603895463313003048174846665357185480720281078873969244282202245357073088691495665388468882809476480000
-760804815309186790586548269708930222734996012720054946534200814392050703612574452821006796267573240832081876902341683840000
2579145575708014176704965222709411979566483081670027539838163758539945129026754664325181769659913820961365999929707068800000
-8478517172130248402895450381255535491582496840518314754144806564578856298894733568496524873521468949709813683644356067968000
27031291903573723274780248781774679136224347687861257693717487668032643527303652994206064969934591378333884080629247712640000
-83593797012412490512984711749900900322579377240027541133154344542956808963350060197566569262948735684061464483457365729920000
250781391037237471538954135249702700967738131720082623399463033628870426890050180592699707788846207052184393450372097189760000
-729928666880887502377299278901893166369297137584459649346625456421361910358554085792790274343119467691972123595294621980800000
2061462738711997840047296086933297293069634730787913449191778264332725316217565835382206211836197647274265962884686391658368000
-5649667534726336309609151635424608388626417125375159489120566080066562136403532983214487378048847434475240433240907820152960000
15026620456257004135387667960382654069560243658606520607169445131670421410056277707717927676587388166931310566294815317495680000
-38790537047849477550098330737826744989139965333068306809604833096867325566230374884983023613731832073427606776929626730688640000
97195845432252991507376306307773215715205843421698994201522295695409980538291138518959273744683427128303215713130594818633600000
-236403989261316943665198592771404970433737780493043171381453286737943987013410391316307481215462150569904031924535145358872704000
558176085755887228098385566265817291301880870608574154650653593686812191559441201719059330647618966623384519821819093208449440000
-1279432845307388654309478319444668032894852241089926537713959618986446863148312083906361205662365634304021037198126515381722720000
2847151058924355510193895318947464098191251780151385877136895561951097705040163042195621791692636228274212578821153674170988960000
-6151252287799533509678168898960570582511963722549290475295762016561013560271957189928812512916189382073916065354344357776828000000
12902866798888301489900927082459692853877095104419391700980390405938382044026457401594677127092998847838246338687272724872674412800
-26277527472493330404145844538584464174031629329900290421318263962686980390613631263418235203936579851371391793572011651723341920000
51958986463296116212426789104936524124200180562736329733502434279161530237956903340161470070682749010228015376524742762327238560000
-99750087406725610227023886671716673280948730089664513873338116595690723570220402519471077474747436053474784538946124596127709280000
185924719130879095985281208885152379192300887445232673787582880045222354583546904104339582275416818679553592483834492590415552800000
-336452069966455223945790965847408173901641270332865040792386942383875845469056170864914195553454961403698296929250064550692126432000
591096819253989508783367182789946364615379020680914551908305290375374616372300535143592579229725964587843038570967984534590830880000
-1008153339992370786794725388971899961729802265423724207800985012242111986540476246811855384279750101363159316462161921041746454240000
1669192155515489080468084423167466740477189759076042686990108243863140147811186323596583606070861964808413298998394291765964293920000
-2682705513809297533165396183855128138154358930187445089476989892817663590813450286093490780062546016161657431560839912572265650400000
4185020601542504151738018046813999895520799931092414339584104232795555201668982446305845616897571785212185593234910263612734414624000
-6336462894389693608527938208206733873138586374038551213776598040970788271011676611949967533741108810415820326418087084465186308320000
9310720987674651832939011244711935487060779978179095661059490998977484806384504409395870661823670088774266602083719797581498248960000
-13275925837778399711983755793912617230238516803407220197424242510641637236263033266651313112994248673060777823176308744190331162880000
18367278128905480672627572266431891181878157288801309568304699933928642467529188837672407646324760783443581506672055341685299654400000
-24653123180809163510004690760032703241551544047902612185026595729842520411426134673536703828348644889747222330807988988299111846144000
32098894034466152251432980240470642151603972333476052726045329755264637158753409592773710692082956188196442868293398266572565364480000
-40535728042502474539449333729053692079390596079246148255909534332621797250593191002284983324862156740839499442193584325680468803840000
49642001908988235840756250987347282198920457077226753810670021505305004791519325838190429162277326683768683172097457621481137176320000
-58945714433983277004612411577730707589495620772090097120712973067700279328394708281136365112894092803302761636806634411779204972800000
67853066837340749974198287105032236736352736799872600685620711220152765982463241976952526952175866826912956728590748056225840390912000
-75703834901165299557989824456027702143864623702337199112056165410914243038285435263542075525154892740770654201320256095789160766720000
81848032197631819436117458690298157948069707378259218497124953896293469428385462527608107991856526067218581524297605555861272175360000
-85732418946121451689084101253563018639900895817520909215674475801081539429679716086655144910235334033129278961963391846370122292480000
86981382385503033711609780147995778536840138836714762211532376593188866747073593324129829643579032968055199779307291415411934688000000
-85456076863990852512442991043320524564418110162074132141390944837250706779796910791597888950949231045927383795977358753151271001311232
81279085452649399907904331365214154757036625311622536869173801149060573971714118981678516197992780851190696354198672031530876298803200
-74818685703731517169858987400293543039104890321883551670693993778913903016804484129269076197631521935496823657436151258735130535577600
66635391954885882479405660653386436769202792942927538206711838209345194874341493677630270988515574223801858569904072214810975633248800
-57401498928747618853571308543134100780393127626757181671366756849405887177674737808354662257098176581827993666220472038898824331628000
47809674492369910235672765624447077076024477187824502319891033693031791000766249076355042954491948731704783363652033397605908360473120
-38487888416298019340703878392968729666410940641559087439502047110846348853539172017355918560474696796719397597392508675946950876984800
29935024323787348376103016527864567518319620498990401341834925530658271330530467124610158880369208619670642575749728970180961793210400
-22485537237275283954620429679786110498949222543393377954037009187961809665258540148380076942928694382359874945106373951427126425823200
16304393786440420867072733038027130691485791797448305912316877903055399968905446242587915003170617111735663387462964404521117513044000
-11407260640378699943815880327455909105466959188436946430065981352091051028999360495980164839804035050301313791689451803678944823529440
7696940570497738716415559390497931749363519175588943092951094683936868341366350507668277314054625725981855326572467479990983531447200
-5005943499603915845878029382482191532019845414055848917664980169791536674466356260168717628678396091270739409210406016743030314261600
3136469115588842883481235380790669468602226185702288872378625466601166540628679001067692645735697445969463486174047710133261799504800
-1892011155850523461879498906014970894703118171645369122073023125782133224523950818148333822579035957392168983559780863392327843964000
1098138719844671168486794875246240249905238383706006078199117912188650385825737985064053345186689441392516038621227913364853140455840
-612838845967336985783461050292089712423852918224341705025864555894224436936600922704374622244671764611939311327524958441881474440800
328606110027715110607557075766617435564704312231778541695082700770102886935058975217203849221850382810170989589029946968539104426400
-169164092144445056939985003501158088130942456592690728564924230573958290907397223928383046640834220736596899965950327729366284527200
83537823281207435525918520247485475620218497082810236328357644727880637485134431569571874884362578141529333316518680360180881248000
-39537925301845193384942458738774219638373092245947427429416738296653518364545670798992139213997242096854144867190363294371460133120
17917825033581561648458629734310328471884221762800344763002706508991977265974440791811975267743167510584117067792217555996824211200
-7766961316560622331487435083589469517152089650245306557223673093143035357970409870743799913598512197308594778750044048638171705600
3216849573769081710703707591230992853342026904082606879434494261367495287048372824478987984667900961193552402886249069085349420800
-1271467727121467141634387375030492423227615246309845293772248418697345666584814717120990926780813068531751828085529281619023520000
478976020225846910777469661811486834634545192343211053778381226527942305332128424103000848684185403061116821993464275155681926912
-171730580472185364484268869142094858696434671611146456937777576723210751549938593353012233585948671989150915301810028042528825600
58512081435121329173310445718774702547538683125127463167165213121758787924217304660444611443411874389655298011420037255487660800
-18914132180766504244283828559697901413013166526030138570034566521096533308665570693561637609137410974690146527079987266105990400
5790040463499950278862396497866704514187704038580654664296295873805061216938440008233154370144105400415350977677547122277344000
-1675195473955802471940583477905159753511705755345437276650303959159999189133781331830537191545127019283542336975510095606652160
457071743387020398326983657679580077388137993733304713878945524688625682768257233865662678823949844183215036058406765073478400
-117322930764318149223693683400491019904854115231880357203622391768628938085713964812692107952417163542017993960872230217043200
28254504877226434591125077095167121121133750231295654042147805612602033959754540796903739505284889729795392552986854993785600
-6364835460456649064374720701593163038837732192841610291128980379089774273201301761732795240797335825765783022398644800032000
1336615446695896303518691347334564238155923760496738161137085879608852597372273369963887000567440523410814434703715408006720
-260660895916351831113266647150041365066092921157015987212992134617597696065616368395025222324308932751115580703957462577600
46999213514562447219477891110882325083552495919638761297511003696481950075540948607120078952851313434624254225389678132800
-7795759492591994613882308936190989749076587358118409463590311765230003160936014171085783730859864440001094823715319038400
1182581005717405488720992729761274471156769646829383945993771267182421657369829633329491285763988954313075062491021032000
-162933383009953645112670109433775593803821595785381788114697374589578095015398749480952132705260700372023675276540675520
20221809039557318416509354560295853201083969283858532274360031248960556138505723734390197918855842476133000778261326400
-2238327817602403885107546972915246112508380120451478688047237852398481006833058523721271504016206594851825931460171200
218249651149440741631801632279717874915783095644928760966057205562663680938370785759670464110423772287139489915617600
-18454287578372584679836173171650805921417883686933334187634471882421231380769771632982184476267406956109445332664000
1325643633657490857970238598766334709095623755504276877976787668785691223061524079933253113243291932210491643965760
-78656396990381540938352449261639161460993372860022584155457289605115224240338712037351463748747016257487876689600
3700977035242398086336756671586050322934788230839353608179980635827487565662232529610371739394802820119764884800
-129470512075204343492752321666296725186699297593932414306005537295311553384622187794515660768697870047959966400
2993438976504262136508344073404931550756028151531004426417091957547829547140822151412371599223428095969480000
-34308476106220277874756857788249174671522151222445144609710996803242062728046647351697712043344433034621632
