-237
13311816
-186914536410
1166346707198400
-4093366665581984700
9192719122897397959872
-14333747292377767768930416
16416528531596741371272958080
-14391395832269299603676083016850
9965242091855808347789927706778800
-5587411588482633182522334565913805372
2588125989349377062925717419424272425536
-1006942767731242013544536933494755990560100
333661508834021022239609871453883641842400000
-95285896091666625907233078239225658596146200000
23691885204231989865574432573401067753345791168000
-5174548349313372067788528314361616801925090709282750
1000532047611180730615996409019125075749391241642630000
-172452815428538234263118269943435308195138129288681087500
26659963222814021545030760135743040664139248530035219200000
-3716998722432787918862051155025634086995954378178835348912000
469707267128649444767220831671810740136305092034354050621696000
-54040597458799265148476636387695828645640803822175630803448640000
5683967566365956735087410299832506438267399479519569183183142400000
-548591682147539293009920834719771754205901977890505919445660478200000
48753562229124675985508868549880003704980191135920417263503624961825280
-4002191462693514266958348583488892079290629802818981827224270207110311040
304364190249284541783499102151747842079386167720554667354339561429623654400
-21501544230812020850355992056982849787712758800003724810484817104310849616000
1414551057315538037584418939986619635023271722814038152573726469378490710528000
-86867580429747190888059167104578311786779116498010082949552542484533114533524480
4990411425978650275284048384505264762876692469950198396960350432347663045959229440
-268746326255461591240760593909709790379721881108792666601932152921691287763107136200
13592789394077892052838469708491106753090065391618273715734089056865708108348889864000
-646868618457099546282701327052959563847529210544200771560276333291828027824046261322000
29013509691842348955883054460079845123296853015624952810292100290927509518991345128225280
-1228440059660852788777909604466019553588478561362953731141325940790173788453404383658260640
49173495448805502428801640850794646849268535546157680399229117279256043540720642968935488000
-1863586937974986925495962462298986875918435323935927326764413741764049157040122705315093200000
66956804067361660423736592136564782902820942526265980639724971834268085689630917554279561600000
-2283603650719911529789301310187627273890022507947380185955719992515109479998418462512175873094000
74020818394066947909077602492268551397810557057130786182245848276123310735368129200097227229712000
-2282937995878238265869255648294711189794718456175283686079980371577374558139287454156059890834740000
67068248748569985182270398493979833331340782336095949068612511511131955650690153872232111016843200000
-1878777032221692152060986839630169576993080913447051449296519802057448011778863179211138469409327100000
50234322781536444385772874787622667445290554556877606750968280574122698839385070605040929030962274816000
-1283230552604153794132410775470400776663653282354870169050136327917322419832363526188221803832988582528000
31345912457455925183967806901033420510987202859152917302827232346952792111432474365376391369320083256320000
-732833148663569188382997360557363366243196910593868008036800724986376799948919371393662899786643352691700000
16411067362491790137849646848166727811813499162353642255777884790115580083154309354891489710840583001885600000
-352306229711028753963301078677704045972887474617743050490137319520285226993123451507068544516441299651279306560
7255801658270045479548678270898596822251301899393794590025250262230926197450071914775335560421656109081018798080
-143465767625520703241150178902956168306829088776290394880066569996367037406312165282345900790659705573970661996800
2725287775186110617638936826721872958651619856569190270843841998934191924528592787278738791808331039311881283072000
-49770147425235236186943176554670747828214921886789811211675966381770412399492850377556473552870045554346918370176000
874375112319570708072366338783941230605835969835225694887043820625721255060710096021441729088834942459574423095746560
-14786586521570087168750575269365036761071205034525358506678761141340521466720229120633009954964344229419199738532119680
240845231985684522305411032088272620928251206656534925261138824130421790095055255482886699543463556977797491586063334400
-3780568512189081807472422577116895287787248801277742784903221048812997213427286791252625496252257171882460327943541728000
57222233200292543025598104206588617903744488607216808920132407532277850382377732392277601880648930155743484561530975744000
-835587660307271859531296316676710292939428894886883452256233480990087310208670837258233681462176002599244233309756073301760
11777721474817466941332284121757619307736405987376313707050506210956221243166989538435861361281431600194883512128483346554880
-160319790887050977550783498093383826815116400439507183850524905694142631776460126846684819388410746222736024914704186032384000
2108514256564389273910531267441329241559354019385808767195112138381014204769770375761387647285220698621018014751211516979200000
-26805825898944688149497825851921957420830137170770805647986102144022107589105530463140317128194164413889714619663046221596162500
329562561063853936387577530426564297341443939691957095521654459116943042984259804586357546250158029897062091409178052765583684000
-3920024099265717173105958352615145991311348679352473138260670911438514666240462179759628912731735078754930702980657127626994357000
45129615827590167856118495803776062559806304243469773175609595166661269314169544542209316598346194891970331639572368089944991840000
-503072242178446194235213638885302150658567463717484744449999261000336316349236412938620074407818904780841423953667325518212500950000
5432039030856870815636182051631088628661129211255714291679387105546164534946764443677500690014105073928480555053587454366786021600000
-56835756953673655070786003592872302633230088475891676738798060717193124396364421686306486301292480211273320321845382693455255620696000
576452803318275468450534971572381489591705606743778942333121850495665555274215463594024604565062870113466042732654379359448583490368000
-5669453352079914112451876065898508921071201844103311993606137644197821824007692016076648237606043679154140854306401144220965669223845000
54088010587303965749118667515533907590028129434080011588466135828676536223034539706762393769917669477987712710252849347381102387566200000
-500709189317421463791101645793455145628432426114283788797318083192677072818533586806958733998984006363701811618124121980787111638585350000
4499172491530622305041322948441670556558842408092508412617181368336119105518215397612608400221270687581678998475816110470560670339672520960
-39253254737829406131916098916347144106071631833622883732170640701967113934276216851089365497290597950017927591792209358542756901043475995280
332616548832610788339933346189455307790359045930378424473646987496513375621190274008893527168810868782071290641194231434169017829047770956800
-2738182092090945321171196851396921283806727944678337177804505155943930377709946560443036211086438586941163805352434760253181337601554504992000
21905456736727562569369574811175370270453823557426697422436041247551443021679572483544289688691508695529310442819478082025450700812436039936000
-170345730676592822111711620121466719217221303848370203752690521382716838710307912958361836486951202541843476785731656978800727488864707698683560
1287991313428504301069622016611144796056685633487265518634883612978786303115524302093951224576234606873307604997191897485801934044749339965903680
-9471256765685960018796469454392928976951639076112112368962198132619882325631632825258093143838774559317473903790326200354770468299023068800432400
67752000785745987766916826057843451877511507282741311880165063721223370736990400004168795199357644111360881692377308049569326270543744640802048000
-471585036081397774546001428313331271550485070461631809859771368273872364938465067375955504340426867239408585963396645441964047778516855235786704000
3194637786293139470917577011400371730763590489781883363567702401217496059453042803826818851825308316977939630642558534880482817227920963690013071360
-21067072573130785751090181662659590376491698074382341440141637265357076163832241302196516476484013323954171120244660278762275344058597777454435847680
135270144940435485203194983327421864486391402617912775002098503249617373703560170073556705080872380439182549404662503573503313743063529129909576192000
-845875099269187547903501687452273216393789213813588084901423039755000170660498609996382159548197962650750898104439790230746121901840314839342875400000
5152352201684100594779465902814957473117982828945587415771223181681510949883567344414271737644420565834292302959602449066158173149853744523243915200000
-30576347899105312529685697096594097626581273654887091541815670014845499981475703540574028167509833602356616877896929644958167558659298721665161945648000
176819242626778795607002615935478583159246954810437512348082212978012474714757697277020777790811606273355110379027673812070610801724006422304223554304000
-996592860291881196175810467060728474670590262196588082061113181724490206317050561035004277470542022361815399412986197921175388503809513985825021816880000
5475557026369544969623599652529288601728112991048891855653150467747459198079112343667869495363643993829745378668644250805209210510004405666135395622400000
-29331659204294892716975310361381713149116882322919556157042844170426718676174584038346680265283766541415045043970454767243432272642602821796648560547200000
153220137565349409667488535365870303014068288114317956284501700340232379531254802205408963371361539039165748870132201611847575740882312180695977810353152000
-780614704764089717026648133792720088695697518644918728453364619799797191420465139751580626863665184733718468608866890438485158828303733053409097887316791000
3879428589092234580525674007455371596068744390672377483524214010185834485154740135485589341284406848565062768854353894877624192455253752532406144883721240000
-18809411937846720454204290936813762845787284730493467047095483692659660849774101875144363564859267482656408562234796867448622503298510098570542704759525150000
88986308818903860220441236828709372067489523353078367517572022024410075939427155978644408710886084546047582105265081231492473036725366416745120307549195200000
-410840889185997232251755146314468299898392380368827514991878268484498879604741236437803370577289963740647081821798353537677598763257344209470545947923879318880
1851341436535822053930857814506761965467042539044629272536678781070036711858714357079986799205652882387027257835940272073322601700756161025482017070303390307840
-8143660211751431785673366770559588749480892137579532742948971973824512698790278984214301794083689365863350870325048688142599852636976711777314928029838010134400
34972679729229449727144744091497300728282538013773542442148662751196606518699699360995719647323299793452188297861176193022608095592483644884010568483308487296000
-146645335036958509012129768748305943040846703637081311980285530857527708528345734570935546705348891968605500727893668997980246390477617487650197051814301943818000
600467755547252147922320751054287845137050665668244784402540590025599172227087513965561389611453095603694034000909913219484829301743452504533378295429011061380480
-2401283166607750156870206328508572067065067422612250168882107185085461695058715135725753819812337303734494840669534098495114972856464805214150790935253805092649440
9379455254668406587058749848100562742523348339524834269578813286489811075467354430051158251551028406236929799523239137453187316459176005692796171772604608589683200
-35788122094394498898924010801587409538408917854128322116564221992046385623600360846144272803950490330896310076112976492828712407323013385918886627635439652373444000
133404961814371144452112329802264387983928470156016760365154133792084027144012522612072851943553515341699838452225528399494824938601263937006619894345455039501312000
-485869691090704294616540352236032174716011880273182034093551861329202561339627095784416405975244617156476874442241885209697309109026371937185515051562798193039943680
1729114050397305568569601604159202889128129934763289167351194060186906412598000884340158312572236504591932309921550375998279978070983553015316164595481338784872611840
-6013440724536228908549814252347355392077062213332947219841824049398420938264332635470297065207574737948265865778669894206390628455568997153473188813605979312027080000
20438822730430913511712893613585654633576983323568792336215456476144683900123113507667859082935918523530013201879103563987575634346596795086595379004659683776488000000
-67898222048391338030253982454550128308357887121301590607219906313065130657126437324295512479808588059122903967738268557097230137091845447389472322081269046451394000000
220477977137702655604629642535213664277816340607725936259845115819150772849878088805636785476967864318410131417054987139204797807733248460695160635119698898359823360000
-699857003380105048219422259334615133940128519350311973503772624255602479246198187214266053662137959916189948217647864571704409093468359207912633487505031141917593280000
2171811345137472601969541790966064057986460625465793895422621161398056345852764920217840745092236141225783402752990085981883504879139155464396863945446250486424089600000
-6589210735085645652844246837069906358060760494312156213166376828731750239194919136354688471446532302936169193428617220791774537749154957095191433307625456176313248000000
19546611437008530653533021759171854126785991585697694951111726419134479489308676158462520535875003812000748215348446593533003656646176219027950125724647282187314944000000
-56697389799472869226904221240197859376508616843264376417568451444501949568675978782140348629372432932184670292145087900366668731559314895317947833430055022894580409440000
160817512710368780360281299068570227729502755294521072595367983852692914533705077990897097048055351055786147660146247546371628924540347583687161916992235843915452171520000
-446073032266028963798321246442214582895224486182095033734195593480141559830960369850455969606890968042067394930740246570273629410753040176869422181068560656816006644800000
1210049391512844779845535326458357226652125911356545719112392567679622553735383275739487936589781567086155455612240050184680398639520442121668390925444757046449131648000000
-3210298180800174109276724933156592504345744816725258163355347945717666677583733738764368587233803295144741122580001844900082433773540413336967915649171954617312657864000000
8330133084311184581536994284153656735756408182355767486405070535115332977661113645085603840051668531094296580728550067176252300474523041173377739013121774592276761628033024
-21141726654456447489535784246120136738084716231523112832559807701650422755662588315786988884303469395526737977279885856433152805682788920256922980477180376898879286739628032
52484018553192148148119089913488144025848598047627592399757870938935019352515967274109432384370445445898108290054351149580472337996085830931068022711036164116258084261560320
-127446086312179541874567748547859241337181791584769516822776299762300399471426254760769272913340952884830092670886984892947942624949601732397005693576573107261067375631480550
302727534387827229806977583354352508357437765624828403399477289646307925623852953439317818623793112531191869664973303217862284482844051275655840457646462459216121099931564400
-703420564963052514040840397677045482289244001084105714384264715214252421971779978024175823641285901537714410051706310299540476293301955594303502895344315639701648489539207244
1598917860152599059944356519584301041497513547828727679430184605272277750496777191467108590909578721938299848918883500504893356986721209942462038397621995482400903460168136832
-3555444931795939541870069636782239660974584619526173894600694589719605225149083579166271944145524998938213248758157783922296436894542773141683406664133621152756141216954457160
7734384135649711887114041473423064172892872189460521875981385483204839677977089497784959263424716035906068506541574511014187737673243592655999631886249179826901255810300611200
-16459903150789844082328406483844706573777863943854696059638933140438100836185036811030109619806675979064301394546290197671260638210495511592989192095635994025694903557530477600
34269111942582707482022993449821868106196283648045135104907526972882485494003019849532317114619726384066713421929461468336807333676764976235082683395161160894977636246196786944
-69799970491615394624256716708214707891691857367690547945889990465473717345132772858533249494975613757944706679517117317076802696886070877471035355295518296626107941733508410172
139086733250914580369076733171038951204074562605979353890792564516421600975436395381168071347013051017482659162125855807910513126087647227738117229903158628260239598318142391200
-271140252674868924396238905638249373212101876535758428544196280071001466929903180976993522829125158528882783101970300192642186505251202653317454429749777571632083337931161325000
517104499278690032925449572742519171063585215392041124941594354746455258704677419007311077542963813543412493749878454608895983041534926523960538317241333469256198273178791600000
-964795634394000806839324766613325692174706517432222035611692038710363385488334108963181571156563453952502626731597204417995775706422996329322088047101955287613771155707919899000
1761003167893441038106001565860085645472347975684345517241440606645624794155257187568831188276715186209366496596559496701384774852103902761352041197788630022480183476602233152000
-3144461369768069062537521641479487386690730453506985734391889954486992695574292552986300681110054070594536833463555082262118568664451548250470156879903770281660335552224925840000
5492696959661373510383895204344823191969919888467383756295090673102615242110310039252318466881076404794212709243395155675234743639992630617966355506389685288322518750328835200000
-9385741289143588329158591761938180949125683420527816774537227421877168493137278916899469533034200436490805310890298058981510063242470046329398238554104249557346248402797145912500
15688584630947075778356696736340329668303116201238030569528481356216466564699953876599997967607797390726889980781385730551542909041301655562443362461138632411099954999662444516000
-25651822112141041100725555983846383464504058405036079913669363891359190710240546653271708067415770428739176979741679342602407816138885654030673602545414935045227375286321785453000
41025821287222656321027128270708085174383833517425467250516600309379130498677092523350003739640382526596601250399020689543209501863107418358095224395832299280996718492076491520000
-64177765084308086141343797945389542480837383832842569180923635390836190035480760377674757037015052377366350522503763875419926660945004368610305554415777654075207841450465713200000
98193339236240577904110901698526732083648675917030601771884782079902873885194832147599484123837993745974514415945581339591192685869100869012875954794609943409155441574227257600000
-146936512833110400775711553301675401889971878642244592491448387904366660481805546825667868042911173841476263372020967916564260735134522540390867578754654319317460202771673668272640
215033444156625931015479282074045208993666139491005550732627946475720658170996337286912215291253017356360684013753592274019396176043539674916120756453019838032762249291048943595520
-307742418240946866734194185499407238373250125617646231603806399334301573858379237032191499247112232465723078986961674538627568151007602118728425069776623136450540329501754385387200
430673741790483119920210240375948615024463843617159662836545672270994897671857140637130740968661486418774320458493077785699480226708062942011329201840410694609752710260048428608000
-589334413152578372860962343182689340672496420851226283438793080713889248361645293687670936779219565641275215965570747739049807378873198121820444703462930016536106624475853923664000
788493876227949186982009305276352389867917791960117280118899678937242705487480804174671991335327105846957358667941981907347221993194592317494125891700829238357403177404863622154240
-1031398979370656906196511432234636983344240099912327965895173137722273464981220267886765840737075433942562195861135647191674232318760825823586066301385293275173866508313980263150720
1318905263084226771200212598646426131486488212472578095866601375350158611554548372907252192788048913865453382025355819687677869393782353440684523097069432594972626570735391208345600
-1648631578855283464000265748308032664358110265590722619833251719187698264443185466134065240985061142331816727531694774609597336742227941800855653871336790743715783213419239010432000
2014276816885486952100004289139611286606277832505290149970708401656169613232115528576757531883492289242718052292195253278796034068823886173206338229415402574735695261108874433536000
-2405251094350486353075977777918311617979191682103680257595882231649509722925489827854019570005721710541431567989067058495293592400385835016747834114648415676058416735813952443701640
2806760352683673901772392107807302566283499479197257838500067348595130207131291860380710001679451807432476450311843693737341946025495572608564040210635595747440877644570056460672320
-3200438330820718698008643264217860436520108288179314922157998605651168703261846857258525636345739800998965774103868409354136478235518785639051931996009381296378915695540273570554000
3565545357081308045506260703106954304678204122477613824226608405558153999644347434034113396659034894409627269128476981327202369519792090591137686291613447490414238570815314753600000
-3880659177492605979182955441777583036914227739339946069177034051751332615689655801475334676546695734088824325148643169035960550377486387116090626517489606201178465410599223259300000
4125685922253296141835499074630316379079721127179261672222592234853648162663779523155264899098900324241209596587780638551950125624461560649701637976941016047269403226607306446912000
-4283940023712932301725182719639905739389173341993765939443498026414117973519332395704804563721760595787259768731534599030590395721175737947086404682617698220370134799060635047376000
4344000282211686524894695661781223217394880494516967290597085739431003488512557644610128475816680040477023423562257465688446928573805079749851322185249686459610147804418758619520000
-4301058952891354164476412637063360360335173448812239616487229343409842420864633764832413557847828930383022235382911170587572612634459430045691439854974577951878032185178649717350000
4157544748833181813412163442598132167225708783824386797800477144107661831001393823027669672107519383425457017417156668099215877931870590830203748871402897240833609207255073750800000
-3922909610931904320759041000560846576750098713706131612083778935732589289604740766786903954626295711648054927610672843681575009526788205583004360829560055531497982334693377374068000
3612602510282627801696229816459850094686455940722913445169180232598309373498733263843156858184634278008919773287514049952376863189950849832055724100352011742148957570145455556544000
-3246384455647095055032932317150659639238758490539435300832296392767240896919409945216006120701680039239694840888607389737153153998946840954069815616815110605902854144210280420860000
2846240372754845609411077683919720302503425533487747077878962121895566211205363258460623495847241278681198590828863574015266088440387754573650705395610561739412973796120076121600000
-2434195467424402740272196937169154372860390980928730185213369210669900115825752108974796015919296420560585120634554251617693381820153260971579393407601541654069894652627068668800000
2030337600649434892980016279609759324092924970345909676770295611995165014160098346829459246714857396466925267640458899700321950864130445657404866129102817306499963722667945863700480
-1651287938183148671837730828131736397594042445051798246606213111860607961058088767164080798117491037874200938393145695381915383139205782458903692936159842342544343558405654705068640
1309265932026857320962981064534212139431070711962931100440433263066727369296272622054829934732627194637401490940845193695514638742949715480199423298994876433617462861591383793734400
-1011784381570433073594829925676056818393187930261720994643479625242671999659741041251499525057706629866707975813868027005260570938679579078799484896979218200893939469955341250776000
761909227506364008604477277448016569838358302841821546105236303419218813638470454833375379688285183528102432521987695626944447913874750601207015124194456376241970335853514987008000
-558945074956752040756784580483392155817528966057014084239980299258376913005333464226373438265766991582699590080713751152988968594595337871607701928610433136015289904719203633524480
399370785830336429597228822684144061029172431777497197395972615153386245219280416672596973319650613197638411666595875797111375625355992457452247695275266898075330609250850665533440
-277849890093590841084051993079220501340939460521447376946932402976989072004538014799541035205631819259134681706819887626628174474288396515577437753218769643344583802988342397875200
188170309872574286356305031593559705288677086942770059098701869256117296815758075059081808309108353811614995404779929271460091286000204036349138172026686240588108353542225972224000
-124014772099088789327393495095318339558903941427044787590658518688319507438858988917571254395118581598492597839876375290468130224022996002571429585078906252547331689880307423152000
79514394709785373060637629112393444653925145089118212385373572946573652921499536970261025754462590346159870474747908820278528842540850965096492353980175859923992596135382500910080
-49582727398375530495928303065142322277694737975706648045718120279119939139655148313661727037837364479642354195621940021385960883342981207943884540190031617127422022095866767607040
30059590518618240341836484457119655474481067376389972220230036601485393055583206389934759735827507991890471816385516556189263940257691143824826339101165897883878488616556820992000
-17711378806875986167913784201548122036443759283423527939290700323277877726983937105884771715103209991260725316212889946883245290738637903750339760971643838372333904635575933600000
10138637603734502538044877224972873083094034036769527709263913110226086721014740515134845385919499395350054905123629619379877374794201390103495071032394759582248080456545356800000
-5636352301089964859723618865041013570764935431687746581640373191388568820056643418233828588643169899315242434651693153222569502347502152298810043782524388644214313758515478272000
3041816400423761085448277410567897677728682020204170792997331964366605710624028826462750945785661823352388724361243792676898888797391035729803792165520138253537222369936480256000
-1592943403053947150460584727946323368830083723959459558344550064347258117502085408389306830739805813254607864686247054514635770622657170810651644090586107557089194820193786657500
809108679045898684171770062357229405843517518787429859697680131478700732452937150708091096072300625165163650027216684244326257890968178252772667888906793604663952481893915100000
-398427334168286755068429550581000440495746364536280093255848280282037428912484966895340957687000411472685139918014847728241538354057637569312250345018323038453529369405354675000
190113492469412094252770171354153109595130099622518501302672220839902356612442530949350856969702444858919110550229096572813003863143241973901419336226494495981613067152945568000
-87856227400288236913510746877610374704350912604086082716220843829935093110701068615780554034337971251051410079087285283661736192794199676246144769784177342439649541367301194000
39299752832307036842447539637592210695135969563939663375855957352358298755488947181580314309467061272340242700738366681037072336491723733660570311099315072914847484813737760000
-17006435741253159882464098305064581533593044680446801070589641783561844158424395187621417004900231978503525594786919465967603616686615986673593901841645755841250575958194600000
7115038189972029820778899035840256227079355679544521606462695009470786950248109377755906086643949481574869625878883909804077086974163623827885754544389961939795448157252800000
-2876076312341443754304350462762527573391152549563884246372382890203328854964042013223381137873650479189601674520891848440553060482131290841827119130706032365113815031365513080
1122496257345112376373629318502995836173156441709941011281892364365389207818445446016343005915490229347333957175451663726408768537468037771192050059478050502044866102684869440
-422682947605814421698382866356203583540842778327449358845855214647441554213567647241474127190753538229629111165591971697781362821737976677638610164784831045091642183799456400
153445531223348873998587873539489082719090683194900201614550074282941242229488024526983254696150669317752226529089662369841762426004031427539460022450946939614428087787616000
-53659477506088912036270889168112856132519384672611078289517186443666952570303230030305346635743000062025378524554062294990079983314991093929780894529234688874682140560678000
18059718021323535320428684268739755791513484278629651191598598097780496779401996086820673951599024220756382007169367212381670226865133468948074264657263425090862681644026880
-5844427080470263704294634769125343253012882448826962951602967944123375489478923844384680822351526996504086014338225090197885691995920396103871804046993086454256226011344640
1816793127304345784993921331297103132631603869830687916062254265343960454616426651898619537298941389377451649069643590315662849013644651592886005038762816205061796785715200
-541922043913243859914630056869201089280021448321122123631272912681763352136302374786235325648179517148576496191839648045109769473952575554876892913859886814125427318779000
154930575865675907662688586575000187791692219652347086374106273518689149549647307898869227963976690326490311220981514269071926036279383794540020574352287414088467213592000
-42400388211402324933809264203484745271154952357917845475036023018073908070627967324976251979529130964861940274966573598943969962173602789485340324531921922916864190495280
11093185730024354368253415454329199993675184408818918355230556279385568185949879009935162800870495215262727259558649834471358732270122533005216506820328082436055661168640
-2770581386158850520284010957521477170011657729374162480808628387239742855270723386581572677994199643808386291574978737805736066432274061787636954633726030734797187536000
659531375399845392648445377707949336245584065710969049190707015411166718175930978753796312952398248873252043223561691205491624621846632443000266923322998786303635200000
-149386823238330776878817449186928082471732105721457811757690712526422228308999302179516314836562735513194240640187034301567050008787123729828844632623579928603537600000
32136345490145186485299312378903468947515501553146056898182291949437374544179319867455061865544182627219113659838179969600492055973589148067453348335508465333338624000
-6552491740563939451188536493923797584398897596773800567395579203425020234027303452912808717569483224724267580719320260005347242122701336710512767976588049355196552000
1263493066412974797018240169993588355376881865801059889824626965259385073477200946132818772017475581993594037523231072242955954861520273043204483705906251739157440000
-229839608600710527738041542580476629329036775731212918683904976741591279358017047793077566789223895428301920174823933581776665048772046975391439307246013514961200000
39334532378278851810300973322085698245089423806880499500792144640332378828018680350400964704779919803079630549716537329063673958431245419695438665454750295673600000
-6313842604273727266822897969819913009630159784207739682265582060139302708985064620707956503955272664258794416131152448543299235187031935239955846940453616675376000
947315546449046362918003241597025501823668862199265297427206349925284294986641418901085261583182942275720101582872691855721561709436129920320968988752157060608000
-132340466222337558004432520055099435517733140902563541368117760718196217250690410054662203270842759466933140560792112722722241546332841378569309948209532533120000
17138341862330911008637725052883435515176284007571220141379846347708251505046275628949397515820293409621135056234816825882910083821985128958683184187685043200000
-2046996228893278652638031852717044583913653341385808400575761702045112230344035591603430710146504671633040943718416319306367190137618719663771291510618551975000
224168831466357271115560466004213237989477414807761417734163414837295846025231275453815700880043889373502794903207902700928389177737445566734776101429516091840
-22352804813575017264303184535974978876192506727541876821209457901291168920951188148764260407668249835132933950231769293911588340555580121218972015909243587120
2012789193172545170804144777638298860554895907465588473488945732732849925153088804561822823877441425896423635798781453623198003069686812522191972555626739200
-162040681237055662123256115235770251066140338810855027730671704591546955539505937347861428861324491523863744918011318548266459734661421021956244327972028000
11519377198217873579746740100283203904856337275926613592035699447327225839539256200927278404206969821341393967589218274783802023051005464614574070949824000
-711849604177206592290965848541130313137530558695729675470032164334833672390431541036507998173016717315028674481080426092027387776063078711248443061152640
37459449570465248236596617430398491769085770671794174185638393535582409476440317221013745223474652690553035324354375601402014671298984745810341412561920
-1632030492767928937180794215856949747296858877551971954245727423471699431893812126249948583328033229773834494567683761617265985511967137873908490867600
56516372127018482600524841603475207222790891152861671314298800053911380426244115702074146450601456500853006129920342460543757533984752329255428592000
-1458427091377695885647994761956871718273860932116910321555705392581210836114452032417100754888959347572965477054157423784577569499606527891699916000
24929926197565322155757484025120631997293340333514954161133289100890231404111230757840527163697195547467259580608865695837776833094224759253322240
-211718168117071196848486245760594278488935470729542037457197029314871435186451668853392871093593318980752904726156159762483274239686302627241120
