-275
20796600
-393164922150
3303284305921600
-15609876442901640900
47204266363334562081600
-99114535837169339255168400
152871023682243060888747081600
-180485740944593248809603409887150
168328577949609288741638024648331600
-127130158496442415322122118115652440900
79329218901780067161004201704167123121600
-41582283138369869787359431589112768196815900
18565874298750514169674516390462088976680121600
-7144925165716594557675403555184514843989820878400
2394343811089027687327668569159610752163699974361600
-704919135538941124086715048394494932733694935029919650
183757051885680513924556279881825848624310178634650611600
-42707067172974161663682137133893111812528335683234029950900
8903891146002014691012111826164352264426960268318354654361600
-1674488028645003887828465280308033497728795215460620572185878400
285475528221419438327653817765712450098053831018574369839508121600
-44320075756375367800368255208126857877722857265633670917583635878400
6291607578451350889104828909469743892600143079811013518387260340121600
-819754960338880959854910251435407655200951628466556863787231773030878400
98370595240665715182589230172248918624114195415986823654467812763705408000
-10906475950728779123106331674822313908222980521054432612542467601815024592000
1120509496304228588757437334866244200919435321131540171397778674218845105408000
-106964351036868331391830825993271150817616656720415303530078002241342584864592000
9511560080786160873729698562521747613251657617335954886080087181470349425105408000
-789723696707495412543835250093819544889144572728254698735927238483746511990001792000
61356847128999414653665884612908368886163465534008750079520573708793391853508318208000
-4470002102217270832595828767585524636012383488576744887385072577392281079749584029917000
305946810551759870319892280092520352864847580995919427847689411963738349458415973603208000
-19708955912611596697968908482880534738315168260540764595492718702013521752438390258008042000
1197017403998614525982764727450050436351549811089169702779312874636576341535849987914937408000
-68652088442756959183466758816847838644733291596023838609478045261467656550939964314606005092000
3723761489704427144724256860996240399125869467315081197797955974386809572568734835752654137408000
-191296642013687056802486217593879576902739697337188392197957182919659225001884569841390330032592000
9320083076779924823991741399458811418014873459220912962154779147323094812320614177203411582337408000
-431199468599146209434992910684336572011594379886767551264692203987870058426270915292176588989079142000
18967646345089391618358783930780834908283958849700856520354789013491412016818665413661335928737934608000
-794200298579732173652833412648187781837166374488523221910388362429415636606713971722471617365369947892000
31688978490004500185728197864539049103741907217017463071747329273441085995833926434719884284882386844608000
-1206161743775796288319279531219017556511176343447727188168382720470351335716428824921525595593335849272892000
43838767576246225590271098023565280078628434013705047431700231223021164596903289636653967326256552348881408000
-1522941382685389318012872469099366811578401491452478417607208079854944606972478222070319699520696080630398592000
50614877569592821263573130462380766789877738296276666141716065364703763361471915414900222299688285855844881408000
-1610734999253522242997589192114678907031521549314800971430886991582224233258021835996484027445939586474133051092000
49123056886855440533634098710289566134309093680561010550626934223913697316153848779261368773719900158259857781408000
-1436849413940521635608797387275969809428540990156409558605837826049475646497500076793395036631307079629100840106184000
40340058286656152217876516881368865576205220017370877204011034759491314728886368938008796291797219601243929161058816000
-1087883650266735678949620372598483375252389367191827565308316814237006716473788058183631447630970802715350798207681184000
28200546770317773299535620167722024012950510559430443572620290902627939148008313009860914023031957981673543510961378816000
-703166514102549718393667834970816407392873344398363553402485847475711532068771066746905760528336979728910039485079181184000
16875996338461193241448028039299593777428960265560725281659660339417076769650505601925738252680087513493840947641900348416000
-390090592659028519413050415988771764455372417311936037928006096410715713633672034623085089349020045843639998869137026261584000
8689811244779885540485976271961632879108043728953118707626152426537999535226422646315914566551146456749550187181490123948416000
-186663035184018819572252417178424361913563123631950449147376159480993574439654139965943609540295004194761963756219279978191584000
3868606150622192967314156387509407401865009477536177306316663501751450857332493040420291803124114559789401641260753730177148416000
-77398988332934291241889476058434741144257585449873102913182691309346735555381336454519865866670653102453237003279385393335865184000
1495645486990407760671008031847807478429641876965244716976481654369058767367411882941627636462533362181885932137543920269395874816000
-27928961680972544086557135154544086526836140366920455522707812079153331784703483967074134592330152775956803874808803366508195965184000
504227180199488188225330833115145140883590444477715334072852351308594392130187162293944113970271964553781995075157373149536732194816000
-8805387200314743802629318643040336128482016822032836946019789022644640692060585334893439582075093591935418048274153257815725809854246500
148805833397034960356859964760492307591388402625596345075932055909308247435059359268968422759801581648328721573201075173501259839903716000
-2434628774190377545838625534553610254759104698513229090270110581405071048312498961372844472375642544190711583517095368810895612380646909000
38580920579373289619241805753175678120415164141999791616274133731082899107319653846339644550437448880274105414362240177262613117021541216000
-592405696811436621162583791150784239236072030546307786450493029636811617542993672738745913219206165213741729784847191787591434671636342534000
8817525162538467700496815327895226702210671785892366095153904232762658782937765936769269143954174688449190073403363032731753712785305141216000
-127269279004190434309721890625589777247724441236170937159134668747375314780259897117960522491052858130728360804378132753051690068722593084184000
1782022374376468481515058505835474873488074183736141525181583308642082765016834869703258385143518138920716250548745511255981053721625770730816000
-24214397776514817960339937540423743357132220983132242510670507300165307108516756376691208315566080482969555054958368549070710147608997090287309000
319417396528032584601249061614116619071676976211346241232894348127682572433907657394611593122730942696721306463380273132947014549882165407925816000
-4091820845333264751130938718621012912939932104501411153441618996860629067506608520557817502915714554279091111595993933528688846541213298247002934000
50920437186369516902962792942839271805474710633795338798384591960932272840082239366941728925173336675473133833194591172801461201401765489296036512000
-615779365829419041924350437026381630252874491527003223637182369092652064682635792510649727093911425457950644929849203398374179961342091007936089738000
7238549279953987105069915341371343245421545043256201159490143767293216107289759520125188628695775123750603499583533493009459748117000906542269136512000
-82737665265825150768189839374474783141002574597810566211719935522902291472228331161904296914551758363040880664782791360514602291881058521015111443488000
919831784458261858820715240371504302748809908010653473166796347752131483978383356727698724101788047149692110886923441076421273100444698673628023136512000
-9949274262362996433885001955424591462154119669068357293745543308303328434125560604605460027491605869365224433773011751330509785996606916512796859628913000
104730479752452063055911259724042674095749446856353761337485475239241133207506129796749198496979159847864633484849761254974901365656098168273098965616712000
-1073175905030294407587052603546440256970736561250688654062178276243151891601781655134713938970904386180505816737006751967433920136090246860824626982444538000
10707768762978997880665357491271319132405363372641506071362735664951268460029041057822571825969528797866634899003468733231751768685483990161945356403731712000
-104056263649193155566800297309946581857979501289491982682436425993486894421163735302414388822974010790946327719638442115783444873440327624917011216446638288000
985113970049108905296766828512158643472082752692214756467633430858754820540844220717667016677013472401484957235054593871223201293192859452501531793072672512000
-9087796249659363372024486741827484056984415107279221284346966110608705063639975707861777025534877259123974735964107610227107598841705733854073419782254647488000
81712123340839956882877324574159235695882065601928218222686897294700228803155263148928669209909050964056179763611217799130140672053260063835753819091177472512000
-716257831159550247051471548220364550396716231291902037858239834098856693102657853539827866043109024856804950740404581020500139328466857747060279570471102532488000
6122146219016057306700268867657058644118075460596759950909515178364978354983253038260384527532212273564590630593151338645618158451523814784366767837290181272512000
-51036780671488798720362426578832454931367042651456322924094445977666069558054834741794131508841065897833207695160807918771032857955450073248687160273212282768688000
415049022767871230651381144248870045272066431628991016906196880801828739079536866423304430905855904096567991670439493839115618498508855178463903891008236682861312000
-3293372804597471611741187267119371586781339037645872600004381936617629955732605799368566739611080857163232855455858559277982520555098443128640624908318074652368688000
25503172269709822946927709377105680586919524035769448867833678412175093527014337613424572314971875533514242539832533572228252664666235787603634465702336844481101312000
-192771771471440625260565276322715176631933917024106577686028015784377809141665979500114730686357695224975412516169656491121861387550160934615113437052215426216418688000
1422559554570409489457467856298374599854492950006149371068084858863109372724094652045167984898772576397048473526526218538361880156325841356827319103343772563547200512000
-10250733231278897980184568453658719488035701206267184633600308961831622214977691161856289139446895402121483515453893190854391720844340581452424634801861609393728953863000
72139712152445903778924581223027502350916355731128483122380492955323912911782633433252847450060115415758970396354021843513062194433930910984562612184086335170066575512000
-495911696794734591148311097139264757674911362112123446920312632799192008990920579122947338765141491031218553158859733041501028648346788075188651418055556427974069698238000
3330567445139945896107175763503210224384589888753026606477161385713092011000750556084979657879468779271393739733576478698476044255563613739538597178052132059480171800512000
-21856848858730894943203340947989817097523871144941737105006371593742166322192425524307679004834013863968521417001595641458749040427136215165722043980967116640338627440860000
140178656968298212995209820427535123398529727064667013857262705141553523131371164346858699265979857174421776804814468507675443311528767742476443388433564615143369705096640000
-878757418889790248919702008660540973008026463752849606957375133798275887365547742201698502962944277659838783639639028310178785872858300743181095178491495363731806568253360000
5385360764119012425654005636259188604118187253026229620693816730985833263545899896972912608977168927922714521360615615478799504412268383553460466031181361350587909872896640000
-32268846686555942704716202966006079349509578187997126062088162769828112793745028330521217943343319253859393991758518622740894700578282328930863474760986764771657900420909610000
189076416866350467004504917152289589657897392375928738649514314279446357049970868947997340511562668825334861847401388029846875070962089655232088931479341950498784613804150640000
-1083520951015258118543348799440973156682302883383203591394052792999223165191400345380259946439926013082456961506971161788341975698129048665961104860183637313160042942171186860000
6073547082920360294841292038861375954515107856057338953734363878375242016710918732214478323235976226358612801263986486062418956450618379525436270897645655359364041912549400640000
-33305053581161622498143336771057310307505213784403588547651204391697432667253692818173032238725675189825380091019019173099998188746399363239577273909834856176293165703752761860000
178688438302968307762111679078720409750156750060855344531729515423311265713443261930950405439384684731944199017079063897827311214834650367001398345939610560735765638803132400640000
-938114301090583615751086315163282151188322937819490558791579955972384144995577125137489628556769594842707044839665085463593383877881914426757341316182955443862769603716445103360000
4819932449982818376065803757413879822970992229179857993161446110938706753899846954768577505572416397364071647311919371007817187972196794973739691151663486033462281226659024496640000
-24238373634994113997178489064207984144836827232851930968320885054537991130640644591339017668129272860500877198986223361172203127748257814392416570275676368182145580521275344728360000
119314528404823402725871337506449765166251359742199152082761183412016600399995955551194713332910453044063210683646178681951601519127926476736607090707801221587982035339124682296640000
-574988427167257993945721452500110983579344137372590850707236854102122781352058071730976739098711046760282765612963721504458822063824477324679668011998990666884712749403973509353360000
2712988873741920515857317099130958440480232451572753805983484287030053803884190826163549982590515638400124353440373249291359583877704906242722970430906390745830327074692472361712640000
-12534468288619311574786975827576735678226484191574504411726161908469932738828497285356847418822069465197482976295672156301615188027128144783282130552840324485547384356908168419687360000
56712311193215405193659590536693162463776428145909745433901056612096848134420469564311615291998224442725641436178592349528587792070144552216915920660436725643718518338042539209712640000
-251307549047154820156132605264615399107833193983824849397955263862610429958480134486325120305342031480940448308938187773503547497739154626280948665661419592713521710713556644051887360000
1090768109217874716903928709129603904439224591132110058851488054378326916670293269265411142888746742669622464152289864650139258767109625022931447552165348057802690376901210759833712640000
-4637658158810026357114099667809722156200800388337738774526552508980073991190187875748249807178022174996363567203051872444776119306686582779790130304258571863817341550401154775751323360000
19317187702812010611450464732033884022522342113406779688937045161371547864131030490719982667915067571885679651820976394315431108517107749760448146060713390242677191251257702537013776640000
-78832659114250492915218535224971119955121579031875920793182280310861944962052064165333409515710099394242681250420446598166729438486807432692782910499448537807743568516033600497228823360000
315226422485008779126119406898661700892658803960100846341751287572602566093218433058761976473157391298440428642040804904666168557782926991088809237462795871717711343839379251482606576640000
-1235176686283773018572422486097650157198348093118633967952924904068791103313626259973813106173989312457058883016019540498259104411931813754299536143853797377414177338383113977794976823360000
4743078475329688391318102346614976603641656677575554436939231631624157836724324838299442327708118959835106110781515035513314960941818164816510218792398581929270440979391157674732711001702400
-17850478446867822606000585607703340708678845101314046488579122622695377084054023983594947067160015100225986080441215788415536382042875631747396640377111543946332802851955296038523856742297600
65846119764080102533734939631466176378173263571689534991909199551111919833398115873765575715032070085128976864153423928797244254821931216221905295794942551840226699639155080482857919321702400
-238085325985343588513244113690654770191611468948392318265117974280238112966939561918807768001355887690010114649005919614616549493402467479260369362072033185642509149983104621758116821199766350
843893087429812284409902698271112370950183936329065110302849503932790388512827541627243398100593454690677038787150120939158857960390069214391780929779268398650186869935907878720074669890452400
-2932403642563060733844469583193554673612399506563570923226913438961722814521644815506501097837713054834911781229313068174680706137509278971311084917235948917794806150117526046025821597000995100
9990096530435684560543270771623330833755336213025616832092434432460705240265336664167127800476898551242251755596443052139416864030262950048291548779283405252022349907375505084485381612205942400
-33369697438469196344592453063547375909974421656009178446086534458427772365052964829613808833537418077413354822513118806104579941656642215091862742797467485598769099343386235733593531635215682600
109294295369729852417904254660505442406030758836709127845128015172337125882848582190542463032383054651649054496982308279183387613761050561001874603805420105469517018461101529394622355634453942400
-351018752488134933119186927044814455230195357059154527383642654654350061959122014164980691725022186383712927366143502793062306766428270483538488891003273115522475882024574743743510616344582557600
1105540542815854329823941268168578860368351906457913298865354643465552458515972763405755374760838052039787217054410812637683204850095074115506681061376563886474080418557508383587243312931634502400
-3414707270249077746999996794398937160141845591697346931816546573666930493217939446399621475168248111752865696534463414531693545084401032068813861502777990823441703083465176062173206272949359185100
10344003226452211859099143147868611603016930734804430558653181948553838783227618155708715360017364518185355215630212152837869263110379086754993921338480763293601229181815549586601300860717607002400
-30732726662250188993892492042089577458007821776200876152024558277206718766740278453484290263870116666847594174310703309164013903384181847704490183955712038852932742508732703799595053770230147122600
89559310697755532379903880334237957103445597913524876086309752561453708060791089386935431862581804710428390993757561157247069966158220317434584924043393749576912433839433060127964386288444604502400
-255997978665395597019597698761514364628598960362511795037525708533441020107439835862400896433731918821517888031901396114018729329286443534911868386200568103063597913563991693554551262337250457512600
717788407158785381030152111048833395797828099514504174969661138599071285391535949414701250983449126441662549693190052058742520382865223500333342956610053233598772802862590059127051233224067677862400
-1974274094893542750313095924959301178553032346120507639753638980750004590314420516290852315056192818963551213476195867745978919011807585823843857057952299265454351240803516527933217042543147068137600
5327035427641748486051903797523321523196347632135807596021653107822497592801039972950465418139786541108753570089617252616369154256711592518773957505480760148208190330215405542825721724258432325862400
-14100870350493245208859131343665971985277986360932790467690611373228639581947158713121050170537940945935492607477285946125573230516813397075761176384950494009211003039891656772770111869349010992200100
36618669257404574953803023608283570530139265412933667516571100165435610995211170784133618992217435227019162728573593943327291243101926824272844719648908298354478990058410675852235344022185778843002400
-93297209077706186018300263142347177327891413272237499960473816798866700954162294713619474284496936092333632418188370870152085762883399507385716076159343252736601588998040223065258458364650378269122600
233214958838510682769425101295618729721106140002461048538338363099059823163498103163074159977388426117057406113233515707442966567999893923409081381360686988746368246162161168452635517007957556230502400
-571975018433328724847346871197129920532667227313377008241785756210947441570776186998881800043155754174326192193618412039789244293257957517323742735942177945692277600076582365341674242566859380855497600
1376388153001313174913051630414642082543003195891619894973612100347446336582908293060144195554504437232971600006840684870668014374263011684406271425835544100295673100603186175668375511683793322950502400
-3249805361253100551878038571812349361559868656966324752021028570264803850265200136392007128392579921244516277793929394833521700605898777588181474199889479125698117043090856248105886624808956456966464000
7528955677506854241147559734985989328320621987438671053934424507507039102952016666144966648401808769782918637699509949242838047138546424600592000049776845109244214494286715076090757206653581679873536000
-17115143747331089490967407584885697087635361296843249758643088190736547815362831861262110168832730193809239515694942955513465074176055954226440981415093909365591040056026340136399007065904292045041464000
38176955269795385059607593423571769794863856870262169652582660214767806430303969775200236856583785714893555920864929786197235777400868798576950843076190506703989993061022315201939875814996732599593536000
-83560784748684796890671722340368822663247931619094238678356945061915249788777566497759702099359408529027221888015586113666398716862105686681183222855539425387814831750911087865470442472620399414416464000
179468740604875567931682034246119927135217201729251309710851961090315375196708529918185249878332798339138591026913808260777780386684064659011407046798994145682049753104974490483174810888125394788091136000
-378236860489951635587115378634502175494664491267733827406306962210765338529913863863157597017168429241291880143794473696870133886120931636096156148227876838341824859755137929092355065567104839467718864000
782222491798278817627035317508717712605623640182725448734792636847578964538151207930882456308457862347523018467689037736689194084096742710926920191977940269841083372586227071013505287125187078449691136000
-1587412820741571990858966360371300594388459350877145247490519539149783605290309179017242273635746826004961690377807816887454384773851349242039284723834098382086970226670038841716679672770753988997748864000
3161137259104216617531102505697272937142225290160950925187402226136494039980037392051107354294451889102242448494140134226573456234119391093755221317855458603211361460839224534131740099124672236940891136000
-6177183257292517042655992298730706198458586724230530079394523295409301341796928536615493960882029521575768690856225008386106919848118067947855661969754660805689388948378211223435167908543426900506565589000
11844863879497984919107034497747425673708020313304049499102094281664438636344066046214903430873824132572123259531569299672970114738276318401304649610149518177770355630191374200440630597825797255614302536000
-22287426582589925060601450637603476116193253737664504965522043808980019977949486565620261633896521471214144897078510272334664579937921920399894257826504852809650889017469907384238636623656290743769618714000
41150664249144919408817221667291810920846710653576346704379140392687864053531936202456530344101311953475143666343610972172430487915792755735526843762920021808507433913244901074229762437806579048001897536000
-74554979112008580378950564939971098094956103637645813450241341916838449117510325669597868349855474054911149454091977210848838684029174047971314975078945930350489245507083238565070720323909755741749124964000
132542185088015254007023226559948618835477517578037001689317941185490576208907245634840654844187509430953154585052403930397935438274087196393448844584792765067536436457036868560125725020284010207553999936000
-231208096058782306752199139117076867426425054160932669262731314953017364921830541095266201107027485514460995345800696927358773355436097308877801295919088526057171177386170171099458683263174339042927610064000
395745622771057843419376030151413867240411143656146936065321167865367597687565086941935077487362904676335116849910074528466363257739522433095153023127168771912407161379261331980485485469213318819362199936000
-664637835351860573835099319912385513076202119488556580089012495676951867133938232927106880951618801182077695358651765969523599942605977283558083490974026607051445998318394501034828248891942337207928983814000
1095217782395573195860618129349690549610250920892455687311693711583630218647514757693405631634291070299825099063743801463172112590553822165658682868919211100251015526937324281247265736698658105750988049936000
-1770728404236441438636241594943401070260864161892733286838715871063845050737201628139251838689005199299630718122956025029990206255834856079252662873711077462257048460074272561981954724818159169246190886964000
2808846014230125498091837835226384707875241041183014971332273074225415985547497018556515074236545164813586102712465109435076287643057486555865241090736110837841761081087687100816353337983157036569040665536000
-4371352059936763387562408929544956001057462573590697413977460269416318867989193828804776586429312328731149193989474246332488756063210172340406691625830897751658752093508592543560225934088782217437642011964000
6674239157033991772463224245530632811798650464860186074680544771667884225722015476663539406377555420284626735558923290467753890776987271050393403739983584605559769309531512742508205562635604003074960385536000
-9997029711069312091737176519704342296943354469908329313670498905085443313260261588426966856249694832688847200120941085329045157644523574939367501195815681671209207901240077003567334326197714557254801774464000
14689513044836540216430136926912502966937173914967341032332161656452079970504874170749828849999551590889734661402199145789617374498075457053764491553035287353613529977332358046058123907882356084129504648192000
-21173555912283919296338752054807474979686785838370893909885029887620380894985541285182370490819666160305906601786763612485815668710116576768902724152617269662044502193889219214825967664096052324389793809308000
29937241300090283416343367519542657336659512448417667867862596441062031731759058277265098894358196311306152090163952918339930762590038746354984680936650853105746218174232080639022345547218191891256353748192000
-41518505238204366355180656235835876342322801303368285058128719549826623416400226605267823207833401846834478885049054891578553769693501216815565644017086704214101583537240621618459818384367963953215990406808000
56475844458721609913054952135784489700814486813957221559048784771375536187397006222152642136331918045392900587559002790005295948888035861355438751251231450843213489494307145614024304000009155174213218248192000
-75344702985439555200364206977447054546842783720163608083021102522923072583340604751621850504411949305929263206704873320925275228107572534169408642680076526626478490228130443492783967296308510259424887616608000
98579876950272613598742754124760860355174417184490488595299793612605676969943276520054912854342474132332710786978348952356185628570647694045893961107377681918054210956276772072729525172887518200298781563392000
-126486636585664060818746703087080706616207822266574998665283073551785831327724888159004161671972270652646798126958302403818688727203269461557919914292496644704722316744738530668490446485113283752895136916608000
159146015681971419470832544455708819432665436382824334669902582554810468775568571395616451856138540900591999936621428829983106936887842635856684687766987327817437950919893180693586355313587545887067081403392000
-196342448281553172846089453844828145052073564871047661709214348143072969939943397289210289980477632173819330262072910585998475710269030572338665605013566094506337599597501720947259229533708595349625027266608000
237504086453069433333180522693232584518797533547446988890035763714338084894482297962697034483324294287687955379103535376489025402633684899775624720162502156685533283369950949516918395988182201533220631960192000
-281667104956728690606632664631189724541037807952312478528421706250305737227879356084850752336001632279152188728443720457913291225709835176115565575313542056499327814874139134805458575239886910241256483659808000
327474558011975225065150779640414351023490323432446341818511049481324317330683265205916445622479406386834378590854982954528947584216278959082456862648270349424824033902113319358595436957100352391218610760192000
-373217594818933172273917455712299979447069197549297507208902319606078113014861153399714812871183028764941025464526640119719911092117924760943878589982316035117172275622765578799331790291674946091859349819808000
416922115944534288133546153599944525065251511967950721638924950632987346987626871175561151502244830207334808099898408424660657098621921829195838057575497300336374751167403982430742021774278353037416519560192000
-456477746058385532921839659862543139977951967050782611434307719494981298883267370726151094546432878502629038508268271273814749911995331310220650948079543789357208089747690925362190537690536063817282214283008000
489799207579546703782585226437306780825551706319339780762165000189456099434955674452576915241511159126858120209633869980050014269212610641355148178822555908297430264112376677787823426094634019957339299796992000
-515003989935731602249261771970932295235981165599064920847501019215047414013626217921450027443473688121640288559180187562302479467473687094986081232621014799303295748352317502379932286752769890613238623031445500
530585871238788584067160722735012960400977562109847657720843488775447919680714106122407749286443830850655526691913846758058470080908755025831186162932268354534706371681616592964436130806848434110275320074492000
-535562404678774033375687339142852783310467015809092429300593136759764348516065686509834944936834804181782144847994343832816537886694725652999812178330161083016764809060817641357369650686081548608121190729883000
529576500089990891648279919836193679223499271385190673023071714455414582622066267265477815374753152852991680375663046104244623919519307943531701194088469604771344032102215471795847438942713115783441335212192000
-512937629941911471453062461921723516509453987634619943578599422718958798541869630848635048736963506468840260180603037341025567769194969004343790861381660389523556333051107233706051836620663586140828525664058000
486596196344698722796669525061459274493340668627281502816092049442685643204346216839479191793142014845959004839317720702599842897025998579296580802201221595524214742910396143062743291943269617546464557212192000
-452053873764673813462338046430553214884245497706209050455690453340272773470704355767540854104122674285906359434057512134205409604953165346815650683526443519298730363012435923030511515046062206424338986792808000
411221654718280080204218726411309032928210393913499023600812931267644412805450713673136833116510068394118600344751087526138624671317209879894118841023120662084731764277669546002655155627871642742112261312192000
-366244286233468196431882303210072107451687382079210067894474016910245805154854541865137491994391779663511878432043937327967212597891890049280699592786216839669214227559799439408614747981073181817193732731171000
319313599620991652461984164953134326201783033745652222259720125037659915367802687623019306898602907028725586146142809545316133178588251159522372279307485011769718619627394753935027496420517357400282964325704000
-272493354877035347769305720219416978057844500981701696679387179539661697701751234823084876127738746829900343966151327594781224228301673699287533701052983423067183904863383803714625832096334548133399987765546000
227574833202651084200743179088826584407259975873868465454580047344924579293442463968339175830819886697028567495912642638792268995637613192134722023233746936064456824232041956578479522371992763924363463780704000
-185976367319996172687982381238752001852809124363090941984929181808764417944797307696540922501690540337352089387939568038799651006166848977588181499619293049514996927511234018196787535475516674074963404453046000
148692586364113537235364854482381136520032994136819884609009411273634371039742761180339678668811473059727072062695288188070631143538515779820651954484431801634833950371861106755789677381971689444824994399104000
-116291786427527669603745031468935515599099232783648674481299211772095653229286985126173380981694409920333721243491231965168163281715991144699491415717405199935396926639921252524222443270578244909612044940896000
88953758359556743423005137842792841356299480821416344717474455997624381671523494702220792435203061437813205616856137106825170242514955442569733964422826036385506538485146887272373096236469288785209558799104000
-66536440788498885306764729699764680545747214748101292793134959100848803052703675389667323039839272170605425919172555771865045631888555683177680307477049587728166075534343528546164611855315797299791201282771000
48658228166658464601068943603152010149798517156506208580021133525274470930509059010726241779827057764653275464436439678039811764040384211520519670841942080776276576014035156609937555484219862845276667974104000
-34783461291471838924006767507695399545859370824463905339799687854518768618691566560388770342608798095934115850711083012476305348330456060503047225017964265226125148726586356284088014436281886081572493376046000
24300999079309541068087116115077327721174499003259704671708395836278425442280777302718544343938906493024297284888424025068237495888917708629338534331186642384344390871537971426074742279511057359026770152704000
-16589065342477216747730082091640430131126619880718471854589829402208489920670535075309444175337967028134533308064741400701285924959235586918314693214113950137817511933287124005949607686847604815599420057296000
11063033370847730166398231474457732241119861824395910961944717282576650819718479782198473472393606436184144234362820776733410631611158101739084603096524756449774221187452560645463010649854771568709384232704000
-7205852529020371716601730427364828697274092898067639708355510783081031472211165460372047017382061454820002584653868917573170270991554612122787025630322232512453385531498873951731944813401126323762604207296000
4583062506288781578541717134981632530013160220728796266644716430991505144034792093779084528091565316856853996513223281268820031739355448272794776712416952641776734118465481756212421363201581696454744482304000
-2845651957833498661453510881414671484095319753821427020070961726024367980914435274448866162857607931756391534314805496293648137419782835669894373426397605904484529549850534572096142714132943676367401682696000
1724469074916365134176503780331904807282890791799533679728704449315792747847147422788185028845477711155479811064309916163765279564461402847291423476728791906610260044480342639455828930121635217329316282304000
-1019680697631192168914525981211742635078202889915804560517976679787540863716284187521479410310301514207140353731128965451518561590794753838307724331275898101331009963596122138526812742305952176630147227696000
588153850404897732758938444657985618665236436826396809119269966632107972182550108704868672605328935781704525460644100420149902792847231504408683845216247473472635258500096387485785277687117887748303682304000
-330836540852754974676902875120116910499195495714848205129589356230560734352684436146488628340497526377208795571612306486334320320976567721229884662934139203828357332906304217960754218699003811858420821296000
181428019700665204269899604987965261374878732155903735103517972958771087997835833372526185407176055905635846534470301937511075438198161172896157548208021630092314301602392501665830777290270840007697288704000
-96968498233406828700459083982387650147627641500662695527184622305555337004930478184922332801932158278758904179134855598895772220549828817775701768877272497326955016202187746253949527323330577807052071296000
50495610815666979750791056301311319114057499734584672190713124720478212050909522875520294601516925150048072203802131967041463078351834283116884976710688905684385913643384220012312271703934698926007368704000
-25611104903697165331590433510285231188888100102547937710886844527492227728069125630961335644810352123397109963220672361870978034936539992646715676265750995710338351329529755562287448234084704898117855671000
12647459211702303867452065931005052438957086470394043314018194828391223569416852163437696614721161542418325907763294993516532362931624687726773173464568392943376963619520866944339480609424545628700175640000
-6078833036809457624756847962648661452031433858597058683448834380965152858595314898587047031772061138398219960640636087317670784274580124892406504725931738553664364474422777089368586214283874434939318110000
2842584968754695238140484164411926223061759984799913175811351146805416819280651823174396655816716512853800930963084227522494036714865079652378799081605526445091046330720395054152524858223218738657800640000
-1292735288672086605972591299839611184968510845657408960244616660157488054490110221446327934367555307024790470315833222200278576523086437135693428537400666564489024051719006992059476765413494809953236860000
571514176552194959532971466895778984235807010654285184003188204822394749438392009572885086676024527336678214828135951326085668048115710199155554760799699731719714223890724015634845051187934319977800640000
-245513415163490178740770823916948533398085336807535553997588883829658235935490707325970011242205243548695887182786190810686140007437230893682608354237678192879593681246062443389449031913909403052845360000
102436436258689779792067645353103242959745355946908258357270645407385749233855533215370707638471122024852705763339363059333899685642744862670294642130913350317109381744388865269067169778139070661504640000
-41491095921442031236007482467728221606818677634485488637909804929518741064344613548385419092343730143872878982360312389575994854464504324299106225718936570122311638514592405836261395814751967142751610000
16306323980546467580015392546030491189800572970756182386458464845110645975222543695193341224819868230206335463310055907163392698610301612909534720328965916854789020231489686141252797824670706238054640000
-6214783314157795162673336749271501217034629215551003912320142136982505494501411066823541493548941304992622083129110174713142709973306749211211192902059860450774199415789288116038509712233416766782860000
2295728014645885401874804340156425981484951308234322857606716153815176316665075342022639139310066140730638125773360752632831349632511682823154519424210432832879921558752403396418028033129229552600640000
-821451515438772087294652680533205497432734749745077208942190574356913401587515916603870572524244256654353763439695964507679114601162118051254065239964983408619361475588491943536607308823477731861860000
284537034385101207612824913252043763607172769517709451426574441679362408824916051085917603287074654301609550134108221358069484122562448482351458870707306827575678699443637936467593010387750943600640000
-95346328819709166402426200099517030524464132798101177486191114284230949119160574211951875361767601392889818358440578871504782115146490972450975228177660315200444131666896611681579389346972329999360000
30886862423275124999746054982256317866015726498066633780999638989433124113740082722955786868124642358747802015101004384347691536539463051316203246130134739806183683975495087665761191514090719600640000
-9665550263533578613201781962763370304425928300827275588585390499731459412329253317383299623228240946465783529899229236594915624064649678819002838741244421614695501799623245749571970087525785083360000
2919584955896646118179991094415050853477875486126508202788211134920003511129361068166398798056442884330430024423685503466214419665470876279688466157201014665866942435092202672655268387520056016640000
-850540245416171699717724678331657376736323230462474497093259855420910113779421302916244277946195137790476515379627388406479820605023540403793540760672196421254625792041323505876844716199024583360000
238760268726286001363630277702002619464873137024267595790239891673982726989579629073136973551391735745142825770676956260492294642565838637966463981589905466285909619618909353814875408825128816640000
-64522540371157206999789161817178180337448668059383252967434319019462310107083892974968099426705550194900613474610681760196528629807877214563330405129669259726451220606836747405393886935425583360000
16768873465890086283993518106588581645384410191193315223523121644375044359358746029312825506982200467146181927595612419143121143273684040769478622574308045843109355126474856468540518720410480640000
-4186676402870865782022243126982068875671112657458189564944987192227882629809493253964033984152853243078056427127406108150462974316248466058332548556996831658462873398868210165628572565051919360000
1003007135084341232769543928665769291199806300732824643597435342352812413206175374124118092615484649819352435524171313686950561927031873656486559847056429240277555075445553275431939822170480640000
-230285245748666469626995476988315039038639190502214763141249097121554111714431621650732823650872443094743036908767285389136135616734148801756742839494729404623428642370685773321644482129119360000
50602509444683666105356145521665845580916764752216479299307715991420351574932927103910969007265788692485268541556515155265087847653844990808758962682475982783980771659460701855358533322480640000
-10626526983383569882124790559549827571992520597965460652854620358198273830735914691821303491525815625421906393726868182605668448007307448069839382163319956384635962048486747389625291997720934400
2129319798705325093124606847887446600352908366989666438336482395547610495693880844265204286868809962624817801533435722245900199800705532046057242907727673043279382627261419644872774815943065600
-406422985640388722816883339683228461874489832392947639504228129195524483785360445221380403771996182240101671900774351054147082416609217591494391554619663721302428143503333136739463711640934400
73755400040599843838224575821531063024482086785865734201145369381418431840065411609173003331023881843194254257985515503210056544413014912634142890819447480614429303924990512527388499655065600
-12699930855152577115736202070825664627983314249243326325880772342646434362193667579612854082775502253643204329964056849853687738729682290663598074494904241771741818111828377513589789240934400
2070269389690385504449115600934287505676634079845894026210475768274543702256868532778104625565864265876477753135240332309866820923254629466115180156032064018153991110886286838047701129625600
-318709531747227468176073109402862955395073871331256482398032989900541250794518228564427147939056466345638794729331050303256932926860289866388489572055168058458795415004451719803821665905650
46207550091772021306213206795588361078339223786402702167232871221177959054767014742584359621862628075002454213206470010204369327432877647815049071780046470465887824101540215125761120875600
-6289985748776309792915057189694521659317825051508245963843775105689163616898682780219891871487549921693366348564747081943119260799671058933540046262228848459999542908840452635877073436900
801145454563062430057188304121137029221560460340281950404454532624859706068519337430848618088424837598546862481734009154932260465294040451516318410048795951793147010526569778639759625600
-95106394569061775165812664801362790821050631571460985976268455980983715106506918385836688759757534345093765849347861293910227666183205245908557030187005732442899478690469267360711109400
10476628130036839753442524870002295655101421577960441549095264216340068380664228586886841245037808278292796919210028495610785931020372163727746391781143715098890469724362258074232265600
-1065458612198985757222514219997174202672673854025724643876144156725569858478774252156882447578942654722364886851075242233245390485012791722268480289962185698755235259392997546999234400
99446295310856771799918342094027044665309349587099398587002655464446197087408616170897845589348606729714000629046852836644049226839228315559937381659354203055759065978128817294265600
-8459841094152746212145831185082161785764163419735886338130434232218513293894135750649295892149447447493031303512666300339511132144309353233397450870327006857173948321056097304546900
650525338674614874269668756133053380464599251927003007844846491334709459409445824898628662408074278625309633876374482332977716106504386008691295616942197750498245937112181209605600
-44765219543313638741859590333142587335097147346268551715706902118671213153154385796701664272498638456479063363447161434779644125198850351578917948426869252744303797102708043269400
2722748137017042427088375256834943100407934336200822570653328389885653890952004051319255653544783856517740727796811457324475542185501481637366048399878032794671004842785592105600
-144090633615529325369833403197115431118436155211340590764275189490356572169589098338500929203660662711961635474989980358798333925249096843723941161282251095073297079074237519400
6499520848538407678267799339912173231030190442501011432326725978034077079663614612524246941318505867688986860192193251767081189204309670926534237371308682499125795194902105600
-242951911005036501005209234585194404040566103646299810056108755694689438163008913842641603773565548552160345597033286845888837319365484955758652905854817006997500574843734400
7224942111831262076978485700549619128614757020785648141535947528454156846284928961102507627094772103292686575399581956555891405420599108718248634228658655836420272810265600
-160252622263125825426060973110428268139825046917025959670475912280942790126967566300405696043232604637533773116223967218698878085737499153960937618528720456146811035921900
2356624589091305460518225476378716766376152255109560732048485822430373384577231046508669683792657015158354671810724255949951970132006320663650225146016686389685959765600
-17233029189236596220156984742553086269120725505556354119753565940037761576707600891540034850047534515982960131388028351490804406234635170285363812738600362671660609400
