236
-13144020
183004190460
-1132328261571780
3940502350269794400
-8774868253674788961696
13566921305542743155777760
-15407315712031367926317653280
13392809182683266569951620113640
-9195568922159628028245177192840600
5112368497963866798583188712131659976
-2348098175821007415960832336171214902200
905844096272281972024001096798495348937600
-297626065879946751837732005336864208523420800
84276768654780840443847583143856957005356400000
-20777407262441546667825196820323952275751666064000
4499607260272497450250894186401405914717470181985000
-862663458373419606318516588878694455075262527243055000
147430250052632686546508952343799596809961224254637165000
-22598484450588447950279980271313436812961784886787666275000
3124014490449347044646704472706369505023837142749526985856000
-391422722607207870639350693059842283446920910028628375518080000
44651304464027192053181467903347132548907845629133532787405440000
-4656481121676726094513916899478168735965215727452570138530805120000
445599374004897816544456769963952535983338005029836225756628434400000
-39263365001317964247871646045895728174621451639996977261829255217347840
3195666186941589338635943735865655272437385013657742143411014233814316800
-240954983947350262245270122536800374979514049445439111655518819465118726400
16876683773618491837260552256046916059789637095851980228606950783760968755200
-1100797251369610427744265866831692723495553558731225178882561575794539763456000
67021429095610192220749769376566038307402614226929127668943160119152889864816640
-3817292322110534725497126562774549538767619240073845788719671039668921359782246400
203807622885182768078495022890634933968264920989567672813361186602323504474623999200
-10219763877769674395282256854902572855101049164809294682570444735347180540721572749600
482167752503077890587105786216597165672328046235898730092899702306085836237849980764000
-21440130323751147574016521862044297315377453882869909981134971170869225784254633716078240
899956087663628416687113263345069270028189422243922147356282740505621823042787094255136000
-35713597059533923296830388793095382200746126181333497808199249410846542571545284492037088000
1341782595341990586357092972855270550661273433233867675270377894070115393068888347826867104000
-47791631888660315592304741488779935622665672745197094876905142939676858263975691152873455200000
1615835074155605270175823309735649623402326395515113777788162882790474577905018117878651520312000
-51921077650514585763561627647454559433716038223526990307690433143323905012218651777046616222280000
1587419251614258865873245862971949716201345449813638118636258752996453993831619233355826590759640000
-46229185744550025500636381819064670831959896395951850608007909720173098002082856061931419379466920000
1283719538030480046959820189355845404920539271821472876387657658345302556090895837752806356322387200000
-34023956210189577580434819448354359865427290497743343579556530459778139994051590374336232074162391808000
861532879840244596767342923460693100940261921015637215970056191887954981512894240197039373598119543040000
-20860483994574541759753223606673649565410497677394018909275869413993231369932174841746964678878506110720000
483412743679828096196503522051874781942880769093498896529538723850662590843497690603539035648733158968560000
-10730313275475401243978615246878245107724210990769689167239386208921725438985509962813666349395765808925200000
228323898000875777829874566669174050700198851145993753976186555507920042580909275192734318048982863188633975680
-4660844815208188936515644028181390319848926567318930552620386453169171342112025361921656523187522153402737769600
91341526792719063655265165806726418575974229532309455563779407886960328314053420110559327839035937112839452620800
-1719750561582959458716984273414147418735332530179868343325596847603300421340456827834514478968705448945083706214400
31127721070078395140974770216323285583282184822665792579123800280007611878720614325482055624131781068354430045952000
-541992792225487322469514751095525214861836679932109077995051135387861462897220984177674496455750426661585515686062080
9083909808473091093430387537493879238883334150902950618437464182393494416415157821549289392128266079506675607289356800
-146637063011692277185947533142179588932506687045985549733822617412739797370798948066111289858095158840223642836412710400
2281156593795445971966410910938330038054678937720129544789062192165130522000193385908363858755599242695179452115086195200
-34217348906931689579496163664074950570820184065801943171835932882476957830002900788625457881333988640427691781726292928000
495163057959864805648175595067680173593735641414449453188879099845977665308841977634508848273882075614366953072448043438080
-6916447174808915150111240675528803284744533717418976170247780493011203750181956943712334692027686342396324210142565723648000
93296466937614950146609794877086240353947336710616220702312152477527819160883150740211232687570133253364777040663974480384000
-1215909887952131147955073030891166529299227484512483055749181333133051524750567583355733543267810602871453721839865308124672000
15317614799396964656855900486812547097617221240440460370277772653726918622346017407508752644682379665079836925521740698054950000
-186606615701718619610184628155438724653599051944783653424512955327805497848703399285652782810519944080786813347580950407002682000
2199353455033570691181560791896286529778644473564093839948231204437450472808180100855237343776881067288244948867035352133957230000
-25088503535732691998960611154072876883576530977455235745651386786729455638469253380372942451054299134022980418051744102633893490000
277102087495012985677101283058133643641440439031270285467540576551004921792366286471108762296765822961250358112183969465769508720000
-2964544176970906621605367328831345754857544373463085904282541328843821821359835497039681749125344925967504093771075506141350541200000
30732037961921259745115558945983069176274249794781818692639993742847096579141674266862790638483881808050068968815418655093069814448000
-308814001777647572384215163342347226566985146469881576249886705622677976039758284068227466731283680417928237178207703228276026869840000
3009030258061831438323973057628982081086333664831531284632383733490106081350360811121586766884761046541356311023462095961936471691620000
-28439824921711440055181750983974280442498661605661425448128968193787985175337516039362161885472839112619345715391014334268128029591260000
260819577715184170849384137037105252706771874696186410884776622113227285519621996986261462726158871482056892225518031385490392557719700000
-2321688369027019843306580111215092819249915473406711071895404488147805051244976535306506257806489040707212560110917928800513679245792550880
20065561527324936041874044174490552897672399659359940565965822723050281883336085291291688433119794479242391101235634176890866147498262489600
-168426851160462150783596821796571318276009835359650221309904047808744034152131380787942900700130344383278137617674785980996413486683425420800
1373437366826569399190632071494328770925279413521197695533688300441717459295782719206348321751293005513345654748205371809532226479509878694400
-10883407302741225706933617865045990925510285754797441440893855936283470108872445822520422408622047041766144745324867274930366329201115374272000
83829444749364291007656191605516745103742976026327292698484925349223428513590013947963553602411317339203729900864790185151146650671591170330080
-627794508117667190772928970360778123864107777328698601850336352238087663468258700706171194368919383853341757152719321101570125084704866964512800
4572330852400118629763812840051758816459411967778261143636923236437184570994581363917700138404925649325677057002226441550578846765045619420898400
-32393925375684800401057107458906400428935189419560689742703921091709924133623535001993205204692873590744421559167900411200334123103727906383479200
223305063814244429068511579762075866902410376044137180992788934509746415796407134707617559687678765795607803945284392857254003932506423663051648000
-1498106539534981553132155679259180532128267589928771390989823175726217096203134979434315672750377502682201503810640803624077345967130638252148986880
9783470235200055302363861453247487790940417062406660111520884178958394503327666239410146970503411760350234266367489293542852326962197110272957824000
-62207566654706442269370532456129190766889873426138899615162583284546261363674275743703546472376495942710493399057756272999980702828598272705329792000
385198506744122329506825383824419803157787088136649343278186491949969308485396290090660183425025533760957332059867966012770541666068820296069986336000
-2323299919164303028934299042066867326835409435138040951283342968426938986603939876162263636299784733673745302254790061388727765193338958419990354400000
13651825055869650242611962618051187319513351540102493471269381719166492346469274363681370374484512862214269309397405896525665026190390254933069247904000
-78167043234399162692120058873915837067350025754614144178268051468938441565975201540146380425816106431818570137070160679116580994664576009860098827360000
436198698729577180089108532695273253351261391356561348987234948839898448965517570787357495306255474833135007645805509120514455758506291835741042983680000
-2372741378093469486836893182762691727415515629454519804116365202690565652500948682256076781324245730659556330756412508682257324554335242455325338103040000
12583370413927114096104211695819345218050142869651289952568229221149830972860395569320932319245603773054188508289439809512288165302868884275299382470400000
-65072407821428514346734588815023231099348278988309734446128734180640859981647370816152601913740894591934851176773013335152133070675921739391966479698176000
328186362363280962113305521714657094346539497328194060010423563879794615011606965661325188471210588176338094910634728712876643351238806689120942054727780000
-1614492736179103612853499062982924107345974461986408593442711818610272435438649337821847061193211233384861451708847878407154978297246322161689982451608540000
7748354768426410216955797460538206784234762068083875977609482834588158797817391220208722901345011679422639945040005873754954941657296697321596696288998420000
-36283108060088776339882290016467809444184716367177786755676687551619584534825953479387749980331528520263448656015821811650204779855283330637147268256665900000
165799290591381672362726112459251302036146479911455614358740191435880853490340677019410262310122952726195854978529899350516775762026702707679508157025660496640
-739441106308686323315579304610688950704292138375813466841572885930340106807474669247923721576222305095410295289502771390232400087580123486509089658257271276800
3219027930308825543599501909306740095665013411314623562109623140095825078577868389040461476127476032524156391219930749885275457974498169257109735563416794566400
-13680489423492696510912502835791591167239933987740826896487565135026907844079588279448325626747055507438650128280989510800020225628824484616392369436117731795200
56765936143338777682114749192892623112585820762741153024626657106139758140004800479071824531102796891073097055958839612121385699539722898445237568444245913736000
-230003730925994243794807071310268151207466775446023587007990693840214887607451650086223807131872384573344790801518124654247112978153193795596118586845615348072640
910107322621013178988707937918700783435739839474030676252693685309358659934789993132209902552780902290041776347053739954416753560759255620523623386539343038030400
-3517295720500652470147031193037711028446255627321812851092054982433679153300257911269184344331635652338848674821214676544945243672191002134798564414726728221131200
13277911965456509736412386616241125857728526044430218060638320043425905390785061415381063533059892064796312144181046350962536777209697719993094169093728334793625600
-48966561128396344928954525678865830271557559854954128804550794773395004182917891247783965886795654475132599663100121695768331697116648901733643718444719046290944000
176425305698641905249810041445936755084200279292279355319272433796770958872602346019701634446342425826271141728306851689976544517974993844626440623910410871247933440
-621089816953055161124138507241092991784529430590261913560055337710814084984914110754367209975659664005722812471821255746508612812853287721018737282859676287669760000
2136580658574476746877297900547484437299586574364714771519731180875083657148358873347612710847390451305401052597578988199405266270746577785188181698817024168170080000
-7182786273837149605544816898488672914085625567997032735298574704473703199186122746980419049146051366840547496660370681058490865784661159416146376050208974584308640000
23599951823087587577467196180783805280967698657546421806498087094569646553189246021550007186714096134509955225253757162295903352493461950374688385452748785376268000000
-75789304641085287864091439621479697095499367083905790589321758562833078167145593026937645007707703359453482674612651829101649246408304158363961468322396496311189280000
237911729194369988063259691558509393973981366351380840851140835440998009942050375256974295862483159178308197694384543197179969096929753838383898069406809453343091200000
-730072175342822710831569133121360516667765012515337495918903723746804251854460524028031210920836442954430013919790452632328070849202145480969567258497468383854425600000
2190216526028468132494707399364081550003295037546012487756711171240412755563381572084093632762509328863290041759371357896984212547606436442908701775492405151563276800000
-6424026792499994624897088611862659923690901729007388509213685368086331742272795254326165457015099567427212194370135537762251201762928701197388103117370033752572608000000
18422681279380540140954873008019472514495797069520077491422802150034246918673427279350925605062191092810705192965910914404855946389021086433842993495480063461544334720000
-51659256876235781400649020650518369242717365527569618291808151237596885953564480360204374750073646288869851902002286222996472978553463609284982180039405368855522345600000
141649932251608083211723181321483182312132566642782266979660996258317932648271538058362062772104652804444799504469047657412795968874224457278869439113693356203411580800000
-379821059002642944784848588582762129476917299953582406276945444854992634922495305996005935651792547446487684678286460196858014017405027665968133818264604295135421878400000
995992787395067867698042084525037009658513627349664582536839251857004620192183320613876126787218750848229932767202788445454937902040239040832151115532573177670409088000000
-2554267326957296929697807639616176512897683171937818207157355882314370056686142581780392337695401124175322984698533307891060788267049882790731848150432367347355581604175872
6406583834683771966525995226097011132752944312582761464412062939894067501715935853268784510394990725917193326448450259525197819903875430380885751659751629363296753557463040
-15716368193126220187211485715852218952795321942833537284542878935010761289627034156258044312902138883524433526417374382704042540773553174646940699108524565628220140616785920
37710074854014768554666621488133693327166119153849610457150247600899844227161741134693373903125542223456575365632313338187336447930293115339387986044575056395055552241643560
-88502311965840201063788528466982837142748199240045462196022049158893300660525316989090181947393068417588879929377441104675585900722167995888456090076971265399248518286003800
203167792605132333755665073988465452650299357261349334399814876873871271741168059047854597563968135049040129333735337579703788793160782814703464051516341846889304468368272392
-456212976402236144821079985207477199340323159027218495489590716178231423375439144304473918601917841857395337327398824872320115444580780010756831608017145450141562128580582520
1002076620343571036191022336654072966778744716614422994684206605232625862914646862420846293200906774768493706967068860509265120425562190804160092935148771273405524895835402560
-2153085313437622498304719653412366512994502258147118251962385688567833748193622211545542713872285815400878530199411282795841451298227270388021519146712609519380619860705305280
4525364208572949046893524154588032535108738874051695412623102911926378127468662411657873803828250538718487175859087871057866806192642970842277352004730111565015849495601371200
-9304248134948530794850328866752711501951141528098275929020592000701965147565336034416032334883312808577252837674396796510799840595035652149847717803524938845141777582972783552
18713128818127451641891881155017347960239103851927760843402142215944696339177687093440549462459950069154076857779388020664022170746935892083387494717297130462763523252951316400
-36817076448771506568285017604098545906960913630994534853445090607288070846439045836191548297738748798745409778209785360917488768670259560283619266739071401598298717201861221200
70857986032365745575550434006795836199429290401344869326216627858555050024348031295320973966011374762214700650648238450343824740038980960066961424307941872053184445646010159600
-133401958590513120196193107861766913811616398651670183828017692580867447059451355435396740749115664664125031632282473662401357327204489023468543129713854644994285192814741450000
245677402922610285030703388845833598007352322741361579360006460785662824951936537030412283371432603658992711316268784148879560922590471213832680245415882513556822363257189152000
-442580161243060578359973938509809884444108618227547153804065760929455966785051409574177150492825245211348722689611513721247496325264208365948264322195555164379940291738656480000
779892793557251957463132016620242254218809136226007015917777455730283148770405013141721013256847183735848185608375139136251043415457639935472809358076396850860347076277422240000
-1344265308548704569646584878958075149613690920072280761409061664733008467148049562238067414263000278015425741999041445994202187259261354335449660689721686136352616431001530720000
2266373224675092194967428981885335032334810694720627672591666464075326775245747140038717052596184882302241702367211079859052298735714551869565978863458243987600668905662302950000
-3737332988000481402697537704206727748208333964169269062374585872815964548135329326624606845686674247529180597515984558848665980949629451979534937130794805103167790327144718458000
6027843316168913052389817333018732406802520251836154548904028068465606172119188508601706856572896445395629055291778435598477032513054070137756199031559645310888939362321046190000
-9508588787924001074404725041908905157604586414194965065874941217538392224953805298380599825072901158508066435639356357732670952254730625609037695237575715197939343608840645170000
14669203447841848260878582387517609709905687733221158669925402375048272008109888086325658751317726257683737262286574600095983236787429569968069841009320606645761792331535020160000
-22131659361536088802221887170393330806418224882854047549621699587957383492258938851920090981279547813211872420174263151669517522462724807264560124526246282581856278282274019200000
32652558407357866839047011844816755975549306364943242775877419534303702329290121516815081787313594186994725193782437314792057941141005008975748350834367626514991156171483037393920
-47107842147714443650298296330654233929024798599833690237817977965041896764264661519040047164320892977553242631879008616731053285988919774143995526542543005754599977293142165478400
66453375661284156312782291984447835535611852318463453611104723763705224175074179719033639940250456367919636593585554399086672814099327963941356570337368492189833901486240021523200
-91656206586179740906096025515907012941103843641600646193418694355109170530164468392004747436920265058354534866807501169777068868760946728684462368596805352955408910132266716857600
123594429356806717582094404452635616202416129181075588854171438922094420372518961847542242495897709418374853476155502083381289527027115718642650807375857445923173256283938674528000
-162928581567509908534547841141287100967605462114207907371507331617134334552260064127929671678983407075519250132916582996161033115940719330910776013336140735476912391249474370904320
209953990711584103042546856434531701444120122119557855652961452971455158265897255549468873432483548894160243432292243703139792838424595587498435888322706010213509721794194455603200
-264450547674248515037606079424029605044245098439933171506247483890006422113729242283433815305217929429875170507622105977986171782002045486837759707280419225895526647431715496089600
325552564938511671372204375615257083088436963838168011005047174928203707915363205970777439991986757219953682904992892201388841179477922684725926587251315640531217951004305424844800
-391664936616622462908334167332702194617887356320473084716526633655366313684022463889925075644012389574972954612371299248654784402271311200345676877941883833976385189660058917632000
460451091109916782956610355470508017547653823274256170219866623691090022524778909110593167053992065494077579766169008679199780912920210229906386379630427182318487838594106765041120
-528912126761998850836506050466200232339855429496970698209811686293052174710670576704907663633062526526220436616553459875127251135457708406136439738185099701150919154127523202388000
593565003711110735971527823438901434342075221366589734936571169970392190579891397085541095462618409207828238806231233815052880675259123151102363327580687257975036996165364020604000
-650712027667338718304892578317019160603772252352164522921356034014363104935093406711225694890273868229756976615947049092214432437362056532882627748219454167000598539173794942532000
696776710173235986287213944658319148772629419532359393966948757421685656682431964354673557883695992155599380076564359527653764656306782724086097529324817073528303016366942829600000
-728665921592000064851543368902369310732985572213252683402497633518927909326189915781153750835875430400810650143612998351215071938648683597335363921300527709841113505196812830176000
744108688982395188885267469912638714037821672306609468389689483496248779519487016623663323723382733759573657099770277747248952110377919742670095106161883065572976267826909313440000
-741920840278728639152806932333921787129323648816016690720789396090938714622194251183413031760769610873551030261870705773521876414833045798860745620748090014141337125012114714720000
722153108139782921442953232889650628401955048195635293632423692226837739799494064218775609712721894484062992607501134814703549775662324057054365210217953828957299231091723903160000
-686097286137495520932549139542056293606213025902053978947369380924170794771165975721314945889664528791885763958003686607506068525702782230600126045280773682600620238635689510600000
636147504475443943906871513604461607040556548168561883040612800389068533449417421641119560209669574861846745017946947624039190734073763067514220675063792788891564702923250384984000
-575537164628359821348664063896789843516224598399483759647050772350220856072102113112267636720591245271028885450216699134569843400359816762459858006183531282450201573675133850920000
507991699661159128415911169431888060907776389717662247562999924540595152574186397295414160696595409563179632804085263919750126787121266066162513935149552759847879377089139234560000
-437349130447695788763165595334005802579794655145678209527742960193708954404726549470778732288722440382720759078581476007223813589620557410097547414447476559958578900379426330880000
367202235961832043544710973490237399312273092013579735968926742242174713336244843689628596075416978284078534012998451582231118425424579513960881730587093874823195787014302329600000
-300608236989358078815002410330571162062301998036651675444145709542973460834383493098536441867976459185636993509873769130387473307553294138596351538532213241981790745346467712829440
239896552762685037070856778905337006914388732937307251322936529568127064560497157457251447668400635042256794923943684559116036291410041035191819797020800340321212139235688334876800
-186586207704310584388444161370817672044524570062350084362283967441876605769275566911195570408756049477310840496400643545979139337763365249593637619905066931360942774961090927126400
141406009954421971731325628166774205944108192663083898046558598226686689109072241909848126393607191644021837583624929075434007504682929124265952106083842543739393950017854921795200
-104396216268900837717440396188790731924967363610538048384611705035806423984117345974765376543827537166110189071522352525807292142045338423723076591536259647706231512364544120816000
75062168339515861588441094741174965769260484650342418986664021003523038676975237402102907776697725488324165574388417421024897461144697651822617045568787183733468188643346291312640
-52548787609254793368056424037387376451206898918091736499470080941235032265694791667446970173638238578636633114025773131198865213862630586506874696746745644483596132796164561254400
35808816384376862574078299824052284182364512811833313496740691553120309995811581859606720527694792935544803847656978357608404347521654920862008684185712555466843735945991621683200
-23745301007729612325914682558234915191190203828492412219598093025176706502940899947931752000911292266703797039174610122350916281328597176015486483612891358931356530327947563161600
15317739071621418159202997018899177332691223169136173289107465491193858400999210032574121683007520767509774555044112862480624160686925872051578001007370843545038593524408517824000
-9609559550234725180314026267137596391825076776173054103445621375059849049754683377922541027198085563161500934151998459322760594714652604786542914817509404872330858774655231152640
5860842482077485874223203672002638567103396923842393386018690340321505808469875687194057569484322042510916571586517733024345258078366573043012356996457637958324116086981887424000
-3473867772198806077240537118865243203418802597743180751866207060077321367272587530912271761923462008496776224063420545408664936492044495394850213716880021217712372505215292992000
2000343959364817261317321509821905547645412813186657273143420271805501484459362308429338923117539010777681918066396982236225350483422633835332490650915068804404770405900340736000
-1118582083041130561709176595243485997430562440676450240223952854884098769689419728195628481545109088219372254790635192748484123510158369330667296569301769249684647374313689600000
607194861475733919314488214969289518162030514889078086078354020617972285064650110629405421727367249106560074927348676927958307044461590177389372398117381446449317173048505856000
-319817144904367403843860942699895783873342735769130106740373687842283310696451628950522879813913042174900683636112081005748714943650926653834510858524313601423306090297059840000
163378810569635605175444587481674191674880381944559954702005134804846986410470298296339162127159570590216191249871492770731873910016120083143758368265241800727096904635260170000
-80910867904589868417177006235722940584351751878742985969768013147870073245293715070809109607230062516516365002721668424432625789096817825277266788890679360466395248189391510000
38825865510598709310612624418566168215362754780797596094537419424235665926506655706738562001981478612187415026813511843587342484618145656406298177472783219524473859663630850000
-18043178683439573760100872744259901605093365936396431836596206144527769956273480946581910036476389442628897066109705924734567496270539168819347668484458968368625314243682334000
8116048720580899483927089780841605053519714790215804407964974025860054790826888555730305222571637067071723794834853143987227361920942233371468339010085666738073860634392720000
-3531544609354779808422705174806673311314061781091352238844198932585192745308914608483023636104182925394630104444231107282133228394417570536318530260076700100642976745934960000
1485619673948551897778472955384951950061001604268915955591738822472069144873855211792215738359100724558928672648052734958089511342738867801371421310304686717166716980256080000
-603799112451754824240411156711214404591596697576025916144769989335823663209128548112313131206023235821720587517244735465024890408357922205577460821427588513239521976647600000
236930771726068593031937337893480532361742544128832569495207743815377205443262042279271672685243517736443158541766834196475766996239648673468595626328185732595188423636518240
-89697189513878842860906452391791904717033048995086610490562175234677219802843814179388139742105383623645407536851160343434490636555665118702561077812172985323219894050160800
32736264734846675029031930423942874351682584198481271527925005234653787797861731221435353814318041685210455078884116259053681858631187259771555229163289875929648825168978400
-11508414841751165549894090515461681203931801239617515121091255571220593167211601839523744102211300198831416989681724677738132181950302357065459501683821020471082106584071200
3893658231734342823493579259364198177416372583953638333933219877998509030044678823060705424815818598605016128765827649523089704004715907042523783730012494430815937637056000
-1266631806925406323378482380839213641486239847596197255519358690115826697197877553600545005655135182903728149824095890461157866590088546464683941638857842031259599843811840
395785129602952395324693099489300897495229059739974917715776610211515270167872946572326015057665485090570158984529915814755238735615376711323147000925039714735184605734400
-118664415972581143614467834701837817221433586092544931454516607421114534197919758795180104913669595252130850952746991259356357255395709225661473302081355112492775015283200
34098465684428827140695823803005911235596855175261616767810430460874997437789812346100200265503430292494700883980921674748479877012746327048433711433880518641599921181600
-9379205265410873333839892012387903745236972938595002986773249742162796048969680074595222320689171835908606284678253105975206284707496328369014698447335785157822006204000
2466241819902596081161165255683676458724896557731239334118426394787296666300508166553428526773506499074743729640113900609716373638733048157984000979485391489571518910240
-619039382255823346442712915978191963932766987099269997501705149519283938948095926893703281298576741923143262252156798798624929256145230636451813996670093885940606092000
148093437122076642509613057863063367662093063485478618127855414908137702731619958302801212186772364034301271710021135205651816468540261654573022073963084048185150336000
-33709381409325431179809430416184077185885407803005084736413914121015187817880916691860700439789243831299548875870930883836238591783272324864458087192064382411074688000
7287162109186867164820363374972101583986931986412576183301985976898645283365819618512990967637206610399719055618879722027660976038396279503846079640174630663587200000
-1493060299320904681839127345037550548446516665079794678897849847208373596079127692956982962779707599937171209859738449915067108795233124135877257334171853477876352000
289293233578981874224659447855355301739465677561757199443513430614791180310256223086658221526246499987826383254716126269551754619103811775298576952608743900891680000
-52877463131820531152745733986515812229428976762599422701911701189269419374596515366791975040378934048190058839077952362590667714468910105332346234388147099215840000
9092555944643493405021423662524350171258597721234796783099537541425589073503971121484387257595670588372383655267760009828527408522850210015485511055886248943520000
-1466418970242851931524378391393545767909035536660018621740058023872040438763854311308807894695742624237617805581537575864215915116954324857066792352479725935200000
221053570390327431661195552553870039724469489162634212070567424425008409942584319324567404952482193934662386560390457717052051997795428804899985888506034719488000
-31025618333484051187270848523920049186364700727050173496524225434234201800872535553528993283292017760121837388085350169947212719741357966822739159020267152640000
4036528381509206562226699958107608055007111051494312808613613616677008805031951504935230600853591792019747206647253982828129371783572503921504007134931275520000
-484344443935438789374544403668444916733242808909621438778126092435233194707829528644222103707964813750162512458810040731473545847143057992310611727043272960000
53284066695703565795350069918881854678880347281192409559455836061911815106569256180566526077566282124938159055576997465675501695556235652853048802879441700000
-5337353130151363597989534904862219952130414638280033755575319400887996333934077986995611925715330699369114164362092921450675932803272513493685145272131335520
482781961416307068343481307472461746786015264093777037175150278645597600884474906020826358696938441363562288341938861639559143424526568492850367514238522400
-39041169695157126157839015083501486519383756825841155735776964643525106306848705260897425463140027657473734315062571298725823335403408001508033950432415200
2787796666443968380615158971798197867804564968788903702893276638134141170572145158672884797614184800410559052352882899755121887908153479947634311018873600
-173037854908852178236539014381936539343335538479584324343883897277447598448014578125517057573924439376372870757777956917353249273298365348287593340448000
9145819325617215318513479852776834858298037156690317029593560997877948681675779970490466785948822920535700314532082562210201984274900368881136313419520
-400207794556252652100391211863231749669719772134553143008957195892974460218379457489463089994387315070011061157632217963696737941228469506520741587200
13919236612093210551648564740784219593150182324537074236637334102104046327452555447760755508128215179307756883306471314432972157884581133252950881600
-360742800810756271918243669809416216315686539273585136048715745024966258039856057672813700748519935111827698701619207194960154472243099973970820800
6192896354045417773452207057141705810080088883723610707242910371894738157598522430645863078084753068250384191312770377004575666664995872151592000
-52817640249079072363892974629492864401045212571006258815960358264597947890066166859831625346816092261583177077561156135249527188758950761129920
