-63
249984
-247796640
109030521600
-26937353242800
4249636847584128
-464272825598565984
37141826047885278720
-2266231729953000209400
108779123037744010051200
-4208664270330315748880928
133842480266372355385899264
-3555190882075515689937949200
79939203265603311371385840000
-1538829662862863743899177420000
25606125590038052698482312268800
-371388844983637850271346974429900
4729103631625561553628224449488000
-53202415855787567478317525056740000
531729408331527821223738588378720000
-4744355645838056984868807554809129200
37954845166704455878950460438473033600
-273290569020588902351533790553881244000
1777163624632941066331335046323915840000
-10468604476353418468858020507251816745000
56011221390281330175777952922000120312448
-272847562186681095072243785461755023948064
1212655831940804866987750157607800106435840
-4926414317259519772137735015281687932395600
18323215201412339889710862220928798873404800
-62482163836816079023914040173367204158310368
195573724059461774926049357795513579717167104
-562465446635854421051968123738073722917047970
1487511924987383592864709087571765217631862400
-3619698135804074434886182234722643215569575200
8108123824201126734145048205778720802875848448
-16723005387414823889174161924418611655931437424
31760273197427715202229964209998824182192649600
-55536488797441122496974141018176614307504460000
89384171318958493012881457733396681015628480000
-132344438659132918717197608356510460828764918200
180133299019688350996399838143781043650335593600
-225166623774610438745499797679726304562919492000
258168330125567404078128486252579646118652960000
-271103416913883539509728932103044638718606130000
260259280237328197929339774818922853169861884800
-227911364026355931362507846285190948451679618400
181586238427517627522867274541392516647784576000
-131224430113635785514572053867803185858750572500
85697587012986635438087871913667386683265680000
-50355902128830946983420433536470956415086913568
26484765133502781804428740129908599913817338624
-12390247002174933055696137671721293968557297840
5116655935394418777005168992238056605029001600
-1847681310003540113918533247197075996260472800
576598729468873344641023267885632972056160768
-153159037515169482170271805532121258202417704
33941060945189912946320621724569807911893120
-6104144432770480776612359138931252611978400
855737570580866020967202315368701888723200
-87713100984538767149138237325291943594128
5845968568708845539636195339068100513664
-190100434726484311252477736051902332000
