-341
39651480
-1152638784990
14891068534261920
-108206880195997633050
503187962562636033114432
-1624807908558156268594087440
3854176996480237130841387169920
-6998763874999120603671773323853010
10040202003393800174650124200391602000
-11664807089562950980910260797256967119620
11198214805980432941673850365366688434835200
-9031438006403816253799833054740215935808719600
6205078874553608951841456897349088477743325740800
-3675084597717120893747528183310045591524663105208000
1895624969211814144198947248187691782977716894835642880
-859140183800002875315167400277253668437459385637911973250
344821412454428835687048086826848468890649789131185763326000
-123408816432031495369638996926484160207262585179891689993805500
39627562329088894579635879567085994047717115994606772033467960000
-11480203875642875481956963400283730190608767796427568375025751681900
3015571013502201124330826848727590261406167032966370794927399262656000
-721475364980401618996150323558075970041425462637204212686380273590448000
157868084021193663898000741498099073127098450191269682470461038617469824000
-31712025454292036252288499644162418847518969061425101753897039016031850670000
5868297625506559591671485943752397942765846217229090509517945511101087553743232
-1003557022184446481649677710839491071262493567962676047859204276347398264275867360
159071359434097612959648228865466217100855496248591416573699276461583764380802503680
-23434011225204045923470014654687183260838657206917809744913960884545331676899932101440
3216673312529791987402352546655277569121539343598801375687119672427958488443909823769600
-412381092747777699220523154650702868003124812226414779475728394360455864839051954862622464
49485731129733323906462778558084344160374977467169773537087407323254703780686234583514695680
-5569899328925462610827324676044069584855799587825768152894612603375358782861868495500149687490
589171573459671156167512565732661582753635689734459031283963466490371284587166534190682500276720
-58675066950298133091509415337346595773799575069792038042012365120851206001814487239361870972627500
5510953880027348572225883502901020345592068497330606309356550760281352128771238892907770960511534400
-488948327079432620044284887794038444782333330374660313643026997817092032813858722300154354856804616500
41041658262492155759334452173987250377521904791828316991488326057821533728784611758185052757710103792000
-3263920297707625824747015570847765839060583781564534929606333032896157526878419986478321955358140712716000
246263966709353806474666342478954377179876788147499032558594857892940853244291569788463003022288118468960000
-17651123728872127425200756763643104330853406213464585345532635561262718744317875946819203530999389821336751100
1203342521908831530593698230287626267885663505094016347768019057299647571742313256100821371000910216255319260000
-78119714048431780265872188343451302335296217467602874204847073914276497150348348723864943845187775076479816155000
4834718830713978085118597218235705478005741891429276420232049952492421915580671844872532857810993768281091575040000
-285550580939044330652317148202046354794714130462541638569955450319083669388983430837783971914461819439101971150800000
16111539346059974836054887943196547315271534661791682694542632065015912952942069567309553330893209699671128304101632000
-869269323933335078997261948031679501062369921863633012676020600048460161754551688162521340274774709528806409658678080000
44888768818344680457843216358474306946666664430433836587586700719206857207634775994601690506031734117415122119775792640000
-2220610765455065817944269214795931459574751046782794007267087407931006928799734749798922256426206145616590006009412117070000
105324095780934150498747762674285995258797438237244723676624703879709733049443479095002609979931843341448259010558872091600000
-4793552376820187431159207673937173930616492528028776761860014172854901254439491397963396786450650026893329743392159610181735840
209508279199122993915485862504105318120908446976667182732889815905476806845321561753355996418189117669063331498969897918285171200
-8800045054215529689326604218057976966057107500839100818510882626145095891668301412448562871741370346708286243216902402316965565600
355485479669613593772612471994117038907950196630549821316506540887837778931785510100876940613113839794119849266752705374051518924800
-13820168519460132050079634049250026788683050082655103049912813445730360016667306019405320429562980263463784880701447340442164075072000
517427109368587343954981498803921002968293395094607058188735735408144679024023937366535196882837981064084105933462188426154622970695680
-18668459913746433364727800281304094987515164600758710331238681372051827075310327931548668638810173267696363573291319932869025770414337600
649471640803504726402558547675089093453005258588168219809347686317562978755456136275410622832253464079487647711992759203463133543081996800
-21800353526935000948631897600424505102685194644470924755116561443495915241417907413736783976917230797700210082251809271990917553592208630400
706429151921364006608927908453859286292125813242263807060370046201189094866974994619221267623172546389136368077565092180573254824820779520000
-22111428685458671563527946014580366177411952433875424456491543659998941221862669269080131015846307138798409747596697819999770813032119515859200
668869232151364706044263800967795220889408590689873092400614929956861280282951371386095014013345963865398817841839372915660898337784297958912000
-19564425040427417651794716178308010211015201277678787952717986701238192448276327613043279159890369443062915421873801657783081276380190715298176000
553620485044213688916192532985167357727271173065925934125891288079985857961907509920916293526230076313752118130886977019131626181106570828059648000
-15163064969405545090591567215073486334627421032812719951150662635071585321156395019647947848935576443178291350711317264866035518341660314537566311250
402156783008688227377829267657343096973493560059849028839322757925581435443195503034714898026112415128233518484096418327059994329773512001377877058800
-10333195118973239175680335349528954575013376195982231991010376418921189660693217786308646685393166222044889016605255193125847076528902738924292674427500
257333158552073146341647593984081285330785331187624343670980619430616536990023658446650975774888135062339548439370614513237847266500132543957346103720000
-6213894568436165938812574697552025102979995182616040514980684044931736736742013761067843426058971560695425380643340117799437351262025367530416391415022500
145552094575089524363868584387944095669886381593224288643277858578195186070461956444924574432702480245484948214523270308127127370876090944547791634237200000
-3308517927728172716973887101574204350981145932292839692525904319652644493819208810365743678548741826984154901445268646977450525243989772549934200002647668000
73009231160579633611619758218431757985150302223419061177659511310882795773149928201762611942424527044974685823600810214197896534049081987394302798709487520000
-1564642468026025377189452214273362850477670356117898811661735865761023526622229470183491685757626867499142104734679632015189759113281416194742449465321746722500
32576507996326434162117489599935851939613150938636349962749656179004894412795947490298136520581763220635168850538970638271595825321223435848951820806226016580000
-659174574239034064524000809919812285275536009816581584664440404111511564172727348733105372016629341428502535515699532792856861837968985173346074964286682572525000
12967399411021253945594281532886533020346615591513538103578367530197941981350634222472979208155046472019978056893377333462465582851963737482983692666330159421391360
-248089070622386368985092811771403450729467236139231912765915426579730536469728503246948851696186532269835123818733147893744764410155168422880386592467592497725216800
4617494538930946296212339680316733613577022844060806213112548347769678556334538672677905158100451376124278222911931242430514798817581910238100256578172333835212198400
-83634787262750409106461406270851922093252331746707538176588344884808558164430828092223391634976239364688870369859646141044615267143503248275465807716117138665167427200
1474630987084290180752285394334969637420523407371847059918567772972974481719911604433305882953498698876840778000217186566343448805715606063168123294517149485453456768000
-25317801170595138961131542408581374801469458207097801061080022728444282660291501094802513082002092270513459613662791355796310077847005704660465086832006078532986137988220
423391120932433873923998297983470270266305281890378102792516398988707010133696616388009714274846755665407222803091215905802643155216196603466884518702592125688041313834400
-6898492123140193028776246509841619928549317038677000863717983212969329849675401576683697243725369721956427589030080954936350412872697925533316696492489572503570009253384200
109542727585215850748133424038988893485827680286682316516742287651784138614558212988326754084134946236646469272634433999477027778337954923782926413515229977545439171468457600
-1695692236464739412976881128211247433530261958519398529129985313033747525535022791050168610379767503216795720848001141382210651798322438570038284795379959509268791596321185000
25595212808290466632748338867571737039595328463431353078588190767918113514843937093531790722986287173814653859211019027623303092390014098365964731715564963909040461775557529600
-376816488186953415265927917468300241692311700884359502428620220628010247439667670420390620994099767295944914205001596379497479342196685384069506464690277324937245900545102976000
5412138203696667945618913431604420118226263657886179181928941924284879114765642989396420291915784634994948277586753011706689123298835521399519644178809542680483270754400744448000
-75854499511186111675315083564830700719514976580060980096722826657555258842887215023259203153882169024851071953051835179701564743735241604615142512943627496631148341667147933904000
1037696448306038007970855000010737877788996700191315213139866872441950239643385761888696787495855553027756868682325067551125054365755684923127994281349763354999524593239761408640000
-13859140675826604659295687006933535105813759509061317416380733102178101095661866062577914465196191306431576026039828164536822161276767376625791302388975154260148588891514892462726400
180749570461209190098289360795655330446550661390969965097104114845457664331781371182032938321602301786572903129127091144786474268553420682959239301776272993611405337553871318195200000
-2302442868432914845088287336118285770646946202645346021606152451594129134600622884774721799506166749967264968888598249758677138021340283290951831734358745906450955727675536851825600000
28652622362720718072209797960583111812495330521808750491098786064282495897252195899418760171632297332925964057280333774774648828710012414287400572694242171280278560166628903044940800000
-348413423467918464607127856708335496683291171108617156690369971556907285160735874650639280968880962758740403817845797015692863671429072414340171404836221151336524433805278688056096000000
4140657080052638541817407800455316568671809179880979696175326500754310003013837891582156977240808481069413933727076875868715100935489926966478606559236979036869835420744484317578352640000
-48103238962221760577222305355441457077348876936193260760743417079346809947122021903455255725725603301399392666502765377049043216325762698639977431777854509611813034865669293995391311350000
546379993024823466511733682426053714610524941643622719101091558093734963616625010613887776588345910939223710602028222061428987843040377418328373694224983223640523186540951088093895230800000
-6068948200323728960544795297809676396658368304843475719028232418030546096806612479931039810819968423705077860880108771849964612258644142217306947165643329378207006660831844983818457052900000
65934252052899771423202714346574262087152643311879736206726475652677537841849617065917469549649039664944055772524638508987269861575393150015186586490939874726199578537432389947657311192000000
-700755824243424060662940768346825914888467008382989024378709655884222139936961915138277458120624958462991919155969110537367602815809435937676404559884358082577521740653685183602696669079695200
7287146146038861322921748525265296838679402043845453946288944250190989570092434070960540413433574707749650307231173732556019537957167431062514753035244849073602931697729921015250863901183616000
-74158128845074636705784887409603405746718478488679846931106742635281757277266113238282308473001402281085133177500478785258908171884949644233551951856268635656080122968142142188746224266207008000
738659420427630032045781941968857676695940716265036929484768753676641894146787135273425214530964669794215118591085926495982594432974493242100848511316393558964020996728204020112092658182545664000
-7202543988110207223530731556004583475659891608810292138323884671459600348205520083359078240616511547692945403310731993148927914374413362590436944179547286122054407768115757856982419766570097860000
68762899774378954332875345184473327738236512578406903338904199998108997210949679990389400389508529656595796949739175208243406490285102303203540226445571804812966779504833760453019643986403829510400
-642862122356678289239666307841135698848616452812277782238803105090900641867587142629979936268772116213697533871960809874504150478105960434319676316035518888979894566846320965360221475841205969288000
5886323872032081266274146072460646133435073803931933310128238895352371044480993565917202959116771638301540734637557482816317503967228932155699214565694428873223889180857150794011943205117067357184000
-52795742842968128072170982481362775766596117639398754038553323775298268309367978728185872940150831488699613086040582234207363538455040225937310076321952509038928636354058002796394672692878278095552000
463923537817176379996183029295031881999211739883278336977103526819387190598267568321067682430077165846329400402544969720667347312070212910348890831412494061414371655194314913891389935959640790604800000
-3994381660605888631767135882230224504013213080395026481372861365914923711051083763244392745722964397936896137465912189294945860356924533158103950058461573868777739951223051408604867348612507207107328000
33703101812887605077389128018558082902135673389973780781066688385724816898049725511475291765713771512825235163619530167933006382818429873152868001629548349922744407542338156354075319337858635601889280000
-278719600826173588003277740215334809153288293244237093182837615837845609897399902374355256847883411625155566021077742429118804459058949278639912937264385935581611655390587797010739110503144234808130440000
2259442659622435620753017890607701211142233362855154670650942696421573715380974132240133240413353254298935151536831331687911793183969767227705745787619321557202896520697824735231860506414086148755517120000
-17956797099038416673551512221561743582088763687480351658832149615258713542099408529426143562334040540956103195327918135840717879271030887050907044757945646894098273864287075082981125916049468134365465200000
139928595980227075138716419168640230366407533502984886242163025387531340854033772809719519921353261398016799311736403130979283309350121670768867781064260611441829240934439985614495494321693307225343469312000
-1069274515581662381178546061312086183667200849616856489881867797671886899770810247410776578174282781157184704907052292801942985009209739952200418370090115738072688146483634922771291557939069137592593804400000
8013661414460801154932383484705204598932388747453615385343018562258325722937173270682035992991162180179552432305085018857252883195620252843607664652223329227872979934549570750014781467754034696756474803200000
-58909389643777953448392270636596569027069988151616612323869243821967498277986228416202323910844325429232867589302756914332938334189464393874831207326028677806477636251126861049932705163379756496402074937600000
424816529229758110737223266535501845141189689290522452546679413819597551313322056765947413161176648035679714583687418691595202505997323910917150123023377485883588462253024154397226739021562088370353780992000000
-3005606445448401811112433584576629408668718523236647082493628149955167925371705865650797805574572088786325347326434576647111862952327316483899317478037827891618463619638913463482212319323317161476389830642080000
20865367059311219184582183562350154572576227764618045861939236743490421961258123364848513691592070699012506543423182184988214585784751618565912617202907234950078590417327994291942630977120548889588160807763200000
-142144962625166601159572673116878434775296410014040311493083363886031867482242000458582688980540257502537699945141118248538698895109947585845729753192904118666562673511543042006188319886259896248157131243265600000
950376578720394741258053739911328404679144851988909087722147427047385515206804338051857766921779901308526236026896317871385185447693926776618894573003413141077410770773983857823382968678363475794407438662092800000
-6236846297852590489505977668168092655706888091177215888176592489998467443544653468465316595424180602337203423926507086030965279500491394471561495635334898738320508183204269066965950731951760309900798816219984000000
40177664061225622291949676042696162198581281773154165916179397995090287295835560929398074062657044653366627061679775824098101835097693555323487609898897252313880900588070970061089583160021528688215987561308077408256
-254096646514698828812245352926864963816361400631994458857016405624656103296697499062497708885177662410007318602164140313590949530926172929091381548998411351636130752301918981417466590903373745776034658043155550023680
1577796970781828824056295900944347439775325624409170379034528306536087671732336036090722954942545306323209930723785912374403917007955736325522973829455570319862469285420161809592790254334099286190180610846184800419840
-9620189452526388796188463843788908458937726068213067221338639785036349496035471984701840272820767118272076565522097246610463140707016247052659211220771674087115545300635858416314145998365082787630644072369465515596970
57602047776559664662713691328353274373448412080809447625394030898444916999277352836710015310610013560761355026057434628463827134189477727079319981133206514394579228036497622294425906332377672553303129341439429359658800
-338730716572915741647641973840418743225306310118516196121851135190435165461845124394383315478327441282960013245243426675228615646324525798513011777810603349529448417839950899481795325279173105089930076750390054981790012
1956470405378906142539145297305652690897521208492938952252076482726876848702178703453835687326601945106170765856799047377697126208477769194604610886113105530293043947106574975621208125498026815250502255550297899294623040
-11100252230517821655933900749296654503217186300963410583263517266582349898539444449456831642679401313553760525729200150747073278557821787722166438152461161237843172949903276076961993323138110472636530158226342942525743220
61868735819504385363889148209319676679359422906019818883210848230362770150760410829376897807397113138441537551737989782489425557101744908988853720975038205029195212136178630503693642699690914563750397499002295403329644160
-338786113246422849794185815197224170722767612900111310519698521510938927103671051169441049059496611123705957884530955968103852077413069067516654160997473352054779418205043653613036167211356046696411106821641829780150772000
1822771529245061122601848246638080289952905407436670214777479189315589982775175231466157009963127555574546579222253356291269756889043396460050098239273977888015552846722291385387098733172934349238040465871215981394922584320
-9636662737198761995762420566474085269952684648907590665658293821757405193861943663976976817649460857583101062351213475613203567116950071520653052353341583465592605704841006872841557613717311058620338827596066973437635429700
50066080069781324510138268116469764124014395305252116841050218293313873688734927303624218841847420062051433256539588067238249573057064061703975728119721055298463752330462798347515902074101040862495949691328663365861298205600
-255633030232373800220138352071054949282019940994370934954484356027460677161915465565139055215538625528969503022796677425648271042603956005456284807560245549992476364490506780241409565741407420203030805510172507861071993993800
1282862098821539447717230713566041503151216473206055890129227429243961868310093863733548097598396828905795922213672472604464383846119744024069218722687304411121086294756976213043169167966816596598823399527267033911782026688000
-6327979111028839558405590949912166253375651012552790281305297810547728438269805348960365491015847133440880385486738179789399035440137906734236537516741391723040701227724449859858501955520397723253614545392637964572703985827680
30683425698062478418102659200821529441447249012126602440411986768110307401499383111502400952362942692203655206524901188657414969892324038488023852754583278612802353923476533700033176827733330341615031546494155212756333395392000
-146260604434669273859986773180190584473496589629962936260914448134817417997912924346770297180037143560133838895335941655930606757644341876976462440746492808491704218015413310337536642389964516586243403449433580469376140496176000
685434311906852455012482392655094336704197035425625121412096111969085177836372994571846599802304246743349114823112815334302015100913128796244723390953978132103134560166907347854017874395573355836122932141724235099088185047168000
-3158266846602055257241880314729503684432991210925026631236435330733325777217219220986066906737613775805039119202079183117085553280128515183121243074300628888493151598724303749552089979220922853171410375746578030601002152793772500
14308864054217615961181096373834654124344780536878684270395143108886263031372339315778777135229400134510573428714066809369850247954907103081255511547471139377041790662929002519254881477320724247405273091658313288129800764162834400
-63747479588514538363368493954832423011747142225778018940611501470040531468111944226071100142947081242906577484416933503087250365783343640650752001037042444686656673405191064188451858673942699294184732555326126919086438805063031000
279286472655090396405980011092225237233010571928310269292682311405973307193719930758970946954189739248852399630002310546729426009044412473862186748215043839297290970642614115824384023526285493432322504534121666328092523233510448000
-1203351873163324796457595667770769777864309657910798862538142736649084313961911336068270683925107972109612076327644633969534470345853931521443188401035938295350640519372625657832263102097345051755948731300986144222351536943435699000
5099380398504823965169614000444755673234280105231654294292530456463485980700717017129989907827312193868398006436863527041746001087245523964568044897502863601936320889265196247414950346620342438142410550911975877142418476448737920000
-21254444140096928723447625358920428079625956557721323172135457721671207944715286337043003713153473993474321486295799930200088076798354332574273591934787380064586227080719083079058731486951214852952595727781155988190806539548404038912
87139399070929384547514758938286988153301803386508893913917046963809680218937106564921713394394401513529212426601086683702654858081231656902903178547604240534955506666620757257594413376615041640893322601332505669754685992587378165760
-351427795499999448752760677527387755157557225335212050217150652914945229127419614716053951218381542149675875444659342708074890569227619550521200202022598698075032429218997675683469297748998430357233254848699743801537931818356740622880
1394241626027423162226767040169317595668018908596343864657491368171079213957098315088613890279530547333277709611534131145471025543393886235892387763776444371294135237149248243670176454378443428772564690687703131544979742997754163575040
-5441810428117238362772840743517999799418543189164301308484596411484059176924388831850967479917555452601823713534814338399414972146409811073763656322902958898163333961322320951059617283670965423525571369265780079754640323435111913953600
20896552043970195313047708455109119229767205846390917024580850220098787239389653114307715122883412937991003059973687059453753493042213674523252440279947362168947202411477712452068930369296507226338194057980595506257818841990829749581824
-78950257958696565091147746297871793539650959136522553658164294604165967814171665663832300582409410033842158791472742302821966014043652872453995957492593697182110886165488094650126471186923379229358368370357735610736158507020333716522880
293495478001999417924948285478785678349032280725296549020443451789887458426231411745234344880820279127795232844343799857689252699859953751012396347801588123663888381724045806685073991147720519515784251308881497402855112836840732650915840
-1073591033676837880413896113806532278072367440273670283884787481457184467277206129880610666218629443563246165584319130411977627335086981120060847512105336592237433718710731089931938056787229397557397471429784157119713200565685995172395520
3864435111925645627849552879885860421050806418452750913077633828274347791710207579571044287247153172906744237497450293401762750187607898497905032380110977805213657228854733957668065470813570474970261061671229709975629969205230234590720000
-13688704702520682467930675964880066751613600657488824435499723171161958285159114590745385430150745971576424773457276955311142498037596556394083056299251702279475767623819380078722572068704897821905400130211280520714847704589823550895354700
47718504568487668986621499177754053920597390355722779830706955200269841080474425925687783166869387986252295147934089953393574172396019630252279810470289873769277048049393124644626812705072125581087610654137236520650964028653850393846852000
-163710981398907340822604782863414180492639355108147078479551978561450071687344760214569079903803501223830128724071850980555450303308200710601452419422096073943164059412559395047563798793117625779011781758365887997631871980182393229339621000
552781044196574028374327986760608715433612925795554620217455195931529558177389932943257980967669829568002126843085321057156481523970992590969833243674774473468671538184332434359857108559906975945150550081166793783866554973319389566431408000
-1837088549803345089464578639819936422852226776183657411069944701380865911573691223830053339857048175042231934409175394954414489181296370194223622266726268452966880035715591710486906143985250038848054800676869938368936348017926592667886355000
6009320767356719937093021684033214254307728476760763797988796889850299159636607736617418925043499808138145349889569291939773617944151682057549271059157927028371660916829668884081612986547306793742970370214116776175720676183084320904730476800
-19348852702994809711807894792997783956795369759783668456109595153576999308272536704579056979405012355822940418382640275343170788652012555906374621669465346044138322501295992587463387727950711107375709322733615581586254064245324298601836680000
61324672384205859659583471495667113181148708229294633087326162100289652653620641270434651816973281657854399564763108724519830483363644943944790618473497825936156714207556935594358484278712727462553469054289137240043464062776460446843327040000
-191328893003685352325819931600551267906477175472895319790627829367389666373294813221041104558078807502327269787214606893248395439113962685265959023913010135291246874396784335233575150585693262548542758805043174530417634459180370520396926345000
587632453145312807885610601869694941380069949668512217780675508284283517183061553018092002795233815136169885708990067458273493502296026285897900128764722841208227156685197363071643577233885823001931683147592425678660932556958863556920919400000
-1776744338695175725462025605604699435042626030172465955082809916587853910552702476272453193641879792401856774503019414691051769402218999061870048828774749016872529314128347085901843855442013048433626034779230925544189306150851988113055600626000
5288732507097161353723015926672584344793617511925427883123278107445258519698615763303386545418734555270257982036962137228861735534665082532921892208082970980082245870583472875650507478460819251587251122300340609396608775601728977988453181440000
-15498825113838649198341140880027482589932810216042415534854612022754920831608669917222610307198757089584422534770771579615015747892403280839532493535835902347897190043333401429836129220528584594877633536711486946080915056055404854132805755520000
44717649979290822799797995164293266617858198662691525485842007998561025214710543776671684494878782191178925280581565285940587385545952357481215873627802527299462666798821406671429363842797431819869471454512690726986507297955037587760233973760000
-127029379259773656192912755123036147293859637203883757742431031110986952490130146568656633141169562107026802376681778386091961226512076645038048989673641047707434491281299877156040508564532736281803206911261856453113838028822268718962839308800000
355292359506128074934208488255307240248256035406885458063205629415271784571251847656648247129470041202922050102107899083725486720591622436159318343166870125140506409312359911107846720052362973353604424202156590248095311353364906102578970247659520
-978441849421173018861785094609342204589923847507243155994374877881900812979424033585691461821392105656484552039008081461040891164129272724579372780986888430562722728770366161449343506394202719587074683837970297362918728531727573446555367283593600
2653151776055012617649665401297610487545826891807441047848132229749536782668710475954280732377378855364986934304248923881335050150822240623654341871441735961989352397283671555027119587449337975497499714047791270119527333340589256581179468271436800
-7083975533358348138344550686579155233395856506950956013281417820986035955164275348261087208588849861990651422842335128569287376518403897552054234291704220968830111247096539658522574035458011763450384525606015593937055100953598956539516458697094400
18624702691242696768956803777579602286485033305625558957548972792355534123873741622843044425939412389566258102438697644601503342527085432095909887229898054817710076822053384751847371703348300956682387954091656116639852741934745360597012155695616000
-48217860692720019990026717829233167265205280207073379966610042802332548081625102502027697823834069464481706663291987565642552526991186824988796828726267862227294412157736418715114487217548112115662820493122290330860107649574949863957962241725431040
122925299137876623716218414367618635877718781566337068307172271141015671553900325416481588542676398207426883810571923979196788469653060761975040784323369001349886429089897917984382710308281747318462768767301782254309581236607545942973932615881932800
-308600987211943195217050316494628151904463854568044064401024168315222805198879644990289803720666019977508675795064891991850843460057347354895497720745634465802816863417118740666203146996310387083728066126751428176597688893025410517446060697346150400
762927914636185046385679769572792676773697973883887371372378779394843873750355148497598418275893013406727531022873556624244230396400845119487236026634792579436436255368332729470461672373571309010003704224252866361995755586352527324207777397195571200
-1857405876768890372410788486739054713583177442621083901978034052800685441099746665728808767320134736237284875489140858481608302529044767809952015285189413349481576628920570215814118718850177668512215126437973845400741379791029863678456582347703360000
4453215387119008572638120089637980236019903819772554000312916354612506780274092400381099553286222817142049605350969825670324349812221985899588679802527465355881964992336196044670367438830392367200535410226278505718136878309211000555133186884533145600
-10514536330697659129840005767200786668380328463351863611849941392835085453424940389788707278592470540474283790412012088388265825945524133374028827311523182090276861787460462883249478675016204200334597496367602027390045407118970417977397802366258816000
24449025654771027457621051472522244433050452343849316080149344691990233303465605335425644606277301741172037048985716689954721920537689334350682947935444907836214709761845782206033389860245291427767645389477607482374084822089785885400731222111162368000
-55987743023432623623174373105238029019856396031975217733676083955851446154441933539875096126591952552773912478320420771131318698578512948572352471623220476050806642258785425373747297281537832511578483332054920688119944071001612726535734012109867264000
126266694044616112625148442018923759632698728040534238700622751980162719470391147111568481956223165579112185808165871541175751920648498170179690241425677935966321858300936532238993372777937005882611422335050653974831127190165166743644319364395479040000
-280448470780924225107950892784468863465634811994960548289602018740205734345025832868495081765427413830991528262729854461025289882258095063245920865588705888745585953474442994223122648828470001902317630311542838957228105518964909547704852381069083238400
613464213380054087432210773942617124107279350818175262561614020873013831877773675691617760611855695395222827098101542885058472426857706368987266935500088537098702313183864229023469405348315730155558973132894343597675579628118740766614051698399518720000
-1321600679090813678971459500710742842481222987302707921735451950294925658806346354231803594143656243522200826270885694208514776061299871601178976188601631167284278472388317748382076545262239321336914794088950468899104858597176270493223419697585573410000
2804068427874713057437042263152606199548337274356562927074451355357420727181485813515742748862021537170033442557938150948678884847288556803790084193872697640549037456838936032917186327825318747990524578013850934468953668142823565991581876172235040880000
-5859442063721086417316829333235113045049393796943668067801313286270707649303537884045743131157766069474367097724759429305953100723111078484272270470483534539828330608808006278796155775104213862677085913431270771105081869249982977665213004877389329100000
12058816519094210090034077483278027783126505219556178522389469363061157075710655112528170268820043169830008457581821798810431712036496530121373065034534108585109949773119772238092622388864046286328942412662130847168949027219636236690832581451281507904000
-24441892655645321445764875136282893412462133718261709721102041648135073815603138284490992762954827712901228877280522552175506696629576278579256396004633443486557326090274132270904884483259552376223529283682237047449245522814894199550491434680967165060000
48791834569768722282107150572241189374894133407744883287722367764289737912401925563041722057554598484214589491630205446214559890780142066378730488063875960055414186576972289296079342695948981980746457282213668699012804997385026242046321019031768100480000
-95927156237477395350932885538634684048788774631893489673701074894606676080864279579190052316858886526063868846198891571724304476626390420627318891656447489368206286572627618153094263263331794820171275582623786917503570318932906531430575583713692222240000
185745166543515736357908478652117562002503048881937142702946855456135954190062699379619030116833903659467626148999545610459828470687902261400035671124880520308933058619456219791905964673424459655330254581338652580343268403721503821370584979146130643200000
-354220676227648097127940416501554493677823376794076179563087227026237668039304319284417980908555175126196249756795858467787154389313596810046403025726925274242143066113768497548659472281337280174206178742977343937029121427607000824949239819856149789848480
665287119431547179774463968816067794863326101609725019312567975712257475082854675560051394553133998875665736777447829027392620852481763469872554184108291621729507087862002267121909872446421445499338255068367635898660175092864513813943920138874895325702400
-1230611604581288268008950518927809747889894720399892541972715741173268734605152003412557570500119959639707450611494701291552613569325704867551484466080323662711450016433691430143132816455213984951317358048112539327594697467996640259166877274822578043771200
2241851886217245573927247284742375048984206761869026982236300713954709661585526734455762623033439433377954275335633726015177213858050894605955617506796623504745904429462255406433188546116766344203093904326431229886704096879745778289601199028743249748889600
-4022199901105599787996874243446977917925937088498435688885846616864388621738834910326305177066314765791160995000362652655786396403099049542331703699177477267922264374899060455626057833424845229957804843486471255754776081159318976739549056263963733720224000
7107019056668588170315190810741196722748563579858175859938308777677145544219843547916481076222159886938452131939248759919287915557609114165743795119241469411227499427067332140225307566419876440112950778296999632773983407080699344123068524019914122810920960
-12367278307090486696128882680252230935794317974234776990695268443952512317676367866808665875050084759425252089807093615709299088612301937872781377853246920272223930040338088931448247649219431042514394623040388770906654837776280588810632367712568536124339200
21194286462840874211069945925839151954007056348666436649180493182485492882251885579488295001906178068429020781318455468943621803892239163151394014761596019730447563087169048202154256140807982924080305863826503027496965577903517846333458331019844867900825600
-35769767350620657180789900186459813198634736349171995303559820421263480810451782760666994178859638591495973797834912698221533682849473626475252791601503711461216940503324297165696591175882407756277082407059443684327522549967205126334368688888591270329016800
59451136870837657364193739922093872352301500857349576681816876046421297745903240045429907222481393780879734844046946312833573988115468631260807963880615586916150039617713513294786578131660511506277699291511540749574829722937183035458784524468572748469280000
-97307086405304601954758919304232603180532304611890018015197821539835276476123396138756828417821530260718370539187134508087079456602327466508761443103553598167678594323042610048321768619532593674254662416340011855897069937218340332935386071670431962749684800
156841861603392965932335303548252096858448781001083257176851276334731462454271353000094113053679679510998186695987708548782121286713753487043613601606230906864459826343108593631490085940065562814503595494183851458394324895999373380908858841963796807055488000
-248945974572829387920857145541599764898343731983674713359403691257803896784895770491449664981095302983180794863200319614286004499606155048621178878110174755317505576536096870414062127552208460628743391593284830266275274900006837372594679227687152296745224000
389103946503305727616738784294252078037235793657042061181468283507976590376921000619138148143874234061657002035294167041112855718135106941035179012201034015496814023745899210359540073375701610353004284526064358567350223582386317788918289876209555944957952000
-598873082131310686764473604921398325627883765305192804663634203053972617100123956866100802950497322644682806106596850464949769309388440316596746280788494248019323444487066683601017164640718141447539239121749635636729856520318359886276217615613384373752320000
907618229135556548879869396784715653871001083011802858269671340814474973792672448290136459740401091080495374031449409544024251784500088151855092643524472753688301205559457946703144585961495946289860658429708869100416372707137328722400577637196565834236723200
-1354443570035217865135478968431409194975318295711093407215060594654660066236171536612670417726025076442032973614104619759574085444440557218212251914124473068320215437180153882441839030297692799649167274159132373352119554821125611117479857210001090882388800000
1990202796786442577341928280144111470167814638595892353458864547247663770796007155839025919923955214363803553065623114748761921469382043259413921179938001243246030846468797541547192044519058807647755994682806752680665468308592734703235708553470990684326400000
-2879395120331736223598580985562424719180381093888093816740407997540350515289560306666608559384971565398788841388204875447786874725829078957737626853147823236298866739135070965494492959452001650480531077485181043137457192250103330106690884879450486206595200000
4101671662831555196852756467413624753745827575205574728627523913011754283784382313785423506123334737558542433302936908959212678661175594220150427776882452065301778020010175942173510956605591058585723467271065425390443805894936709261464966430309151553024000000
-5752594507121256163585990945547608717128523174225818556900102287998985383007596195084056467337976969425855762707369014815295781822298770893760974957077639021585743673064271758898349116639341459666477162847669259110097437767648734739204615418508585053116160000
7943223389370764637747778083326113959238091006936573851422839382949808034848432411221489489512359837392348900247434867409421337116271761615758075205366720083858695630954617788745207191215519502874781840307258549873773493643664762613622965619545442885734400000
-10798071126890534827432592489420494621521678094142716466272542207196824302222636682383859494538989774080334373627899395581304304090148105124806098622959868222106181137632224007640667279235982471676441826050349019273865813522534861229301554817236548109235200000
14450988952860883465086647536767535201824101038053973863608160811063223691639102263991043799001766523448981745735565979101268154312524617270930352019047741758684280139791666274336939990100607401214795318773810612132042020180412638189637376102409595000217600000
-19038636494118078393246827874243022849899995996503466642494767825560714328280509709046714571369016582282265192559183455207456380357729588342929905138296216696385210830694517280473601284390956876939254714356320761220277378508174773746930380007369783910423000000
24691372200648228246657061351334319174973513820176426782807634100839787850618965836191033914030699313112580809534138250569891478691695681031968510652048916610723306712100330401319007722034027944934789284459824116517106796312745144595130094415088800640449036800
-31521672103204395857609712691161294576790429333632310838220921402327088393758510207315302027652356267356602546904093598332088923723314607285016577983139823157690759146419101805505636669183741721150304160333675924455672892426434081629835104674130026739769744000
39610536048180462275067323568826799402983443890068881433687459540132423056388655959635941642464347707579707118654230989912465252361428854643392913845878434068326418836944820976733509006636760735273816588521535125082065072685215308926916545981083807010684672000
-48992740771965589083179511070807493098138398195594007185707190405738196469233252774636660122066985313832187377041225953339523282761672650565678558432372377564080943212508486348511742624648426535008860133736710217324590989120523405626230246940322898187249776000
59642199250248530864594115039002886279536151881289857530091856286156375023280464848740572876046535009535417748523328404515458636782387483307200838472238374243262474298479086373047608725187459239811705172245982728666537418154768486779019068375321100289354240000
-71459021373913083832303206149093420326716083977089460493662607623305807284509246551569494318652276662369835771628678215625600829071918734962073654881076378032367086644837485319662202053140006693355495000418197189520109793952124413242741163945108254393942553600
84260070554273931049427816774441221246921459564822039584364072480995509723230857611827975160315609669914545581058758893708191453780947261179769388975418858450863684932688191306631167953815880908264982766933021629366115856814296360286225408733460980237755392000
-97774807272002952429290152204988023101571299049496323690558614650444718913195408625556254544215071959606360979417860140909863882818010981931942195437680879203804867156675579006358926443435613738992011531553502747943658926669339101040368243780948507036071056000
111647955431229291882269983154812531601477425826159555310009571725586564771257709140258308896921673652487935490358488567762977432327987931108050628664604488268383490666187118822638150787110843207787816663855748721665960032089109571951859643177596932125847168000
-125450004710102677022731037942870936642210874131683589751777684644910391510549173695200388174503359841283516528678245473219687094089770207126576355624767900151806089985337907910782603316111378266475736362110543869174121392619666637707980213063438732724135200000
138695798779176623780893911319871940382559115092513775570566560682293324835999825244620278866138110248427458310094684574249003444395563780286468917501599437060546358173739996476247037176432708219790720856949232530127571856003374671469414936872816935540150272000
-150870528745985631854450187038825795534281528078855700462201506013658810061567247422531592845176985948739183455132980194823252543786003153344148940082490697614069252907857614308270373946677959413530968527690844097202293538063136571225483049957620188877118720000
161461468496478276309614015618542189128464655163456245726002900701330954626589940662344337786132546054774160050115788165557787336645911829546965071235711527977655484890190975650247444652436495153308294257269170189446567842761154116496755097990928533422018560000
-169992895924095667048168403528052406840163947461038064514540551322739816062882993631809711047093896071403265710556374176071071311975712233929319185673401037956419747058758548387363301616011497448235413187994518441282836071582991103126844569219776233099514880000
176060988478309197362960080403346937005026157311584389220780781433330780593479769318777026059524078562774062068880360922539251392946256819020299417454848574175903647275015418543029935113237516658279915341148714325489619964546309652509306992437841808619724800000
-179365188626660798792636466634527805735971179465296589303205504084883394722326151795054768510398132884412235004582785751658434218567348895780038022841457798285003505655298259991728118444095324913620203335658814328716256755894826331925323674014670055062744288000
179732683288367254174884081853437755786462399836095478684019909053566804511619669676351776438166893370857803365415852529166523846363177385623494997148341864984886693223917610432302758104136428607852754500358860796668207213943955725935397769109584841938873600000
-177133243654031364135164683975392168409385464301275915975779951691221830066203682718222721820259520946072669845668102595893454286601726473021502300908593119003700315429356818545885156230729496789144140282378464049608956283163774548080960198068743738852980800000
171682666951303545058912855311345570329826904653603333216918799559552368005367900715157289966249943314630748033112785106744808137831123465324842413683561133750271409382935349269557473647260928385515375986741253103138406848516133125637513151041852388051174400000
-163634321018404321156409734860291326060971978375583195770526358522688778595548937215829085244807394406556063510128073617344701319894300944636155985697286961412576443251724442258482915246469722205658257363068268061972401515369658260788442014174111693092648000000
153359639537048787854643665877560163913136853236098430008608593503579840544293228021885564673584086292964896440245979332233961140391066954459834920972704294897557690821641153247700372846404009869246329466335168481371418902934368931593745838390317824350187520000
-141319655938653011678138079642774514849231221837382327804713765231131102649753980115018317701474264196694881518777133939157030256360431104426146711085379982235479949578108581381089485289505578861103205147236774908514726272756545103283846200638443940030540800000
128030618811015247938403316527322739017959777957281647337640991195644549257604648312827491943744128418425469870115060844876778447926596862820927748612682102281949348015558647250333197248300289380433974575850628968568997206113848136319309400280091026788966400000
-114027269878560455195140453782146814437870427243203967160086507783620926682554139903611985012397114372660184103071226064968380805184625330949888776108169997344861138076356920207328003799267445229449008606616966425131763136695145996409384934624456070733923200000
99827425509399227560720372756809230297698533745602673141554098199947483110418198318866769027482062678795419317667556181456487961571933726294091430253567965934082717613984510392635022761314122789221015583090094313900616168445872238917137050231697480999296000000
-85901100341135997719089637875743315434248397493956117827614735284662009426582417980591579281072205006852743141175661423918582064980802683741160499367474220414414442175963215254820866546019757403633527025186693796734224610482999278099240763176174755609970210816
72646634595890953452692749416987093003869059514578847285841702448640368601265237536006084730330107185046493778858101310556690408440773432004714709390311684952302367885197379545989044135361862104817293692194521443945326062229713838464906078665840081568534036480
-60375274534947985172158686633603045595004997386006044079189775921704030197609212670663157183998363361444929487383377627665193526175968433813820046256810276466484978424619899538590699520219088503179993531005137601522777676780952495160341838525873047129984266240
49304572020978316813558700615721201695731869320897185334990516442677015208633610347309043295817188983259375309167521994615054070525554562207127145525410282483027430395908878262138340628987989099005212108495688929787977233212422453514683694221506911833938001920
-39559972265266640366015657160592845275273733886109535601490856278367779965821173656588328882881405972447479119583619196032740311872331389308883636433177247081869845223575904942023547688318607100719275912894155518793394529686295621337150496487325706663212236800
31183174754763658878900400206433631333017001215938952045982550240738468741685968119063304655455122560919154013892779477306484235683632721113666123322090472532538574191151196981289641834870565560237865531584818689292952403131115238250780251410293985709028933632
-24145358321082792202908337531669229461577571513409761376547004882297875920056983218412283244950411901151160742721391213621788674007659033705337332580253311594599455983428459027336774824684247579258277685551019659243329920911994060745786191678090947033762714190
18363179445330448877901128115350856702053998883580359028398751672963813278267685824573964964804146779188558591778542043674388539913590343246476175115009831307361502414261810986709577328854927771825490237559975465534844563691369826331698163187540529779405723920
-13715554841708640208860801431868555715642369185970865780525520355218164544733407489639201612811245799845525622069794104701634142162189338008308635271211822953970491790304886377414819663161475332489752691256073857039779267667866018504492482110374264152435466260
10059559312056545046674191357432550814829900626850622328257712339958165435829573925407324269917164224629922938027666104430768769016259677554132837246666294320826287564034531533054205027169311524254197647766116094965148700366109749562782756962931587130481432000
-7244221995121666707354235347206716068294887461770934105945468852389104313337566394419437171358542479574101753640899609908199030243794931405513914940901802867339415753029068484624434244491557016452937806078436355310627276368677347906299221770894564986671103420
5121500437237554772040633201530738624639711398230915379139087505043367885532173596324776415094132584904636462402867327449374866730393915187527343162223555527532864500901042824085271108978338337845502631211190306539243546482222825195862810594182150141044323200
-3554176859283919886307610917506552588164470774977071789465193046409750538475265917022949916756587523266449611903231030792288772892543775680150341562537782102806990650740384840786522635895360168404320972597859574509206118870894014390992901175267395348011893600
2420800939649034013557000470522469683436287168395087483486593340983043955654219778842909634059135615610012781968584486152558352275058514071957710704134510986532159544560149931604254137291304027148930440819302870856564626816139582847640670823189543431819692800
-1618070072508468915311536772831859076602379444152966460316559785205680421748046206344653140820776409739331460169974005501275981989405430412680067050506574183706391362249405770256315699404777865368642742561513203610724620354537742007537601157861066356337815500
1061186689347811240492533109427470297358478998645909908100241758169210644414781289845629691045093319002558201916530050514300699558619530125829735394491004351794682243926787214737271283044306861764588254203105049562058143325718622227115012587062289385653178080
-682776358648865208935250294062490605563411674110394151255914778119923604881323396181557630233872369093666433125813083691327086712167930761750221943498826574643180919706696081617308428410199416047160386011028850999387995009657700787062735994488251516222807000
430914642207489843880749922575145917680273507014754781990294683572102327579577525859538510842940504569600361334800351547085641338128737123997615139529228986889225489759200859938082183941866096126945813342987137765496285141810367291048080599587810352479296000
-266723828366818556323881979671464441722988406401132676305170009294455240270735103407461344070848268150628247714708443260313911185247121662975634554717795347935708086408788046199979389222314839545494960233197527061158781863297275265344794486743641190133828000
161889837645564198860503538469212950076334638951061305721632741507337849845782752334209066093498651720893749943063180829355412159257798861788668891297875536288004576430314271349250214544354939163888540145133917283151057882505995351832387250836510289668160000
-96336667310044177102434897151343305723751343927791364931552125642384406915773684211389897067243690127628144942112809980223143139653807577822417629264652107540602558712256013791520213403959692947443741564280582519346722112496468921232383968841408132731062400
56195624073232833799489535735672815146927568713206275427454597057770836348521188867471074609015668156310367905122653280221667081095969780285022960440322112812181392072998020599239198025975044537363187982377420720426104972690305532135936727783743745403776000
-32127302003480876557323325219125122489586875187371402353955545682208762232826026242531142446171276438249616556052293276837368248933772623766160469260168474340625491194198708873351269989520253822405530413205798067309998946121889234060793087357658536972095500
17998082803329355794675407888860874480876319457166080198075271952174056283392400913445239563291378307099222993040230633639439669517675999778404807692986007334994371430452367439254011520380652331214368981365219993644448147680515226294546189850353006690804000
-9878136846811046213431724946194687156807884586719169036199205881897437119148381368726505090913490904470449723323335063923399110001542964074659945934646071077820383009107967930290126601008108840477490461361205842587770871186206376198342689445146193732945000
5310486368845618444340895331074263815499918753820225273860693082108062195254169823827369136875092710243313771258624930365219361536829497486537186934465727811436237905696443559323972060701959312640698872027784260975185620349704547844229029845710593750831232
-2795855070134340575906999675130399998957995190374397902333846566608168377713039287762505766046728538441347652755817486246286527179617556667422467470157897682703874201952791810369248838143930873680099089774657212066921593469398509915101938169006292826836360
1441197718384879751570770518979233155114580220903285404906988223520263207852391272003839852711233134179152372138280092481501449556337676775533285112274174942281322999591247399076288366149288455679016788942476013654170950551964053541191881276447456553415680
-727218925312550536618256533417436407924062999774408945385303811301429847272652844499944914033693371636877038666172930574260028315673365524758960710151596711145188564451372532759407088332951217666200218911931798360225978969449591066014437582651279219677440
359120456944469400799139028848116744653858271493535281671754968543915973961803873827133290880836232907099772180826138555190137439838699024572326276618072449948241266395739522350324488065654922304296404400953974498877026651580044970871327201309273688729600
-173518393233589864434594203466779469441744964061819005165915178104745931245498629393439237141032619116758245790585139727157622402532267318237554740874607174445016931279808786302967371586926965711850154274394611071326028655465608208438478899397915772994464
82011454204956544885437819599298511918110485667444501371461284011969429896809929572360435279484015468869666454384283565526303720349339754013063954730060912986006153358777927139052726125861049890024793980831130370459940849558345238015273774718281387623680
-37906732838031131738268169797940438139102498889369970536074674518735983284505842026196525823248251554112498489308927003395834538615772362283816103113687050181412255155784420651000465950005968145561608474842938723240732933544792715579289499236958263730240
17129948867809845545223458918541376932292794763376718071665454933662459351881474791945269170485344057816173823185065191310942122158873669739613085491023258127404167096581924511493574194491328386222399254847927159429242546802346613920084475475833054238720
-7566138023404653684147313578320726954137705979038082489871575977134064600411346204411949690023561570865170507475797801037149289599160316460941729947154626695952854751236498967491055602543562459819145177717186632794420324958262226255988512185411532400000
3265479034145565276103025236092476504823039960617531791504314773215288010243399846621918231252274231188050690182475441220785540119275642398950732964326901735344084655701406067151325887384021244585040976916635205900168653884110072066850517490572935424000
-1376718231851310804274204426459106218749358563278101420974452234269758998401433367288826473235056443622181134174564350218822306115375085922634554578155572477179088945081214096358177334178174637140143015416037032073295956149365932750077511072209003840000
566806306723908897698731567823831903874373218053964178126305092553704271677322880592197105225840232564622693272078406252603552853435150527606053428527865748595919148048345038008213159764599039622874260204550836257203710922037386776829007945716856320000
-227811798891480407534994867338723526469183786292739725672702460340263784058001939504992222426140960563836163262095845742224207193708618021060028490871352484338133640028063253907212120310962073012005198838241599492505788375385324592244751131924706297500
89356144343157986025627469187588543325995388452606570958653902620263665015267340407604616882944144204107622136543622639997905049818540563091037384142257724248000599218392406676168497280769118088544082493514143740789617307953966471210091439061474100000
-34192272070239799622957402924206740936668936929766136266592642571019084469159551506030013982283299698363702591868136981899792894271230129141886730785755003852852643084983187149176913329279797731360726738689401423571351659777248454340213467306032081000
12759365116372948690797864130146467490921675546824079852910658887403349856820796017885339590228649525493239355971624433202648238199488339543505871362287385856923554533903339756426948916583904397810594642748492400713911177819830317983381697982671600000
-4641551273861650280804059764082766257340936508207948076535582505050076263241351919763904790651646912322009348660300654961607951822967839036649953228139283251128235726427095717126743696585698098926759406480225989784004773438235093039155448094489175000
1645350421858818872036123271564802650507278824654734194517476578570326047396717744205001229939905168793851861971953890339918382157934947146307253161233499142661352719619673809404897717789327360208495640694780804914522397060797101321711127635866400000
-568113787546583012123630189271270478786497946709941945894929062976437837065054387937876136188121497554867287016439491151775465263357495691396408563526930699161553888623364857717723776984387003857450048550785935520777464717010151892110562778153000000
190988072030598478629002296091011653287880309439196340926194135782116235118359450428158623847396524360415941958666518277924079422519814926141836586435436765695724453496870580607753252737204552540690130656728449636263895521526561376105563052429120000
-62484855331869811334691732302876746730016082337410554152772951312481303411109542167220221792659119005562031777816560290776727271805726064392984680311493276212882823451056829724265510748173489985606311578651399388507858897057145747877852959480925000
19885440928660900177844282433837318575258890400931753859318689580926834556073269935247039034152147612195324242048617266749246539175484838050991009372107599562947620083189553492496019881448902162771830296635287596891389937060710306594872272427400000
-6152788842809057634640639480592630990635427813458873483091973713066152798266128079937647983665134002300469845939032663376301148111850782567531642319235625796035220902502132351170140289655550253665168022393673677985053841050145681436729262527450000
1849945348426834925997923840206820069443074458068416675714055250022015270717257332565899461984975581725446353607243744382668816470135110741661173203219803149824126551819972009255527018556181595491322428629902892185078995172625763884288571456000000
-540204596688951652112793738271949313833704887027733985049345400286984259219113777301826708449190480703627284657244142734676879618351342726684414366153551628672531887870896493058272284163055650123416052742471976772400678579241974451588754960390400
153115904272273798592251114213128534776101163330120073024218164030968264994280877706768246189062058304755451595435255520651011231655969373641083000439544881671401186306162425820205431036161511409027761662969286912012554231354332776865588982272000
-42099990476687536152996372868762601054562177896028913986539174810365676738537581358850788448786338714402355813985460097050188683130528748550474084492154587492585057113719081973304806741961122556074176343387141001409355099114869995235498167936000
11221895096836882927993194968296772353551891617070435176056668583246401127835960428866412823565219978638852960819224471402718877817755334820411961743315002506492190500788957226968110213478772137723395783369496613474602032322965052700749503488000
-2897880523783892519439897830661384091688840605970675375222822841706797122963612314262648697567347372643440810140568646230370130920194891203786481421011648792605567502394914995472579967155805240074974467301257754940393194916330083348158185820000
724462343038088733481260563825435618772541544019930411461241257798798966854520483531224489230058914250963283855190157879424754256168260035853355677796795531532760847467843516632199083216075320216969698592400433742475508099695484206877363820800
-175204512773906610381510802125539211276690623951592594381859629660107251531682433567907413373218464193398517267939479742615805460836967069416669222560857307142118089099377551733693752823999590182336695551122515080720640361801061983262184456000
40956464529434905833753631257943107118887710499861940598002433560796220286114732001062463595780848636154825329151955115590737577196151242701652604393264736930419906195688932718614953603946556153351675629262180524551317769432046999068769408000
-9246548752181094811957133587571339234748883620504545262559222882985881365615188219627622520986237510968627657219255172780051723423110675967082284410214105148832045148771608534687304576401199539723528809157405552098958220904939182187719624000
2014308753001819965110423839522877390085742496480918103719397953164570253817994312672202306600409926877048368472895210500781054316572952316327976411353603199544480463070657591787852401934887050054454804939977958794507085125027335171443200000
-423004838130382192673189006299804251918005924260992801781073570164559753301778805661162484386086084644180157379307994205164021406480319986428875046384256671904340897244838094275449004406326280511435509037395371346846487876255740386003072000
85544758985435176318354617541425038693936124301289473876798203414137454891727685184523921326204689939518448716817075574621935864091097682349735795817620377192635600853062242160728099649380610692648737676114323296329828091723227447505920000
-16641612229897948861159202337914673300327379046407778258597628801503133046563190071697582780185098345914086778336260685369571822180032840346163572129748901656978759588207179485101372689229131992590084087078576391586517449179844244878160000
3110588075349255780354472467942854346534056335144987041527827972247602530889007100132961813132210402376045045727664931462887231754542369243525475740693095643954669799418692348918293916291519409693980951143554500737297589333169755863680000
-557940992662497347514796194526850776080721188354893665355791692251195289451621673960925693387593218447202286438534568470537959892684102804086859897705357179432617300932285023638078906949729408499716551594119044845015090544820349024800000
95905684765447767792515635110606871623409227398146297367683377203692485330177468088461059475120079958029550995169015871337822564168506499637243460975183391810559039402378970654281419369459156375622731206745219741764448317787411166208000
-15775225046792176594216364631987240290162800032191885657989499585109047744233345150546516001831109931407580667117159566643203569304475637483393324852962137583003847762618917170691518918676560682078226246502866470302045581834423854400000
2479100736786534374666528975990829828759873599183734123247023827961688164644219632172979935126400780550990793968635212574803916512815126701805644260346685475134559642023285533337583882452211150388394241009197696255410082977532083200000
-371580731255424048859030296359845414684084926850479194909765635857119056915395326182170967096938972259912260830095762796134478092092271621170722578755534905132456395060983928926839908491833436241019851973581043888129925909679737600000
53019842747504025996532265830180082951355756506608208548361327351788688263790058432652218848552528741010072888955400161160686529192714143329948524911610212385130520103826482129870141520832357133082499687074584145749811069157632000000
-7187191769317415867752581855358688783669621641291294363865269384474402165914744151402787596062086439980086150113182711299526266716055322495732572991192005450371062007433744125436791352057362786760919708557444360616729760263448142500
923500538870571773265439812938044462842808110661743746446328807469270335853798124674381147037218432132222519458259713100666023925627395598290964435548783029696071087998202387600888165887748404001461330356853711964805291348958700000
-112199917905873544884695279151851260545801220728424694012426256584337008803193308287905359643029209806427289433429435649946856828354696022063879470261641331594859452717037879292932257876701966023749164562567862057990164877153975000
12853697618217375882658493577269275714742940027663755454729927620278119499044047394847500296691093709384916593740461567619404315314968291229739453350143653204974265821334784511584759234175942431307210984978396105752939744574800000
-1384231172591329773981236376800689319036436299847000794617072776132107728782702291940548228681725483773400416211666647823667941097352885729616336306616502814759888689892830160260113770217564292656683624687364425921515239792125000
139648448521971219612251406685804926709133871821724406792326887597289845755346514773192728282437555077769039859422672655233188926233300358199211168599341576275326616610631935505152874181664995053724219689169754533677314984377600
-13146737997876491891119117429066565280259742440215596089025090428797516906754506006114204961287475427689028979200608226839625646495579153184003046236557759707127129353658140264302895349726732992514874647052423822024177955688000
1149812434008930712582610762250002511021230080716141127519780842335702925417502643522150630773321271121471247402333213042338178099735864363987285847658616173171477463694703286776839559994430013803543544774890512242423591744000
-92949869298182540222811624398500444660466593656940431532937369737076222694415716934787180582945187899161914770394221760012781965100784618285222942231995323264354732132592527560772732499921529502987602328480283173820995477000
6904194798250086597420621207896671086465862408900518930209592046323415623128965587491698449634420512645502117995672092372601574259387000591395057838944969087918737320849252331266458821512819515747455425587175624001263880000
-467950980770283647158508770757441040304908452158812949714205683139698170012074334263326228252999612523750699108595552927476328922025118928972331697972936793736714418413115991341393320124757767178438645512019681182307885200
28702098290233806819079589812889657732669333051973083689264082937347885675387587976100549044460687618400751161542539002680159275253135688818959931092068667262171036150967401372880524194178331663996382817250410798962304000
-1577230089127106328051650053497175360055687965377784946163018492810242266074744342169046900514392372846688105906727742952838989060533485150025768458998583952741417168369951644973302865475197369799917356692605405440872000
76693131334698277744902533961499964301420966095077207204600958735607916913986251954436426404545118761909136767840597263945998512155367547087077559820364190074594606965982011468189351970369145884273051315157755468416000
-3248368940769204366817244011689979304781581132339271792120007261158049835227016390733910455389900015687373796371748915989680904388236505969974196548381268583513746619762854567994502205708291927849601701962425997600000
117401509679304013471247420017059978259693411207557018390187119191419470988467618452365701109925902995125757345367018073104439725539650418482649509469676323232183170325311990445851645768347801820966669665044329216000
-3520090262404727232144385246224383737325168269359237769724201020965799579223027285831720328949645528969145838772563741651241217323481050405362179258386961045040922898518823409679774490910725881908767155755518835000
84058896280161137753925567608771132048585937593024970119416682095107366084519983438928101261008185988820219555963272260547915200285998896700175489339040040452508896800914414030691019726773050671720069089355080000
-1498791811584750512978768086018231119209495070874548021193688783898792975685088111980467615530563310626613102092864269412276384431415039324413163682850955519780125195051492081689345674026090685010099267664090000
17737026859801608910913798148160861131776727459640842916642012740076734860745380150655110529159736710019872946165586850103078487193154023034971002764310261021927848393853423056686855463104944541152052314400000
-104488886604886640729518136149632754591176050173143719950114279204085263323249168534568600954652082175809113117117341219032841261060016346771758242928159928684540352562406410913527236767945218274433802994000
