156
-3796260
23092649580
-62419431814740
94877536358404800
-92262711456367163712
62277330233047835505600
-30867949374898628182132800
11706669800430304738073864400
-3505497234684407918789896062000
849592309798113103197919209586320
-170023783320341394991219947604402800
28563995597817354358524951197539670400
-4084651370487881673269068021248172867200
503079000426415630575078071596586188848000
-53909945685694698972425366152290175996951680
5070904266060657622093761003699794679713267400
-421937836975642331621068065245567344854895990200
31270281918083715021250266613199268779801736162600
-2076745177246695478211842498757486063700129153735000
124272431406442257416196655125647966051815728559502400
-6733536844573554968163308558338680609542260394397528000
331835373588364531199651313498954979129756187866053384000
-14933846387558023429622114972532365194975624885684561272000
616021163486768466471912242616960064292744526534488152470000
-23370364491895627373624817895505184135112424749854797733145872
817962757216346958076868626342681444728934866244917920660105520
-26487855705907136679452177862924116413876495730375551924585886160
795716808144802146778645016616822435943391871736996172101845396480
-22229924384497177691515177961251180894756233087349256912643112473600
578867230972306507087055234110980750499452309594574650005226648812544
-14080147267406518837835500621586030221565762473229118047733790755456000
320543352634551530417598818838294469262833061304606640555439580167178000
-6842673387231790108005435942638963752941304110328916963261987070841494000
137208623802796621715887547707933546533892239859363577169907318600437570000
-2588594697719536917939491522512695668526353922767144189366308604224255249200
46019461292791767430035404844670145218246291960304785588734375186208982208000
-772044534340064662210097255710401187163960984260277582627072604018744846144000
12239365290936814575701901923630542920053597542719026607686250727975835884992000
-183590479364052218635528528854458143800803963140785399115293760919637538274880000
2608820711763182026810860395021850223409424316230560521428324342668049418886044800
-35159329699580540640928044169672823802106191483761658901224680537266305523416624000
449895912686469366976773136620099194365726164496297145531997442793183133942494352000
-5471503184738040375990642251582569271877817339658320125245011625792487362339032176000
63306648418456665507329745059633032897759870045633455994570382447185804192352438400000
-697498584130462550189646391123690171349096523747223721824622124829216038190407532416000
7324394394791530182048177131743098113127091095304022258479727605720784673247096110720000
-73366625067248614005513814121357868695863804737796333414839716039739159105902442572160000
701568352205564871427725847535484619404197632805177438279404784630005708950192107096280000
-6409371847409023513022559960720889265568960881125184135218135756292867649238843760581800000
55982017464009374972144247720920535201185531920099808310649284949764423195511756942425673920
-467808208220009136877952796699041842598142074695643726886567554164986442965954647114041531200
3742465665760073095023622373592334740785136597565149815092540433319891543727637176912332249600
-28680690062946633505366151241125735124557364021283367771269888895719937793458471166746805388800
210679143054978357230776049240368054310020143119303750912414615962387197371701115360670977856000
-1484225857072609511056220953838506976992012981823299912626270373809730103533329741967358416227840
10033669697046977561987207978755212982216414290387104001172491047438226465212560755646683170928000
-65121573684712100907856034056020675948291021280822672229216472366060289772833877702161159749264000
405983841651540481640771922182778126036729874643701867417101028079969202472019049693734792586672000
-2432287566114012279407727215490329738148808255011319288992715294630209054166606515760654725479760000
14009976380816710729388508761224299291737135548865199104598040097070004151999653530781371218763417600
-77617754122691881667923705485793853775641238736860005251622842408249969253822321294560055811558144000
413772897367898553366049056403456725174412139489005001981335922640441823608045527567150016568795392000
-2123283598057946544823966019594155485418808779282581223319190913685532532483009135792427409286131456000
10492006841966024918759050839010182379120285569501817373042095725828900990589869362411799502917798015000
-49941952567758278613293081993688468124612559310828650695680375654945568715207778165080165633888718551400
229072592356246649837831905012372725695536945599255381290104202384254468073886916377020594436431725587000
-1012787645465454947500879888344968030046629930788242716075896214016551220285683588624354586273080966301000
4317489201430589949207903191837372363382173268965795938427349950409657797204021388184099827987666956688000
-17751491518169249791166709720692410000673396710776193130585039966240086406273622909830656192576891551600000
70411834519823987539003300026811771586344518055233895854296089139559657018843700994993598726311115142224000
-269509293207697647205925148585069060257591246950156322259203142223329415230825076512279604726080731336880000
995687111017327418844112354494838472618323217899188635013167164325078117380548199337032984126909368550140000
-3551327626028587399131177241862149530691775080242048862018252635077267738234580526327450915612716526183620000
12231197777008611823888605328984685929300014246414361128134449360401254481940136728731870757570459036490700000
-40685856285441446370983056766334659275223567389272730856626432352438732908725670814453694887982374938982664480
130735715487845090831967717033097520108751629284089661478356403126949945080669745553369213490469681244376428800
-405878278796553312016196621256236473712563879276815381823596949292927582914469220172182005855806278068010950400
1217634836389659936048589863768709421137691637830446145470790847878782748743407660516546017567418834204032851200
-3530380125696346185354788268690081233053441786018574427542695143785703226808518124827255277661022881737217504000
9893890302264010184456794123003952655632270605317054833188403140459433293130872044828382915645016626068552054960
-26804435318204965863240285861361874478564793478053749376607813720723430389483501081668115580794112258553347474000
70208166987541025993960130069944279196383572685229422073292209287534362882151014433423386616440497486264359862000
-177808374137266407391003395170607902328248540084075733330342455427436787517040027408903734402240870901851398826000
435449079519836099733069539193325475089588261430389551013083564312090091878465373246294859760589887922901384880000
-1031276013794313564364367181333839751454386815409743336662266141030335441125594602299979424963799802387372400924800
2362062692492654378087125480231915277127814041784890768396266688622753160176794559621640272970087703142521426672000
-5232488461490862195453406384865705304743302687093045780644761998697014432115776771195143672465247789482184801296000
11210930856541372100589219878317637192187613401891505112662434282332239599388554776300338818897648672919474460628000
-23232853176382606114274970875215757418224930437072220227793695081995166396157445606990286796137470390856353146220000
46568963477993579366835608287654695980530860564975872545488695475465866865186702083344974866924440650116512306423200
-90286765926722245711211893618922369758172076605565467180029103472841986779443606079954543109343303301246299369596000
169309020414571772675845365727733441966175236281135998946292761143779302240468917261464852106745854205739752315008000
-307081813301351300493234622750717366646247072672237300898426933063066934240517505501283285350736757419983754719104000
538679052305448750299359059827537254755186693800325731544320672530278121404257733733577515044864162518079243792000000
-913874234886285408956619009974451291696029193216264518080342805220065187459345170215490895606860409120699313207680000
1499324916610311999069453063239334150438797895120433974975562414814169448175488169884789750605005358713647310731350000
-2378618666196421214806007638959883182442335655272900196031482640655872818887821438183681220882231373102201446199050000
3648668283049320838871522754806018226128747279621029330272365916507946518935379573856933751149212056282968732341150000
-5411018619949176450668052570258695532780465433046797399807044035959902321469823702276352624523395290079884759165250000
7757236293559139359677720164722865915794075244815888752363378329952115968059139259583379122516739487858522790739302400
-10748802569302856077741846341374150546000318947698518529032090255256657112882652037467999597762387281725342578874624000
14393725239862302083342887661286492253640565511277946957562003213786596203064312589965798769321951135043970858216192000
-18624061303382959816952381838672794718232071144623657072905421634051145827077370055845086219858839026368987460715776000
23280076629228699771190477298340993397790088930779571341131777042563932283846712569806357774823548782961234325894720000
-28107129252758568948237319121833738151291054309079988582476651629348617018619826849586614815480839714285441279998604800
32769970915907551906542264195089174953890424657257729657390898571063268328935540381771507127340601660478754073334080000
-36885895291580104936641641949699903714803555119056717800226789229215856315398053008986759747579555734002070376719040000
40073565255049990548450178908315944776576701857740631684197005582357967355000353886306603182555566723360273989521920000
-42009616635943744826272786659630931082590928510913186400696381157164252454046747551043577362067972690804832298585600000
42481790839455178652419323765887939894758892666077169322224869408186925043612892812774315091096174697908093223594496000
-41426728101294860117589333255997370167642893870864149777333966880883524421638576994195551969768731352598469286704640000
38943238023793765187070584961313854354021444876054691818743792845932598850443407199900665563417799753654428398343520000
-35277346246473684855419019206477982090450783372333355804480339247310076819099294469516093552514189815218166910771360000
30782171932518589278274213435015413735434894078351820161804174135464471462648968858442020689866952331838566694994400000
-25861679572190097956212082077614840227933240688436073634616724296343723434517405896873292392068938174597982196452384000
20910751616039556016913455187607718614737935396119536351414236054118587319229293709719190043527797810614301894872320000
-16263917923586321346488242923694892255907283085870750495544405819870012359400561774226036700521620519366679251567360000
12161728915568857933039039451415628998025469081448308974404506851227130758839316948667157004153340480296313154791680000
-8738478335987086326436849545805665211136865186338291350509558450055508471943369109009838466016541161430335876704000000
6029550051831089565241426186605908995684436978573421031851595330538300845640924685216788541551413401386931754925760000
-3992656768834260865720622012099193204915006933083076081128421332529801700600284463026894673201349151454566174715200000
2535514094263735131872569151999568272833690239955740064419903146672378774124824559562631580966081173041424313585600000
-1543028505908269506190147675488137027429426005636360550804021962549579706085482168014617553437418822142401590004800000
899163333307628432327245263551880057607157714002457761134497709706310754846899078135469125832418876586623195008000000
-501287154972336081536168543411227339636220854187226211663527011152107071070165623656836579528076853372548777709740032
267125808205213104673468498189656292096398867877546847485099427711440275967095060225298404056911701910541865672990720
-135922965338222081347582364972565514863608748755101182795598673397469796321033489941659371448637506204961069599989760
65970423606539428154051206436879942272669480596958288915441934256389149190970355958012409775364102132681300382026280
-30505523084689676079888470256101866221272258469658916724014523412229703925516308460844029398559387411272315752640600
13422430157263457475150926912684821137359793726649923358566390301381069727227175722771372935366130460959818931161864
-5611907020474640602774191515559325893628373637242188689337092850790115686315190595587937813137462039355905881422200
2226211049444485528373232997907831759455883756922521132960169064776244239199414451142322438269406428835400680233600
-836543888611990237271574409921044587319987525143535415839575090370721660803805068502629727354669259566335480892800
297234908072204149799100285993331725724076654623287812043689523087837168407678566331408869487791817555871038544000
-99665433373346477883253873673813452724270641229240703396377869716859969061142590883469936978869453886635276627840
31468757077224450196702131393548365263286145370824270536053566130323433137817513557496995672393901962475671253600
-9333825491443791051470017873508644542634875128103719648047855647477785299069215087356053860526232203372692304800
2593709541100637588971819711542099712225570215181940998606871040036359998040027632970396819465701576362543986400
-673228784670550049619257587774112626510596482021501687698020716618308855140558903749626833477588810385495476000
162674057357128828316163466107050887711948211166011836374378883362464833568657498375420034864788806427842172160
-36452538882652227259620151979624350121056751709903059757952714922779580179486401854157047196953580435392428800
7542153948543200363377071714887561431514023414685358327225685710069252554494012524079706452375041538209542400
-1433632568731352135187377268119123247312582963122010260547031168029692634325308165734159077724181449411731200
248894543182526412358919664604014452658434542208682336900526244449599415681477112106624839882670390522870000
-39195711413904635021183496290315902627922795208225789178484775047449401442157941411892263726588426303030800
5553154835334584244885257965694972130621450625297517513559017669511033606460732926623880486690610219326000
-700793800544097886797264957769919431727738250506100710790663204440584415975677666291976587866411868578000
77809099841273103574276313791839118789347124964884812301081670617216092935210376388882718302187439024000
-7482655202969148963158413132092091284863569740103106808828853059220591793913524327294473382963388240000
610584664562282555393726511578714648844867290792413515600434409632400290383343585107229028049812480384
-41105541866720921123168729234390026138190048303423303646623692767235403962038173902004147101287757440
2191916013668636375681435007650991698504593988478943477001401899637898964734722569566703134902463520
-86800211229476949902032989537890098018444129493783613276103189412804149699222001024748336368686560
2269190882200864772274433020471068509505623220026388945487602354357335672690067491792206466039200
-29374333584369154804468206841477723473725237104191757005063239633928465939921373150775284534368
