76
-438900
633332700
-405825520100
146097187236000
-33608196951769440
5358640291754349600
-626304754099533880800
55897699303383398861400
-3930091327565042673033000
223071983752591822121353080
-10425388992734766562778939400
407748547271404203344242963200
-13528083458880256616279114169600
385136253574244040402231923808000
-9501739304847238525656841818036480
204881253760768580709475651701411600
-3889908094758952257276446023825762800
65456107816746320082318468277463144400
-981841617251194801234777024161947166000
13195951335856058128595403204736569911040
-159638096092499025206477270061835828742400
1745464472151869507009664696626519020051200
-17312763866504459930585464391681182038201600
156295784905943041040007664647121782289320000
-1288127340880820167035327168955718880915659712
9718120471142282325266521540938115817558971200
-67280321012146912065322543507701880015391121600
428397146036527276824094562742918093159225100800
-2513840565624568503123551328342807122165012928000
13619429553317106690256040307777252808529558929920
-68238869197941590752947798212224216725358820236800
316671002371697694587898376078603005741118275161400
-1362935709932182823263066748099552146839872686576200
5447026799209934812694955342750805292733747242199000
-20236260378126051700061013685599114193658190774896040
69952505010806104642186220147750024373139424900875200
-225186771061082909538432923441296097452465628588865600
675560313183248728615298770323888292357396885766596800
-1889881086518555779262390708565512612742093194567304000
4932589635813430583874839749355987919256863237820663440
-12016034835607375515150189633321100850301519904149682800
27328986258762352929015057147893569507601869532567192400
-58042687419231887480931384218376445352272872717356065200
115125991575335975168789522416614437062359416960045088000
-213253133036585305115125678313442347368350702724508209920
368859388900709932287977307479772680230701120969612499200
-595618578636863887945321437655205590938393344725490169600
897564108084718497806491333133191758566884415315495602800
-1261673829565149908411873489931079627306636777046979450000
1653297386262172439982919021205686743622616832642361871280
-2018154248897499998825746978980413460592775257070164914000
2292814294605443785648185916948162038069898516908116352000
-2421779997185600467076599364750871045551224243384258176000
2375271190655287152208187305619852945911008688641624960000
-2160122659667006596933792819094286100562375174364664550400
1818470606352326982112631709951822482616285223317192096000
-1414366027162920986087602441073639708701555173691149408000
1014105486776743584555082368570041313135597823704831264000
-668592959538243759423704118318944215353690607699680480000
404127299987560672362772267072784059058230767320695756800
-223187745626024504623890623175106487870105946477836544000
112174486095077872771424735685303260812966880487820032000
-51070621409374078129998613601245399921650580257367296000
20946934562438586733007243859885808561614495808685805000
-7689632072507040952164316029984115758358362840064303800
2506721199026629511495254536863508810116821678808841000
-718679033893355353373667317652781429855279461044103000
179048063807341126100014003013841740309965817284344000
-38171347356532502203636675710785416176142681063560000
6824102098841320802119536310744494810265507879934400
-994984138593209837246153379963738084813558478824000
113624731876385074006505169934130583759573036162000
-9530916710216574982343368542044730895201566366000
522146642268986942056795208658403810913161050000
-14016736530243027244546858045763373412957745520
