102
-1061106
2758875600
-3186501318000
2068835980711500
-858897945752186340
247362608376629665920
-52274281831428575318400
8445563658390179199879000
-1076340168463726171362357000
110906090958502344697177265280
-9425184572944459591083254701440
671544400822292745864681897477600
-40670159422580865407840350418244000
2118168302988293235118542331986912000
-95825934027190385956762855099087898880
3798599916046593893317302552912281241540
-132950997061630786266105589351929843453900
4136253241917402239389951668726706240788000
-115070336034837868947903835482056262538044000
2877909104231295102387074925406227126076480440
-65017252620082524047805958008667212827891098920
1332585012378550906103791536045410643084048969600
-24875759919164820789744690772114234594432861200000
424442653620749754725018786299199127767510694225000
-6640999535611698962329533937951789232701579326122040
95567519944423975599913766491708588248107934444549120
-1268334369632787330492682703439342374897728759603584000
15562980402892109846096438274344991896066518708401120000
-176966446602684002922972936049418736625545919629536160000
1868765676124343070866594204681861858765764911287901849600
-18362907679128170258265607778159023446748301828607343564800
168207103545138903342315821249151992119627999172203986951000
-1438796298919163346771048553660101750775330406142406004085000
11510370391353306774168388429280814006202643249139248032680000
-86247910058964900310278887667239666745252295823550332809771200
606131145692169993847237738328100991293023078982173172246447600
-4000288459699602552527241026876838901630725725788118781042114000
24821734486778697278839390305274568253885943561676969721701760000
-144964804369530024936180344563940821695771753227072006599524480000
797668836043338962211332345963084371380984072131963716313883451200
-4139241675672841027584445005256386062793768031652063948486618289600
20273836778805751971842179617582299083071516889724394849730375296000
-93803501158833536029805217213854282669376326117681015651402574720000
410293413126550817717143894301094042171631575188286591185990187360000
-1697702967203639161309604291530304681163506651112421406196252730809600
6649604060578337130876181648489208505426816221370391594780029599692800
-24668857073987991302639342964856977683102199608026418795483179071744000
86726450650739031923341440110825312167156170496967878577870551424100000
-289076128512230100992295520702596823520929126400347327054851321552300000
913943087904266687297241518253330117243769526027338109216617938219751680
-2741829263712800061891724554759990351731308578082014327649853814659255040
7807723864862633312339600248391984359589894989360765651961492001803352000
-21110595497910893558995821960319373873650855266712358535652378694801160000
54209924241548961237915197132671972416288615993532970066860429240970880000
-132236373877153647925479748641979003127204528071497449958136564419545164800
306471289967842064133414162350096745768023759573865901242262930548869342400
-674915998682643880847823432322235215749526007925826569217725844283521128000
1412428249323963412951449751352121260070351693162252986710104026086798080000
-2809032108609537118030131177423365551125264226303440800630293068830480640000
5309070685272025153076947925330160891626749387713503113191253900089608409600
-9535210800772089249667627784192815167627402891182300807701464610131376780800
16272368067914907772585753970942993626336046557272604916368784558392776192000
-26382637570428932102945156664907574700295404282199348107037825304423662080000
40630292430240650318695812559139887990591652883816769496873682133863393652500
-59421201639398101377330514982940915477838064655409187863001770865122345415100
82502164259660173813153111711851849589064420348006145132101632275541768840800
-108710247626618384518779384222678478574140353387938593997857241013550804788000
135887809533272980648474230278348098217675441734923242497321551266938505985000
-161061732660419960050270968590783095619059550033642482128205316908072671555000
180915056441418665329937022678300032303531380282687392170131033522863670252800
-192471225490047272795963549419504676303082482137681508472210421103574263750400
193807831222617045523713296290473458777409443819193185614378549027904640582000
-184570227707784106968069990368578120340655456442560596170570676734212056850000
166099722816647202180176938008829981197726458975335759300323647725748176800000
-141118324505023462972278326532301952025588399545445261101554971107795651009280
113070568872792345331666221466671300895848876921108148957409350118919368571840
-85341675781033183565391523201780076152626703360087530204824901633018076296000
60597639607834213182526525350376385433817777533789962275615314769006918080000
-40421082148279735535788803882970179868768371714976384065596307544203781440000
25288439519017509544577870429283218780398212554182100281038689907342490763400
-14812295849959501475356310937316782468079611468636154759949959657661513794200
8106669947628043639100420025182296175272601160705093622340251567548240744000
-4136296249951019508119897864496410372489939480313311668242993795896656440000
1962630363497167419669135211215133493069205977903765230339787872542801270000
-863557359938753664654419492934658736950450630277656701349506663918832558800
351214242657621825754528641799277106645072403444455294437441325725777222400
-131548735359275713570364473444437917471103218888232363552668273012627616000
45185903416280139217093168822598768139609318471422790166593182620556490000
-14164448703777753525570298975699121486005546997164851405586526000106270000
4028998742407894336162218375309972333797133368082446622033500728919116800
-1032914422187170592400964812315308690333451773993362417410593170812134400
236750233818893070564493352539189373729548256326455941608760722043424000
-48039849734322735442326954989741860434195535883099800846730843702880000
8524952963265963011947562859202720366774400211034459905802847773440000
-1302593920924516675177361682309202369615722758007370660399127654246400
167912497619175977659581779360170617958276761774387624192075049180200
-17756715392823902409531711176891249321764839830536261671922061211000
1479109986907447097836877232560703816890032472347876857302962200000
-91001257229383797571231197962871584693877112623790403525526600000
3676450792067105421877740397700012021632635350001132302431274640
-73161406802237270918653200738467056209334866782690898675967920
