200
-7999800
79990000200
-355431121999800
888222373877500200
-1420267575830122819800
1576654816679861899180200
-1285488501656676790492819800
802144825033766317267519555200
-395318756426208859493853248444800
157732183814057334938047446129475200
-51985138498518945950366893423118524800
14388331111090077151373770168554249475200
-3391133825359934100688571831856120182524800
688676993799116412978611802016331672169475200
-121742788570488245894330153000887076713515004800
18900567925568300175094756253387718659773204495200
-2597094992706722381498919950097853618333057867504800
318031916452567645704787493642229753583279024540495200
-34920961596297309994714879391923393912154009013187504800
3457175198033433689476773059800415997303246892305562975200
-310118806483003635650820103112572917091426629960806725024800
25319534621864404269375634699579403702034741135395120962975200
-1889201041700585824038800902130621254296811469480493042589024800
129305315743062318623100150634718076960759540577775968248315475200
-8146234891812926073255309489987238848527851056399885999643874937600
473879498351555480628242293467837545088031383050102244156798429062400
-25527739066891543593623735400240669729975418990069362455804706594937600
1276907927611248435672893376856936357309586774380816477126068078861062400
-59455930484338736614167457484352878496891924492245413112698810820594937600
2583029868819605112904386208486886165809415830718661836340581670094735622400
-104931220654368953176560180221768521360076778996280790248595179832287600377600
3993944586156918280282821859691064344267922400545937578837154032366446789372400
-142707417623463587882538917706555559871266417380755718209488062950790460074627600
4795265510524065404592856158644847895881896813787262212914666364412201238009372400
-151784832792302560051500406164452226255363713432327422290421378187822941227602787600
4532932228698517194624438055701357226070676824602469561981843380695601170735446212400
-127912129238022218952181641000583733382276345077588021657356166281703264299986137787600
3415360148823535092742600658184561235655849557348672966081041791660215414369989978212400
-86403447183813811198976022831218758571204099353859031598837874491317178783394374997787600
2073682732411531468775424547949250205708898384492616758372108987791612290801464999946902400
-47270344213728420197504755058219701744532586076961678503308057289224742041178665873269097600
1024619547254036210131401255332249725569131497300854160573972153350792084289403326717866902400
-21141298186743502137762622656668826003346639131165433791269665561106581291360208933268437097600
415662383357543732113531233886075512908774004074731958590334994792335180926825926051616626902400
-7794952596544554680005604250283317334671947064068121544428627865303174565775908415708711805737600
139557648472350618855071980821234968764986787606406765873881917792601826677625006815079791138262400
-2387516112910186617090097431967084972656231638946907238180113877455959996366739082185912352605737600
39062416402891664374057427428572584691514456537214676758002418717265567718333592205763954880132762400
-611706703178810366014237906658434240656498147164820754445703015972706405931538831047279858199963237600
9175600547682155490213568599876513609847472207472311316685545239590596088973082465709197872999448564000
-131933212180993822829103134204837267395111731290756236421654250832544676328913614431010492599887111436000
1819741524224240242690173999002814617147961216797353769815834666808648760489335119755535255919152998564000
-24093274128666329250939929226384363982324608620117616252481561798960646511697708237389858206795734841436000
306404313370185923848373228885884003402100749680535555935194183042749182181000621493609568498221203998564000
-3745222970863677531997884343158863149022371973367868489488861129919223474757850571810318609990654220775836000
44025478188111801192464926156316432119120127686936576529501714506805565744092284272709051415400343493201664000
-497993336069959004501162973582882485937144910010035741469903819587445782290284868977017651144160672120238336000
5423449423382585638794472859745089998452211927207987343784600575031410130792769458930445501580698687216721664000
-56897141480180593204003261811270020584164414642260410746242409767185310705665368535099379279582170456325038336000
575293319410714886840477424980619097017662414716188597545339920979318141579505392966004834937997501280619832064000
-5608993908868939903167342246942187643295827665543833950644285674068444734846244598606205161708038524310563527936000
52757227827540424333745688418429171808273658968627174901013213535800907344719255907181569673963538211491346232064000
-478935670409198546023983597733540309756590628949006233020510732403235699807906150060886655813197340715103224007936000
4198170485930631004991481223883064277710114731881132761320414388722112931128677346627459592362557939705826697944564000
-35547822280276526438714849889802751369249551368768644860648005859534577541095486881798193353081777584136319554785036000
290878461285164487690898096756687160194107210511567855237129825724804977473555448671904224948862920158162298946454964000
-2301043670906098490174088285570665570428367376359163757479553851929950892195016159008240350224787515646358074824585036000
17604178395755653154930481658812254588986575325709726878156725144003880355166715320301797281477526633543590669332724964000
-130299021736616984147573039944315278189728613296090120869431807886904587237076219527854449569835446553128038562616235036000
933366461827603294608125245315401278461117209529135355615725807516398165718648021515855342836984525309141663989353030564000
-6472834385842329612419252221976019300480499212047022990868906666329252821931802456689701831033156520587638054236023129436000
43471875381459596409334237145122895055078908288315808728798583043001401668282722672088861680025149965428087672893784968064000
-282832312131841934154255458070661642795016106073221505805249704012741902278294291192342451362010128438986156447157143671936000
1783145132220546189689831160414814199389177510239572546826230968103707347380539099547923811326157354679977732867358149768064000
-10896998030236671159215634869201642329600529229241832230604744805078211567325516719459534402548739389710975034189410915249280000
64566977248410636037568540125269564939101196735036784324829776005712727264568643387600953149727849181694669246900692375950720000
-371034151093034032794062697016032947721389251806280701422040023324445662106783310652547153780465095204843831322508600091249280000
2068375126310214046062365291255058095811741923777418847703798394324769736359905122303055435177227838423320740160125194065550720000
-11188315316312532603912736719673050193319755745041160531907151096620718078797314056053332548653746931154123516594402567931249280000
58738655410640796170541867778283513514928717661466092792512543257258769913685898794279995880432171388559148462120613481639058720000
-299369287955558235504762919774123214209068951361341971786134268248662704944938693763439838781553327093740186774097118459461741280000
1481530699882384866843618518501446174304131235202262857399673395336481286399134439867969077230066703208105064707741777789567058720000
-7120766875280250446517499312832252036200332316560041438722686281461203639709934742120528976072686690364866714695607200521172141280000
33246392281637269091563562551296160867429669477998016603922927559021810190845250870807639822525310420547076112376995977036493058720000
-150816679173793978474186264722315802412457773998807611653089820172586827543938144953732926668964297444073414475177307010016755709280000
664849514302647224739368439021955708741992058336549941906076324622366268961946900766834551259452670885150027791871405861896471490720000
-2848689998460715041025559234498750903714036787410840423564005982801950121377315357216172721878096124914295224113909573722706363709280000
11865617844828102319643651687498929384065078850041847714679826572993246786563363140801248362202978900469461098788515910382181878590720000
-48054179376876744642324037682524700885169001948048533371949773593618275933110229288443788184712708010119914478984572893466735574209280000
189250410138563969640757629885498513362579155820092372168542935510669506452619298061895906554609306854669786651803441395257884545342720000
-724892375218585986358554674838561447330956194113936716919938820367458770096682950757792085497603260973707397996444071684118444619457280000
2700874993489287295109095017215131592985471944420735858316066946964577005407489784392454065247213662342490135068036418316441312561342720000
-9790164402923187187994593350064931272018445014398715446186497266075436894037485516301055312702670311955070901204533443246473764609857280000
34529276081111159520898993567386093046761297015473242209705296604795712467834336648936859185724990674713425709046862859363185649649342720000
-118509066660655752483085465457039804113399576183300130464888815771030159965780451822805452994773582952825303195315964218146778448519489280000
395853201831773728780306311700251012351008306556717796900080002679621575996808314769232103406153426391034519701020686034226391900957460720000
-1287017249148239997568110360423252069170974078634982902005563541499872848476816150186585107375665795167194918925913891643428584827525739280000
4073321147970627130995447992026777373440329872364529392894742753793225229310839619020349950415528686995216238616418018574932868015147060720000
-12550783118821035478923735732192291592748140170955659946538958924783349525554335848872109800285537273601523843483033133654157502417041739280000
37652349356463106436771207196576874778244420512866979839616876774350048576663007546616329400856611820804571530449099400962472507251125217840000
-109989447943656907039441741324457826832360110465927176967036889618552798503674243886052347791013251215386278505622263802497864743022868382160000
312884246572517283808085138046775648109431932847902799838179910145202674405492399274471865169437541615779728820876251393572357260140793217840000
-866809396834089498388484333333281466074494668520379978324436397311495127104517589506645545215848693150097276819151089142094933757451037182160000
2338846656546419001568928142011694369999819933995818166366526610497288626980236809556392713718502982700854190707295246442575679250873804467840000
-6146764795776189620903373507010326020022202502270188786437198053438452423288196059582447063944999902381609993264750999154070776081094647116160000
15735630347606471898866557098224013673898062724750775209423243575035924306110864316289560995666961302252103047905597876438918814809238735283840000
-39240805489956535870778152826569465840113860499114279238732031383601246821885866634149991788565587574513039926696892739121981926947207191116160000
95329858055847770956307419281007577507327362063006019933874386255634853390342756939752586361522161309276534581865839562393731128427303066483840000
-225619079090344539308173413244899593630884445236063149105345835125174349169518389225562071871024463753517959423237567768281232690871756159116160000
520229116249637408818019688391132120851378183643484451242904859503501185275170500776296016958808474274640584124655218242565817526886115441267840000
-1168689368450102575981979299973877605149362612212320925732681081584076723255534801638430115526569252450919302652896013776152849876363995560332160000
2557998668699459209674842447391803533719778370607579985404694816324331195288900152565747548780092904599206024684144846479436594882449765792767840000
-5455154025166808186910144465888182475270051281229149548324476822251379338938996010221463818688284899768265272000465840275788073869840204581632160000
11335101515512810732480881898803053213465101938928282117801952301329351159488200081565128421041739414692384995775667863250798795535639033896767840000
-22948759400972061048179630460525652158073958745920964363262553714033525693406166894813331831636489438819554499954140418793205122908637817208768160000
45269907070407430771617130718206964245237452508303067632167154116030462693651404136141875753489816859692795381003470814242481924976730248215631840000
-87011215204141274821536878247260094693289693399515086015775439546122982243601584792609313532768688099596547539599848096539845271974778987566768160000
162949184692846012801378600773883526947875757331640001648043691583216237071542295680270070359126422786920394544858204464620296273485660505586831840000
-297326741280873393459135771866137734115257516679065461661168063471416167621748561406856743733455803855041033447114691417366276068822539496070768160000
528580873388219366149574705539800416204902251873894154064298779504739853549775220278856433303921429075628503905981673630873379677906736881903587840000
-915530521702879236813541763389372225567933625112361304071890769036315685142322915856261204299852709509518696165001657100288097483234542762666012160000
1544911622083412719148677434109612524681820809481461066451868352265258314165182904773303977908835034402114456656824887109032239746635230853743587840000
-2539724829984569881548466948492310998834130831688374524669470407111457434833912619777701317639674541649480378842745175972552107524526725266934812160000
4067259639278098904998013146440860173991391623276179389663178935009919867023300230840668395262704598957908744057216259960205716420652060547151587840000
-6344925037273834291796900508447741871426570932310839847874559138615474992556348360111442696609819174374337640729257365537920917616217214453556477030400
9641280649987023082344950104925253521434529930150333868110724657341882005570001753548024918935202680940194081944608508833258013137668435467220738969600
-14269143182828459792836276517742620547471242108166570758613125940567181186369986475227534431142800123797096715859616201522642571244918049664456957030400
20567632165873834623267914199402449148503470069974471132532201062770663506916113317808438301139426740941908938094524915475996518708495157524158660719600
-28870820248942185143015155806973247380559615249356028555063979606109003597022624300864570054462824904853196976440719157538837971306516338237294763280400
39462482115418016378914207049768166537924681198823920687691001710125324443267610730767548417638535816692831370164533286340068469655652509661627753359600
-52519295439311932642504607820619728195306904836544462711157554225135614763696111035487444689146700047634029232747961990951624251411074393576243590640400
68048416772147967822382003337827765366003712327239886947147207540556797457828478118524136323586771136098820245553144508019046665510583993880697618359600
-85828946045756872072201078436897239701560790645771333465871521704865323539013577664220250184608765380603809062046255137001127828266529452624356637640400
105369418948132350632635362723488680774181670137858279957767421723215147699599872244936021111022255739030428100008222780132148688255033150682296598359600
-125894051994270613718827710469353416946930363086522032706742694541728935043006157373579251560631529147730456618802691414945269557572200101844005949480400
146368171176729848475868895216964526277400006910281671243825416491421876036159407880701136762533542538537831916670257146787579831641035412524519027769600
-165567832183555405881569210631966213298283315398379783801889147931662733769710713874749098758876319550093063531505473359446273504479238256876128908230400
182190689521034818612379982041770844669125454604518312820436304560802575555453566475490554168820213846447712632127110886397611193019686878339432755769600
-194996183872753947212121818158572501263539427346764359547321688422588709689520433784310810499302996849577778040461494023074178451449412812855500748230400
202955211785927577710575769920146889070214506013979231365579716521469881513582492306119415009478629374050340409459922350546593898447348029706745676729600
-205384835064688744829690353353625836789077292213432330156636905422033727990129579131171294732443063446331613032439222260985208120459845833190987187270400
202043919279069923747358552327044341328513051395836327166586473713125422952400829778115145919100406988763830396323369012542282695766787440347967756729600
-193171336780531863620940244341828153812595171785417185800475922908959613875611943028604294482093601498230800923200067854868901608143990476123190259270400
179458556700432379475009301070648994745651687368551151005997693813570505483207391517314483454043747070887256413219816124430677111269571399114445271729600
-161960813954373574341893055306328878730023342107883856853213138649821657148340559050703558789083476845188380044748918476150872684249232689569398289230400
141962650024559760884027483831086919224608562767109306691941934815784755214843075872740912573430084508139411369679526778401337269305341695060735486769600
-120821652857683306141799687867903166803636266270993903437063451487671684629375677188929525805819458752797071336007042296338516068295364853249201089230400
99816865874389933708090173103432053801981458840390142284381858022320434854509781519853392028036382651142065508417797543578423428226484769192729314769600
-80025241912448377553727174049276479691071032201256886740223984997940697264781748627173123945183531138582839691199872910146045610513184199219016669230400
62241854820793182541787802038326150870833025045422023020174210553953875650385804487801318624031635330008875315377678930113591030399143266059235187179200
-46949592608342701922556396967552803334391351158116458660759451222203092290293647269229195167524235605491980463540226302312339464577644183717941580820800
34334328112472225228683902491506759225150461788761066721441814744215003780159343155336585939685313572991365214334126714156392295425202394741098552179200
-24334266210176713604557846393976190452581114594272923148166993396611180644906816279644123940592038852129511737836622509059280813934791444792582599820800
16708517075666959197867261371205442963814760923137977759518945879170874752136220117124511479532836931526267884083806752298925989800731315862810552179200
-11110033726692182026469490131321829400497015847955429540408539455556908393980275395257609610220065347809870112309628006991689601959071083076312115340800
7151034200152298621902452885314971060543444125672824142051255836285478841358770290570151090338884928011744141979701393060397186270828790487645996659200
-4453548866345001263532985283073151882445633119931986019904613913051985301379304747881958269617113170104599956328061831509195391555174358504436435340800
2682405093509190794683623085895205564190535955427709573597411264086270268848711191682147273752720462493701527934174719539026674708524341230279852659200
-1561738877867243356945858478750505545639828279258749939234219231679356516244775919875381738157758494024951259430525600130332408727295984279438675340800
878478118800324388282045394297159369422403407083046840819248317819638040387686454929902227713739152889035083429670650073311979909103991157184254879200
-477145690158163923560931951171239796385093845465924018050777248816893019969069001927321224643406254910100881123657771011232566843110801724547553120800
250099684263667997732974391110790071600112442395566635890355579741090549561595533855823455502007942483742863920783276102366833923709502687199974879200
-126428877991092057569030789529490061788592352509121739118648266457246684902020761610055509460177977172612834706614482341484020716976262960283897120800
61597412893934797828100069378139417373502163417591138809145110189461650764280192598831327928545962703372939693466544341270323002500630198972344879200
-28903836537007053893626387008474969952120849868125869542215933247763915096921192303032882067481163398919717340093116766197552850576512425780411600800
13052668815013636908560268541641113589932931331069760508903145352561117704532127922011220222373914840185693227613541335410159227484907846799660399200
-5668215856381733177940170400796569496492442588496750314580156813254964198056172729874785331606385407490011498426892291338966560438514071232051600800
2364969881120723140002247967679294302391404617422680403362242298500937443179899733099683675772278718771342666010313336975895344944867548994778899200
-947196893320960470518739347441736897344465439539863489865925200537524015704452681871337893181579645811609844070304760395898842856494516751909100800
363802266984867170337647292616030434620192608266175942474455699860433099457419542172036353436523670190618313812469994477317548640383707126165779200
-133858232977332713849141521194756384736454029353845181939149443411593301086227449616255912131033759706605876622152616893453011382028258437482220800
47129102037990046898751287343313362067837519258709147345801129075688068689634434667486532610764184731747120433218687721816068366522658865765779200
-15858771981175373795226175777156232062053247901849705065974912991454927988683497328218679873133285590344657351830846471529607555188937065626220800
5093496457423349675808539214462518185077479937824895364696130728263565852885398600198125349661384234393957196763216775305651468709777514405779200
-1559233609415311125247512004427301485227799980966804703478407365794969138638387326591262862141240071753252203090780645501730041441768626858912000
454239543238757993098965274017044440944462391149420378492676525985724480471100440184644759425443905200844133545041469040793255874564827246088000
-125720932025384485880849305467834669074321982624936132717609823384794183349768965394396715789780206900843291581890726740487035069371879633912000
32997578295767497304164336077216043050816235560818358782970688400074120336342592987621609913767586181902941951616061216193983828964037086088000
-8196614514403842297176865604649121021236741013968144488426194843362876431976239742469972638297063712798149714207179277166377993655777633912000
1922662663872506217856301808497941967944420731671540065186391383011045088982080927246042964538817414113146229258474151434088665178515741288000
-424839138725102179758303128467281276699418872335102058297496633851743090844030518980925643914914052097465448356341210043385972565772578712000
88189648528976047217065943465192188702608506405511464583190039076336960893719171854632433509206286143647277590212599935343616331428941288000
-17146012170329452758527168858486856598963360661897493084330686029025350186001538652856513320148171909620694090294551589447946667082738712000
3111563645277178572435932344829372842155921783633571523810483665002710052658124216775473116699857284165570194079918624928171795916716288000
-525033748764812454516216487695825512445593814477249833455238660785701988432451931391624755264913829541451216093835794272028988208006912000
82011862016563952601619664108805673177708086872327959879526815900275567854346463095165342162434799827783627349146971680137722634873088000
-11799069970697853685800238214744526344964093484362777493033813114309427832515000595721262730395764189241311710187835354822067619206912000
1554336514926697792018048583291379432496401631484639316646826444664573788710667801428197127453674684956641787082236345972486046713088000
-186193162211901678341738190081571417139836582993834764870293954724663678001538241435325313075621454520575297637940968181637350406912000
20115050765274696552154541310751482738098689021494614487372477103218513689916873728470047672989575419120323013517168307711514309888000
-1940321362983516273321231075697882946064233071095626446124386582775306314926056814519505982874655735859335453648938221946679610112000
165062060392694960751285282481243514508936493895287666423775941937482655262806916512944085348712033085255967411107591797547397388000
-12190548152710242879722564689143357094528290550241251317667792860748336455421134186880431120145689898186237653304974228437082612000
765715161893054898705073411763601237418027390285107825352499264608594626969273068811386416410468990310135662993223484855597388000
-39770872971434146612558053602448716473388667871481603026198186656199194957641401996120661996335996209402181049615157990527412000
1639865232891287178110473680400842536803614377041515493375102240301424531781132360523092685396611255614667190300666656002588000
-50325426895140895903774231579205943501072038008102371939749717029529145748443109623618320191382514505322698952513437277412000
1021810014501891468712485673325373202399075151883723295175001906833619018869521356504442987254884234931049596117760842588000
-10295250013541443297297588032040198675721092538107764823484905957592333237265195859833659551897649295156404859750677412000
