-111
1367520
-4210935960
5760560393280
-4430230977456900
2178964803952401696
-743571739348757078760
186226783373223405521280
-35665338809462488773036390
5389428975652109414592165600
-658642115114444291557308557976
66408543837985292206604664523200
-5615672488299631272221006943743100
403796757856906030887749564380864800
-24979773923545845023030425857744825000
1342912646129824628438115694112361792000
-63290004201391930242601038474475175861250
2634966541699473026570850155449430159040000
-97566955557927709567192868255946955611120000
3232412156434391707544672311194253709443200000
-96333963292135958864100096554366746175680968000
2595119011135091136747186274525798060242834240000
-63467817633896846664620751924714610824575266320000
1414768441472422714308521562752806598947810095360000
-28848012751898619408947197490506447056670190225700000
539850171433930004171274274958341447639703271807659520
-9299637938384785352920841615221725085450213905621590400
147875724254809920179778320992661505062467598894328499200
-2176074273887426083053702154709611969267460061790647825600
29704319458059038565346612052397556964554627240614312768000
-376947813922769199394248506944924997880198219683395629025920
4455907561043348704597984431731891754338243262854707956019200
-49158581754987021792815849731714044090585091934052378690575100
507024049836560357003588268307265512603720617633862550461468800
-4896992661267470922097805376860397446557561155607331640053892000
44356759648509271307426325274810587809798121291933838267786110720
-377340490065443453830536447650298403243074295712631610264152678000
3018723920523547630644291581202387225944594365701052882113221424000
-22738684268375780871549833468655378017035562961032099860627084092000
161458113148230396721063906286310376452323523983659880667174561600000
-1081870269413861302029078837059708466215850312893010987895486546821000
6847768986652875820100772650990659179379326192255584123264709612240000
-40981801129305221107031664895979812333734436854672449880558695791620000
232104608667433356102128499075554675369857773251557541995246437171360000
-1245044607960379856983783296952290962663209181413959232242063145673850000
6330360140029664695064213740948537161274272460166974940821867727337264000
-30529926856806582331347023263884603842534948230625699088415482116009820000
139754920948858379599176595402626126779408509057531493518360052130869760000
-607606355531560064429232619855948746505787775707158407366932570397101730000
2510393605528144872610573756339446716092217715541445814693865513677321600000
-9861830239956764317563377944403882479496668073733015738443381283929990173440
36853898474578911636569024844139076393966787265161442897989106528181278156800
-131073942910512349559498636067339311272477290358379288590961996110029346166400
443850247406476849060146324767722153372660728333536416189829301174296596915200
-1431554038702988602678558362290955710723550805890572700365344505330678838816000
4399248378110076710909050755655115466739215964151657462015286783984790243184640
-12884915928871509754368504843970738380739699818473524805041584537914635964174400
35977826194743716987267182500616355367827195061000867045656280371794883800243200
-95794705477502816009200996925689861780507784233467528575488496816339706955641600
243270668319771586762808621896896977345500951629949138927698452127676819732224000
-589323194004646668932903886545232927619476055323551789052349500279297095801312640
1362047693748981820162046069413868093933752775002027784426284789680718899191424000
-3003662408925629263661203051618459893932471975466230366436424599928057780552992000
6320632007897922804257588280956759141880575948373382721208621380347477597172736000
-12692187076406351334233072170622398423331967083830828340317605188808106258971131250
24320934099546939740106734270617500032022628523241274850464220499074657579320776000
-44471129500204631549575330226232412248636417857579603807150485829919570160534890000
77589192747962279861054574812174705442486171677559246383961373361534879371198320000
-129153117772721814033420644967411052722927349351681124441468574992156999679955335000
205082455442507228332841855902883335136595412959191199491178833635939281155316600000
-310595286089560437032248859725570863275239706034726100290620025390266409276245814000
448548637717119615472083257052599858092391402486174570544676410402923915796681120000
-617533107134853915050975734101930012964004135714472976461681238627636571574250222500
810244226888140096460203102428353284039091183508274545209246616716914037989708680000
-1012805283610175120575253878035441605048863979385343181511558270896142547487135850000
1205643409609552463532782216413389686650167681060312523271358965674768088528686515840
-1366159299843234223307143283660947974225302540259651223132106030183752967351151877800
1472843691111140690736930320317216976091774976781867198222368315893835211217500894400
-1509882659674586536509900461508626278744970501345908237230918998394123966529183609200
1470931993401936571379617818614396374742736844765762230790576431699451004085472896000
-1360841927020760381115424547502475146070585134040324713829844226889445217998450783940
1194703475025084559552636091085849236605177621105360516942524424155342852563797670400
-994460938387179994023810856901769508816058766407897503469260737953220396460377091200
784135842258551564455993696427698065305389928745492704143565732118143880617327385600
-585101361889352889294332031135463479851598352444021979494880042460604808879000664000
412688794489708280116804986943435556169376498831105329758603279775673647895832163840
-274809669126800064842518193712333709320467719949052697277058024999350015668871472000
172532110938109909913019745874092982783837046531628803997962707728486097827781376000
-101973072283539392777878535235759760098349969263334844511709105536322426363346508000
56644554733944366648487003539621631666802154369230313830516357071053992677531200000
-29518106855799897731267116288980605835255789332410019096124634962582580628624592000
14400815323926045988928770656621379975176112655830995912129395634444345578993280000
-6562375319515921476760192393973140662128339616439053784627017835781172128801640000
2786107315673773113962703950823144006397879878779535841964436292402412308585920000
-1098866454857752297664104036738191134257199114706505478638078370192667145249200000
401314552377966933307577496408762102882185959232425712752477153258175170165248000
-135208516182029874991322496348655200678080230405455928612895134642646907917002500
41845807112559357633620056261800823081578236894535834214130155391581230295920000
-11838302574429797447995178348949691411146196339280910199895005435123511319660000
3043824353388744982037327766488442236107378305783888756630488082492730183200000
-706471632421527710330863774601967443000522504772440580413936283946562675520720
146820886259546980286386746608780607701314352525985102487750703065063510646400
-27052637347131061246540118536046945882681623778576839818244722969600802567200
4365549546450030809131556502376507809515594298135879891491654795358334809600
-607447491439284057668545907551464890284852941817168938303896123059753503000
71406072463066860656547437295845668735525570303405981318988605486207758720
-6895299806196826611993055310252095993062054448130606063643880113255199200
525172629138233278509733970699609372517260151870896016027379112477817600
-29581482968434436212353842485394663729753079542110655223764409884938800
1095518264970217316171676684923293665608227842650339895501754090512000
-20009052608133721229251284906450239677637880431878108835197326777120
