-67
300696
-337155390
167828460800
-46918544072400
8377775229567744
-1036284252701810112
93900042489715038720
-6492307625265453849000
353309777928026179832000
-15506766153261069032826480
559781442623507020953603840
-16890627556938458375301449200
431760420390379527700013376000
-9456874922121935267429374608000
179218287413013031023639348126720
-2963402385231578751261974064923460
43066747467033324412803775337988000
-553620380247511716602863346551605000
6330595373024178299547423530651040000
-64714511200739662667123537042080256400
594023449751914182486431015751339859200
-4915421314579372522434207062157264744000
36795970521236890716142646438833210560000
-249969848349999919049073221380476307155000
1545413590439039499528990283862656721355072
-8716955651396534928556272118888032660542736
44959881000344267944268289666692733612675840
-212469845798820807058053588284561961779290800
921629010076216770687014851441239044674022400
-3675251685737268877772995890914007701483407104
13492495262519338814550603020962142737599854592
-45655757895146004875408046355111156822054195470
142543229424698270501733110750576614504117782000
-410983203868961362960446763089681536455211563500
1095060553002685623430937334469159620399845341440
-2697938538377758638591807800123477367235112789520
6148698495061071550333411494802957915101206649600
-12965918917909254065626896123043633553658707928000
25301017323047117729638808476787313864075637824000
-45684149403926951950579073555899093595821573545960
76312368546238477737790623762620258665715037785280
-117886170231575879725328486254614628607751404742000
168317733591866047850117470909779675243084753120000
-221960317076463853389127016132576193644419098510000
270079121617978733210276033457119872167826498137600
-302881737050786169143660220885512975734523761852800
312616731768126964983044501411937340278277128576000
-296470294667255823996507046694914534942723752577500
257821730639412811538819955643057704689882213820000
-205122968896716832860285156709616709851270289315192
148893566042676424621383458618899018915493389552896
-98289576696071530306645515397461075726388942437840
58784794891206896018214476991005556148214105836800
-31710727833974090341787164714283861392709461070400
15346943983120022565413688972466635728570793721344
-6621305870268300551978546294562295325496264000312
2527060412167649333472883165668589167009962253120
-845107896459157401949165743572283832605888090000
244719551746863160346095682137564522627617120000
-60432133750822597096577517061193016837764338800
12472958538197192843367786375435699255953510400
-2092887163667322940679558327824148288264832000
274200384254726109638037372252092998210560000
-26308777102565273703063644359148571361511250
1643909385817096392333444286583484695725200
-50192825600016946781530782854821731986100
