256
-16776960
274856935680
-2001172269367040
8194800443058028800
-21473982873006980988672
39070718838387701521056000
-52216819685091743051212128000
53417806537848853141390006944000
-43166204036233292374934356845920000
28246237273149617198462045745696211200
-15270476125810596768904088615328245088000
6934492880687545443834556685649615297184000
-2682171574744986881817357792135256823260512000
894148421907333892132378357847539187917560480000
-259545455925288372573590057463913919564816855596800
66184091260948535006265464653298049489028298177184000
-14942260908315256275272673952365874861628475332756832000
3007452834423007692046548190684208121841099177159686816000
-542966034580386499526686366559122615903029470557846504800000
88416589071070137582925607930487526773649318985639724841632000
-13050970216737665773153157478991123708232885304694371629401440000
1754115112684336020403221488271344172454474493473095585197980320000
-215557204405048453078170546858327543702737284304736341601068254560000
24310062496791575541593678340133606317586482618811931858342697597600000
-2524784746766780735968619607578260031489369877231522094171012550012501760
242244879697179583631545366490422996512426819877568821047236499990844473600
-21535204277825949624704472655891417194761104136907548128406386632245072428800
1778632075762482002677122466089644191575473233511527495421645851034608328966400
-136823545947031834914621210396753306746700643093969407034843493855747902309728000
9826363017591499646157173950227274149866380852246451770115715632066801570768421120
-660288649178950145318001569028018967978794530212085976124060704412813435413497184000
41598184898273859155034098848765194982664055403361416495815824378007246431050322592000
-2461779818309509091794749833339183214919880972066513506800589929926017457063269182816000
137101543860524390423655704386138940637147004309379013466974030872523359762745043243680000
-7197663173236068630641405718185290948012702852359570395979238285259469216083180796770860800
356773057290652043852163505660665964892234592002761421479711626115021838303382356778209952000
-16722466593987779180322699538150440445025578571980417919714138723829515192412809121539370336000
742227374613479739075652672298572042245553588528648854093018406570416404232771303474862412448000
-31238451930231364560767853923203871981820587093794514394979995592771338669928241283328939732320000
1248288539132045327848283442771226724393550660268028795223400623887142693250332521681824431703507200
-47417884988861840814843628339177086547382615949681724401540896393999700581499097663291433126964576000
1714247937363773986646376341522676396428392394752325923205819753309608223063129510308061946356454048000
-59045596747910586202026917286400590405265022414597826431156864591146035101255559287717437089022979424000
1939721050189624629364107406722664023644036893372118678213624270659549500227197092303114152304680522400000
-60836357342515185103972259510302772743534038091336607097296538792028962127866426928031152062727192423776000
1823365681787482532747599573791777810678132653947338195704417055855612844115920980990423281577579651945120000
-52271742204869129176689560076736945865465869885252641882921511496681029687337676760154158059059930565291360000
1434568924955852767404702370994891736530007762406378060564623704408912703641378462195341893398644761069662880000
-37722411110823725310327315365582044892054160799469670493022706196525074362514964269347317967398349433624808800000
951147962712753739464717060553931912726210432062148059679271723121661835006197315073031014157168941959189379006720
-23014416391129241289201064285260171060139966759642940459790452093295573850870829690165785034979403061207836819603200
534778776141801955873920588450986341734731653639750456719509499232968748593903835463201407292095359889722930121785600
-11941996543626490311891568797353157799214849568480109255480481437659818687450981091883316011111166123105251063634476800
256449870905998224736162564502830844096993786000762840047389488212022581004177104243392746438882449461197126750614176000
-5299483596761935545944548122193870709205678861716920956761112164503055722694914037473958338063134148188063996795914960640
105448908302916064434610906513041304928072181432122406792695599191642435298521248704838966930848077438435967283184022176000
-2021574684968831303612991546315113499555196049511421468727802642920847142948289633141983605177511295601065279830004059488000
37361873161082693165346881812575278387141988344299671686606702115242243927283312446998633977733719461982589351245841969824000
-666041665903759415218500646618603533557625994457200840710249612111852182392291282360959560898668762198600856705418191162720000
11458876838726456428048071124713841237340312109083664241730561104377687991291375795641219823283319015425706294696328079959507200
-190360245037859689357643514263420074196772747385919566004454349547730928025175059072174685132023210142042471004206804693011808000
3055073942995744005164345390722921752691806537911589455241102427757184290252107113496514223508006212300438116855235742747472544000
-47390208477807752876279479130924193385733548279063448725328534434297446509939903919536379742685164644167567029585865198723517792000
710853127167116293144192186963862900786003224185951730879928016514461697649098558793045696140277469662513505443787977980852766880000
-10315530433075282141766524775134058771619087261080446525912252454560511513506244198381165603800367323663518469174931294197411595308800
144881577570143655058144165689325462729030247620041716817105510828744741596949499553939327741163102126201574826474356423094040725664000
-1970279720633673359397310510767710296996905664170346778020458926166714243766757874642311013725725973601743715400262872925066140383072000
25954515212638043180711284133192640486737784994797613093162239210784363757854834701603038163508092669556533994909345180711857427122336000
-331313938678445090171755575130179106402329107972868081440230012189754191847012724005445209911196036965406081398995054265440692109506400000
4099908568511468670949912459917049039961556692049556935961181024313864321803155823019219540443935285190686357491727369477400368724904096000
-49201342759789981600697273212196366132210746297468348907155652859723710007435411924925150981780572322477796309554066101276598949814138720000
572800817561505588264907760976557694600922638993983370610466427737277265889032017842029844145914564198722986665549189302516454440428800160000
-6471499122335441349721392675007620401358181521094155900608810698963830427356155131960047068210373084389663137206365179271271940794688829280000
70978494756659351253518415642979854146379178626171476148751857300907168638972000954258660868647736933609051866437964329260882535450878576800000
-755980906553994380968807431037611740757995194786232765786288448489715445391902497630327223342498589765235894465807089943173108192248459807051520
7821575307421520811408575498408531445238537541624873629395532839637360633071345785732055898017263802695723174043738174342802102764675893017555200
-78633941533053565694995945308422555887389695942592990795645054135986533185273015390475738895785974614148080829014184745834273054392652379001081600
768399916506098058464644796265012786426215023533701263770987797253890757878180688855122226961253741413598241526389104455841420386218272392566124800
-7300476373855004707043921357880777627165906076018397121503079865112874938052671678523389272178743886735989061257369323619470761384523707982247776000
67456401694420243493085833346818385275012972142409989402688457953642964427606686309556116874931593513440538926018092550243909835192999061755969450240
-606346790112548980339085051307516273676861763770557708432182869656469109452538382122553268205927560959481143600353148628354607915029282070882228064000
5303460353970736262894448250668894569822069311551760848946094427459289301773153975221832660578080266976354107290893720572693515868337617066140035232000
-45149083956934499870804283140801082862005356207660925897538336462070683652357404729980377419788456004842827599112940053770758691411002500809684227936000
374194788804071648589092187935664303538842578092972072914971926913533670633483705868658230089176432421089648242081169833406174641966471973830829598880000
-3020023851896778117768658072071490824035079525422739729238052322526652161703677283447381322453974664485281450331348801959273003397606497891494741140524800
23740425466370832851145183925126619322525625149821266611398101951284418155956165124341637383379406029363745743951408781221218552938999700839846437251232000
-181815463470619377445149012628856485964968015994145773769707197226860069658648569660815390963450129383555060052798429491485054281703659090842037049562976000
1356854243917101634983219490940970304350133210270360609206988422279790437204625276063771058181780717630993547336173403560421520796515736851490574014507168000
-9869354533933065357853577953612423189639303738129885936051084200183073606810312495949270233195719738203470929147030759516940527798416131637246486787757920000
69982252717404881715268901647368288681496672778176312175682724953298150084044087471276825322694982578204266208208501074520369895633312214409492495696501715200
-483858698144549752760260954452369444325454896741273367180136990363613764407915013665976890937193723887825777291507997708207194586944244757398320594264364896000
3262616212252568937799339932951988294723814020181705294388560764890378634485884411619167429060434807387286479392833700992769495447315918808392834706504706208000
-21459180074738338439656729190176871097462551528046787961831663340538671451034629035007466474385588494373981495342829315340002114407614830992374053410675595104000
137702072231514688719843429728726640021064584839322417093238491558232534096159287718981818594122099098121859527607336145289511078192820384480263561383579248800000
-862236210955692695207431806914135307947964626465922339319224420658978253108926039699432858789189356469137330057021404200161280946233182575885227049013567526752000
5269221289173677581823194375586382437459783828402858740284149237360422657887881353718756359267268289533617017015130803445430050226980560185965276410638468219040000
-31432201434525560807204849688440523654724762135908943832068067195804914711369233365944589029290463097741877172282734254966697037845651812260354242650643565281120000
183055590445219040719344195415853328723038879194675036069890788670945490382788833884216238399237211784974872344868585209162567546937005119048951842975405653196960000
-1040975750787091443168314328283092059624382403011449151653439761919717060145366356140882771878531374230749363344684276771010682810788080839729959286627306813685600000
5781162929571191038779550453552980062329970113364384008622543061797340665223306595464006561904611839927889664271038599475484928057992685751524301894213411120484348160
-31359734409158107649335008758685829992062434685130692002463329117199867239499232473287011381530408407255148963085768150375057199695032375851445666632320272948926713600
166178861730652132922254681169152939169779522208825962272184569481878419900814271887472079150954870848595816285356071671133953626834537191987879901266155448694754668800
-860373865423652531343263537805454188875339788515805790340680728431627483258744981804428211096663039975570025554317367205238445740516601408645327489569810569370985926400
4352779023297177007683374703098599594606008989236768939297526762183677504060514552915894204068916563190014034609120408050170834959418308901726360967941941046225993888000
-21521481844802940214587613464000704081774889434220908086172107150421264800348545015328644803446776487623660321140840141788921758228830062271383733580361283298941056945920
104006449285582026846930171866788735461051663962103534093907566595574464102788002343569367464147380142218294360799894953643507606962039193782141040709649135202251636896000
-491343944668466685830195842934666987062791627977840322171122242506318109872259121561414654383207210215054667402618911551901161318696463784967653285777167680643216375648000
2269348507131313211509285875392350816790698781071863326131918505512720268779007492863214185608036593681878004313604767071675185404733873201627007699878907518142262739104000
-10248455024840553014353230674537209247950925267099640330242242859463429511096510986413244434710815876946482983035642098916819465776533622307322371697416276650612162887520000
45259210141105767840907374737567794493678152278738543858415247061015522260739930666940341290347698942191096254668807537001583882085524846414386632563895550339017482318803200
-195476736276190523143729076102562306954068896478619561027965860916479264435133139391383025871751708400998229623585796045900437162988491575516726292661935046773055378751328000
825789477738192618178610586800620357948821664715801002709978228769616484450460405184005843988828645694012929226168566969416132504869750125142088624102460299633111497990304000
-3412517297502639978340570509335761173771279879556634936956490030345865223196604604929472657980932034406451580897269697961874936477755666446344474150521929879453394503442272000
13796064851553455252540287362303854422125503606640935640789010941395179965123853950676707713936454992898966301965416276617182914938541298483451729137305493680092439766917280000
-54569825969724975252599997898637196875297332262154554578851716548606673660158330738287278429015493166997189128326116510103701736359170802644071334812974493754201558914722860800
211206639157496782933665865826473336300942706912381777828968296510956864166248949528091666214560559165964150550180153674658203509927587351493997853527029699369709957511798944000
-799943795777539316587170293338093583694570569456224562429579901322491090395756394636786369948595318217382081494279379616480668958960889868720089612960472556302239182344527712000
2965146451283421373721418642614599686989670800831274211154515790509653128232244975581285415526206662154231829221685387874590655437366378045416637827069513758680779135246033056000
-10757319323118831514366067563330630528853494625570702111296041857032231442901743211672095065508005597639549482823535541420598469253209354712469442014384313915134879462839132000000
38200436174097539466571057702671883522461965359248848830780166416750012990571079227226684254848428766728889052337799544866925230814730108512280374086635852525301194181370962080000
-132792240904357234557143226676967796726705944058395612406431020407109617591360909587439525657435337892402623339849211654668544472530270396334438196785693034237770936265342197600000
451907591123858011609004213762548564888545382857152281618553080197589112485730502044006104111825768269684068624700501796040789748898364425902443129776197498670490020405274992800000
-1505671620449488452057312142450180812369416822901743344540049250678820437112050857064724416019882444389580596679574208079385821195896612837362975136666586510376322986223061442400000
4911842383048019039749920464704804211007410759414115905445426015481896014928490569092519296797431283206384152539505871309963110769132030431980153021279655265379576026856709284000000
-15689917771539819410749329940088414910437816218439548093227946102957882368070137138814510759837221937671285723993553762748900404582281521336995930716485687932823041220892493892718336
49077936289661591832817568960997145657114005631626855524672449198342683194656274270189506445799725461372892986490292256116804868452765202166491428532418698837490062171171658271125760
-150337503767332771261951616941905014289852543632078123312511110269856590526280770219310121208235292694528521531621667152208009060428158617610505425599926260367280767666382176216846080
451012511301998313785854850825715042869557630896234369937533330809569771578842310657930363624705878083585564594865001456624027181284475852831516276799778781101842302999146528650538240
-1325176175717277059825693944541994893402260703243277418309938838407181899005317876306682598968210678979443313554829892808222571301538636309368246400704596088094139739507437625044652800
3813684525573105744478251519925707907426766364671008314610780197915485138462878120239752359965555892475988461423237080865130945433232728730321540351755546469854827240868860137968741632
-10750363552508536238513805563568913234763115371537790759238767675203169603935768840195677432162098146875236980441063678506538633257539377211660422732718056085264685494844770652889568000
29684429019644782800010113250368890814446912692574964933912740495257971532630722591798348979349338041922715886305122572331645243531148675184079789859764182413582102188244467725655584000
-80293452162527215932618231030041286607430687523411970557573796962892654413578053244941805846284571049345705636951845763940993270803034126379821680446612970543426018621795073054974432000
212762444525119455005233650724513500600442866582977364620704013115083119681334583058271949329818438991304782479737626500797085087146823553862325437494422206418813208176933034971913760000
-552318464358185269451446323699723359501100272203415204256248426034990259272626636986002973648452135369965463039718345535210474214430911887889189507451226831708119160058100346642316153600
1404685367831370840992432691762272211879960899894498875876617969327743392959794388182395105991738129747143997696169494700275773521130519853282194768085300073721341116410739635924229664000
-3500075688495376424992972438363588072512660845296287971022526110690530942434370725777935527833961165426217877364630974407149933414817572698516085178701328176659702700792853138327478752000
8544713238265440073029472516509133410379049990522737888509729255315278543145282702313998034029433023681774918842492294798215432909141912933176319687470182188052032029261779463721967136000
-20438586113888376014443200266573655636906360711764832644142494567278898497565304077813851205562354287534456181062356058387222516013456524310684934235103486870287493412987585420832809440000
47901372026917165336707288134965685986578091104879048588843348491965483744089786128492707600954709517968509139453081015207931300795619331670184854031822131269057464154030496116906935430400
-110001365116890658590984922277644906881807894441590109316616019083581518049213781283453275263899565567267857993145737827539766789287460418862345430854727599370696570894435003280387613152000
247519437516542499582928381947099023757259858490568658991941183190848077610044023229162963959216975248863184530103571548856094959509554360475220040108148216556598136015785804842181451296000
-545743502337931032260525793772255547173141730146426188467389707395264671876573664987689889775989816765880698367097644404287483663719853168895605943975552772257193024526565337323068858848000
1179075468014048526488790295186971861176540775007710901009792577705818735535807300899330008775286641160853360669655404577164316557419435858725074570317552285740849127063567086809099386400000
-2496163051451762851963973594723771914997812434547834478708531625506002270508172117494890750087837511757942636707112090993301350501179382140675947405441358848542731771449533155812595614176000
5178285331919541814310701461751041193526143078237250921771967933940486977006538329687749529409090578435739510001336867316747312777357491004911352705414565973098123425290784206700740197920000
-10526472292805299332557091170824100444630611643191620215682226638632225990974418492674060510822024241702380001658046395974952992196352561773924799402598252556818051168621790820849804001760000
20968363727158547319125776203679563120896769869235608713049986883528181356747435521929994896283170275472892815574501476861721555675276432401382708525117191177825292576210097566440771010080000
-40928969060691664703135692616839505781003626966502639681997260555726937484557007267367971209874833741165614619292870658970438431385437781996933456778341222453540788873927506780852700856800000
78285293888707843651739896331480220924056537339129226726863738012278421403795349544819911510585481994880150700261688074642301703693497794934223477596119682200470283999037519192034525958810880
-146726987164331814326437632986527224296721903565093088205452473310588059238243685048808338160820603177544986631098778118057925674634517269703698974390165984774224708859210928585219747679916800
269473663407069232405618145900464126616971252253896724321925179515013527077439233205983180611146980351003673508084459535380622499398019251561087036068365783671221556713730874382273387013254400
-484946687955470355570570106896870958263622877683792870498942374190652093433776862628410160605142844258478865132003674947540667436974683113781618760666924916430328101143976271737452730774803200
855138745585164878983017451105883938041183536209150693382769863748232018358936936883121644312155243164512824246095196757722664539310222964173861383500202395223322701544994420815494737772064000
-1477530258813143779041167009900368289366392082063602681915178348139557099442157385513226329949713893819025675224959738298015630705153243099513888028739933470473063419930666530800083332347810560
2501407242895361756101909960876691877132452078444297768528326263286889895505296033988532412636760865604201915650408498433524161121479027601083669739648473824107914731309313817758194990661152000
-4149257087113580921000397280634723549852511993644853862705086450850382050287031479641734948901750233760355540800772943139742073746355349163272668450850223102206998645748059315456177475076576000
6743456919498966717145814711981733851330560671613483853455807061524663537263477054639659924164469255092338767880506323067842309567262026368061957394163405371845150979622266565722161212898848000
-10737623444263712084122652238077002341098521412752691448948360953351344119795153231063625261945362519826830311341710455879751282450462120622061393730550527401749398864154675076268565310915040000
16750692573051390851231337491400123652113693403894198660359443087228096826880439040459255408634765530929855285693068311172412000622720908170415774219658822746729062228081293118978961885027462400
-25600041907389022359150088141731256451467303120839037071491815049594577979123822097441973805527033544530929252063226771617418363669190570470700239022868880950259318705506748462958665756543456000
38327878624642945684184013994242666075714573777778061446923349982040472411055220921074913685671704085951427837679786096265493154446343388772090908081335317417222570895319736343795606420747808000
-56212971747768514602566843814733485226104475004654963318237877931053900727975791096071593269960077274916981766376913877570758092111508255119954323279212364552557940459856380221637374210443744000
80758076603724546558714412738002002867960920366592347658265600953893617048222210289716179504434019404476211163474269490977620935424921139865966502509992778342907451642208898414785400784188960000
-113642706070350453745120582788084287672156136645161411611967435744522253911274236856173243452502175111290656598121680017221070180241107577204960245276779920334072631032678240851013534965769081600
156631948633760713936699075856127204448704096014778284693806184118774684408121480468771221742126310448788617273793780195023089180053609587104238282610397059598202878742238336025602194004932128000
-211435439428276008375162612813497108748265018561739685319219814748449587432770962573338240342996493580463447040285217935459652133869204350307047890761003194904569678941842541373152346721061344000
279516692033299122183038102653670780952921781908150196238333678000784828737654129660444884625775409880748729307225129379530560530715977633172355828375657284873841548351687532019382807570019872000
-361861618568370681793978986926910021558568778616079741812695204792514934441187684051502034558945617462297687970822070614059118224964926752793944776239975074689621905756228650832137506036255200000
458725337642589214470734054154127181654661791466390914223179983487147997861154048197606523809741579285423463546679494083621794300685642093957057467900613385340103395823017053698484071665890848000
-569386687518818629295006754061900962968296218367109819490794347001334994780294318912900679924577498039206751117497084154613488736479100571121760568976873664406793637406258471460841947303905760000
691948018850614094118918429625252278956063603391506632988542400060573138599957455163487197290711540342940816528402351592978101238977035685944075715787471673294789239184349802797464497345525280000
-823221394206749842938030957388030268194345174444898816559959545556377685393053062448003228772440302615894071105844583286149595737119693597160302850480955055999450714679312487159922428313078240000
958739145188598211850804979439224047315781835477841599679752066862130967993098526288697114761403259024852191412078213986974327708113370202003972734441751726599968034072947492973274700169082400000
-1092915666862992724046480086112742880517265621497695610985137123468534015464720413102520978724419564924624158510597960114261575660994150763172594028803134515178170907347613711908244671268664021760
1219368719227305931787395137398514784048188916547015764322260427010347868493696328668101918411542489791936044619262186904341427390365374818415704081722505450818620433817585546343909343977435065600
-1331384524836683392660200627692904185193794831252953118521866718591176530931848137979181024708852307712111981815286208542781678532421346880320022647498539498744056598665713836502477159482783404800
1422485448010712227254548404515218800567489667579061007707430632424836129437726397136448556004420790325413925274935889773710559957061211797519044522886016889012870975193528114924941825615805574400
-1487036923976118287565653344441099020786119859416393010616409882121965174480092558661881476338693373238966930716393921162586536180573805098402059745141135910161546559536444686789142862239050208000
1520816528175081962246157074734575838048421841408074037030412279444241914246060093327781006171572333816247167167235462087761341446897950794464526287499897516022006382617272566093982650714603941120
-1521466429930048268142541379213873907757303679745722858388686623081866510161918731382376071465256959214538655837921378160812489421021346640474187267568424073978854711097985664470873336502888928000
1488762526473032377340781644218092051027343523364278749127343039105466046593651428618692586291870201728705075263214216548371404634529159742514471613223878791383970501633495693661090042951685664000
-1424658027587603947464541471893971034049188625914629910516407249371819713792192879242235997279571332521120712680588431954542040799150645951457531481650262582563889715006379303495385129638767072000
1333092105209572691861905536082260230348484631054332335927451017843196140504981994754077161915666936858137528878811481696594159159885765115257992596251190885385870338238483469244263968187504160000
-1219589390977850417966051840475431704088864931568800577654475349004771785401066215858142001950078815484737594352796677966459012927835885800550562634951673858650605877591969493221538323094782841600
1090706895503951090642549541690075642401129638765715396942694742114916147540437874859836788655782129468660572588609354153146082205666617720806868075078182136277307950418994569322303032620897824000
-953405521315144070109834763385871547978933617436919057975559786731866564153065987613046730499622304082717484695473766147136500751540264344759745387369235418787739772954828762631897875207268832000
814430157864045658803647894300199009070279645135113744861874747651893257834692403180542861228061243913122631788301945097169115852492747314876251492062357281689662721396904425118330145095570976000
-679774786728157703234253295500138110787222855454870140899101245800543027416403628141090266440319307613721655798220164415108680863975567906638544224289330711726359677457201798239215399233628640000
554289490917729921119209972474849457870711689007466965858890423030049433657320143987843021688012164512950433797130436557427676728863845343485102154741848721063078212344326651882812866810002566400
-441459421578757239607429778521881280623709002607164076999809798008225824262312896674070858670134959017674264794704773284067354166748143594061556511773921070981818959449149169991368872705370592000
343357327894588964139112049961463218262884779805572059888740954006397863315132252968721778965660523680413317062548156998719053240804111684270099509157494166319192524016004909993286900993066016000
-260746563240737685001021841049690194501925468237005472846863415554215585910900857465334182437156413147946293853480622755584468281635101807107527848144595492031222285882593650540420053381053408000
193294428590088782323533568001019141954610494308971535031020546656462292669628385675492180093438833213617323799343962559273213547072466266826974890084871246351129285155817909716168548446471200000
-139848074291701051689749690710743921480954353949615145305415023249597215874665260179315328508891406720311011046515496488314671344996991964935618835006571804296276601286566903726535514432895968000
98726566399180875724333913267268199462814506432568792708320893131223357312602089131170129871957906868357835786690448374716104927017868130181538494517342444099204014652532653817774967498441760000
-67991057232881735305838143211478707697767098184010567721798874248710522582233915746573837539947408510154857818312134136696058553026528936982709663814192880606030191440599867004758472424717280000
45667292088976682330204315555674352900153127981363286125150697804230320391678998812335024234820303052989432610748778596252438879152498723819730406783882433734261478446430866696492707271902240000
-29907861425913746022419861214020210157962459892342537452483102637628175029877902936741719995203771613829977393494345417888613982748416817814315499607080399962073468940384953101526182750354400000
19093178734303335460712839399030502164843234395271475909665212723861826939074053234815914044938087798269057568006790114780091166586589296492659014949160127335787702571541754060014315067826248960
-11878593289441210286998272772818288456061352355762197643361182193863196953382993689688324534529314541954227914453866724462206169950098313589836497629938362926289544915613524128077518111675769600
7199817891247427037007187584975539410236971043591576122821506666469576194761989019051358748847637664239093343306367802896757254073272999992741796377405048325972772886309030456220301390500076800
-4250284400018834660614765036271201612095289732278198265909844759038204763279257125056720723221055630030925859948409559588182526143330638230081527833073663777959660414114387243283536895500870400
2442973924655193317039244032766415382576877412439794851032379052196123076163971319477046321113217288310739777248316913334999183615639870878112988892904701018089078169589007661941133279036448000
-1366728374600077336749783853762550673641046159283093795184348932687282561420371914151691518279425381688847183887809136214614296394700987607740975178134025595152702363954959170491326223044043520
743977411944146160781412174142589324184846976139114588291979930838821452747916656068057170144564198251776085111895349386313277564275445700320872057095296240174083905348278745365954278261792000
-393909205460497186623909496015611192741525434611498346859440096406925302772339731994119186423714158223950244881644140855732673530320825144184919703127750607968200927924488317022973808278496000
202781661982622812048994829309811679103625519592901515838883363239068055273334654931883841531734507488069060974574202689045814184247998742864426119361623094042801661120890435390524978226208000
-101458144791333109528874842484511211895554949078612271437439525276203208443001050423211953862687613863046847086818506897028370893448868215592638282975396001014295238291180615495522616220640000
49316480538481100586416352006756969120025303592950853753581715732895509664040147774874635895704573486808893744966927751580502459681858028785573565393664142352436116281400174008209133816454400
-23278584005664300640676077298847683251888586397562098596876075472850994712378511387637080778693911004363983334841535156430993445569826519506049470513866533805090743326826096825824104291296000
10665552728832308623905344066791373565390035846800434636589358894111509503321874032000328573221453706876627465981151921084616790476456650268524623905783634392008468017666495768898405917728000
-4740950911026497564819570054331848413965942668395255908574083643402914151810536569096753870179132379082213540224423963334291406324554238928901586773081587753391848498143671233030795303904000
2043549021391891473699412893538970383694814138224350415653166458222847527223774824743862376568610209692612788977861145869047784977873628187101871842532765792906696858969256488340202185760000
-853714984361250757135951593015274355425214836630620462448421795018743290388714237763736643675855743848005312448923236081712964320340024530473212485692812119563466155620450233560576406905600
345467654851260594451448175500008141084277608787425290016851069314854966618203978244584787221368236536572794475215849991914025342250078513703151828915472668410456126074119093141797037088000
-135336104590057214760259604014709383902433032115815462739511386431037600484317118364753032977395567104635017513311108428737879876159765515136911843275578676849533524978004946190973049824000
51293534127516845220557949404783802349352406667579919932330592803548717698920964901648254145039326544244717099776106493948882508403957925651166907690424272523646954210584653875763962912000
-18796185698611550108448655382270497410184703137605910902831679250273528774598860702372095381644798148810510686361107392071716813352506422787666195505915360180210905115636147950763154400000
6654781779574535592115209889061719909523245309215183661795943298196016303337315640410087323550935146240018824824048270052498746148936984729120824921267884546448224588048368414964409376000
-2274760586597261966592891814211122087784660028200640675532509026501965401695634500043946845205521227380215685191488418921120914128631743003883462092515864386539037069213724344051735520000
750130043287450318177657612299309231610183726530249416824006507156682527967645724671581530076295166532409409052269900663624241060354741646358128924753831426224178850110815843671958560000
-238438448274542564287120872682241368699595289775858202090069594374020807166534134406155145808602579930780742200511378064909979658569997410042086989756154625154851195151755837457472480000
72991361716696703353200267147624908785590394829344347578592732971639022602000245226374024227123238754320635367503483081094891732215305329604720507068210599537199345454619133915552800000
-21498749522126707036040872759273778072137054366426737120876962791903396859623222845836307659271794825988641856095692567352215913462961338661451604560870879006403544495285449991403610880
6086457790154910011378162348247686406983745910770824237761000900049399298890903797298007063064260184505359880161792515543759145365228697569202564843570226925221146005987696900221164800
-1654466693836477023217487628556838741342182634480912400751389307127868500835740835039554133251976409485271902063425018246452179338445503829917528493933283559579510413667443002608198400
431312185189133899250603884699182029521954044753872823464581946179533585782663123200523961484895050425985011095020311004846105232275574559538364615069711041847905607995175199510355200
-107702619420905558831575634906576699082587826625197166783026650621097849122327446050053608353095873178014792248227359749212634160611900018252033421070114339791352642716516070204384000
25726470680577743693682225381465088272355005240755981086395553067073580746875795997891822214550462258551888749500962529131395940519696949539370402809867009406493988532436617449954560
-5869825912858342787252508274195338350404268825663013619063845478750788883139611631609844932856428440206691132571994880009271669868018034906426690920524930933154631854395828741088000
1277262951311625124931283013291018927614721991791119491425307636874428496569023696295602405128093227773869770821254533937808223050948038511148732982706376172137095873191957978144000
-264609339155295691210045129777378288030407232435202728362291348006533502199558096709032036885477067781184278812036503586334783927757236072406745378557324924165593716697488466912000
52094540800900130602021449685881692325366899803701610996886199348207158187435829544221005143280056809868626736681888900954945042392121500119525078180436165580120904850590358560000
-9726515349897351681981768541622926746344193823014346962225325513433481359359906535635360507602728216687286741184734385835155062600365138754774523877201943020310124941863959929600
1718416242512746706239238050301091625682757598722730072326508242103301073256633875155342347651731644143258071194660053803108406635801367519157234181120136442829855455112420384000
-286570972308869632668250152524886062735145550521387466173198787654785044298365459747905281747116208419054965423639030852849729298323833601309366600340976660791312931475334112000
44986037104909059630076978254559827516434472057696796645930436053709988946773986089936688180484381845601242012340199532934464249005994074974275965861026136356125178071440416000
-6627291228056401967526790007389943252933178382127738376000150897077599429055918015210119413854380582110510171983032143513655514703619336862249124712812011999733782207439840000
913093458087770937748135512129281070404126799315377287360020790264024810225482037651172008131047991313003623695439984217436982025831997523243212738209654986629987770802822400
-117200319037969944403718087548833359960447741755412917774641534949782286121639926838199881555361697891538403516632032546633024586397919139404937087229093471622846693950432000
13952609526888983887417568922724987802135128330010567289201570617954410539581885969468096001024208689635368986373173466893064808011172260090349384812533974526236034939936000
-1532804586037508484100963091698707782899804865057470067317830760870975988928985999490923449315721549385504218777672378528600169512921039326764152810020625120691174425568000
154475065779109293614044923242949588440587698037234957066430135803981724226920115509028834585701580494373577544108342367166101469321523716080773260886249508266377428000000
-14182625364575948639850088662922035516802645629041263613379366570857863926939721059063022197447753604406377106965115781515241735900556721354787862403067405915135460320000
1176495130712063952872751753054871741264281860297890530424423626573244710708529970858886433855306416387732386095658688994753676948588716061885039812006715210753850400000
-87298488038379804859200235802576740689134455270018365015511904104264597114811178319234520907783640888840408986461782443233783467132080801392476113834916155961951200000
5723001817292328518345072690491503291795494986484034335043964577074578166735800451729214169813079475543127748332041929161007657054444422984106134413735398361709600000
-326298147193244968828725858629497332889744919875825573367855595554243218970840060593583524302660214287591435466424222505833165072941743443635025002057299611436000000
15850258798059067605824187308786462442452249227888103051916953409642918604727526783393913276526022569234041569217023032443351826583218129518014974499935385925115136
-637774099666350317943593194199674327258558622763072669268892190496100040681644424626649896922167381676612996269347365712352135369096648598088410665820164811989760
20407485678414333680734778448817999385698398863922960190765761701437315486663855360943445933261591703937981991989699028840695689562931310646819892809060451278080
-486841391537731999101407719091769673982743912031282479202913935823005838993511961382940554298465067910970308890441506929334036119336282575226827107429194474240
7696977794167131240055736150313179172025525300265176526551122427606577527642479394423079009616751957176354936267752760058291227629161885838107812784081132800
-60486822803835510398592559366551857853210971602237680969898093971656457003080460908115238353158942716141751210039548794921750362452929237420578121225151232
