-289
24137280
-503968303440
4676377884097920
-24406308450724800600
81513165216068718035904
-189031294390652692367429040
322016738885235949740694629120
-419914859017892760273580494726060
432564146129049036015155018270894400
-360849336342313996334202467791762817424
248717641743380060283243684411843132009600
-144009241775262495043305615800043366788641800
71026380594388636016861595787959850346549534400
-30195271239935883143392818719549768010848163030000
11178423614229774765831325458060522116584927056652800
-3635825946245477327644317633849255367333765435047638250
1047117872518697470361563478548585545792124445293719816000
-268879832222031090869354928162983554485393140355251875098000
61939187943446275669516775141367624351815217595409268512880000
-12871118102617994699814759666314045759368081754370034520147746200
2424790231214292516237211412873856965279592363158871809373865656000
-416006831465581007584275462997534009970912212933105864535077856358000
65265101998093570853372758459529948120049047969270929885624161540384000
-9398287995194220893112853212544638102113660214949960554449819581540192500
1246528770639392216248772927851360512180502363485587088194675590450169275968
-152764313614823148158475729597405268685789524116809855505159614335568452170960
17349332034017061841339537180834536358071174596267382108344547037133584762878080
-1830907760839884751998608785370799789104253536443079583543498454351175258324290440
179999350376030524726807341705657225402068587863393365002825745785677967132285771200
-16524140363797797759392832643403450688827009775401581344331628825064999247151758558128
1419597324074033489089981543225170539926699195689026592911570526324002432720966895482880
-114367695746226114013140827511178607453450101119880494956470540732569559269708599586573390
8657077957532517015914806880993089962904314724989888852389145650750389265124535611680824320
-616816804474191837383929990270757659856932424155529580732726627615965235140123162332258732800
41438004686537217509671757125977365204560090431268132551820792282680387747829857769220869122048
-2629043159992687276028364374755778436685920860888134412865327658521138026670763931384402749660800
157765634535952699123653900741370862038438108519855382239380860338077816776520524829139119569126400
-8967403037262735239592895575588293797457676338631696819987301159257903717151298557064578612794451200
483449736394177705224600550426193353972077225356869914029558642379453060359241605311831325607590400000
-24752928659467144868565313557165116094216586486537587642009670963979483848555894717969083765687133224000
1205103915223552133279824664793809102409687946495083981333772440030982128593583833265074250674500287360000
-55853560542478430703264526711761593415934726440815522143937207131299889958858068852750949836958684803680000
2467102215589669222497036465983230317721049744658888763947885116726622289194081232743037087660405465271040000
-103966185051076014213543760370476159850863555484501776759652999611643326169369378808543740080978398700484400000
4184112699714810298442944343285098826274556206303682369780089311778017041727865133521521304513291644688729216000
-160967719433026527573132270446655704136521856320487364514153199633879715161558062946275728636060730782554821280000
5925127751262224087834554628591429884449463640168161422985434571584439746136989232361961089567845242820777559040000
-208863324902024328880928395516627674012730941173410402035854183854328751242190909064557896619545003075596827696420000
7056640114973849878725910639029086595548827133688901213306327111313264598403384649444788243972299312574933220630400000
-228694415502118516409700802353910250023184609279443386081316771554284804410896251073066475325951865041653465787478255360
7114937371177020510524024962121652222943521177582683122529855115022193915005661144495401454585169134629218935610434611200
-212650848197638042381294425060571585688471357621560540648481989952199942910137765057205939110654443030077509881371484457600
6110172751772076068593462312384782422245603494607117962556168876120313916754374970913921593983318407206698461212266021196800
-168899339731340257719127582198139707525756814020166921595281204478627538840873249153126423210914053570951964837453601727904000
4494453306120319135655832679874860792394486116154498023383059780400529707945432417795062665383714927685074169109310785021276160
-115206195475918958456535111598131595917292973994604376151035478459023144315431627839431158277063113667718331340514013856484465600
2846362487917195024076019229980061393497365838256350410094158180013144303012720107702929497450418670463245889001459193686586956800
-67822793681325386903942174024230612698742078923042294834101497394564092715990073030066504080598457006041141713641487689754979398400
1559476129345959197871741341252346521231633437805316081161012310100807233837358645597966959669951306740457622166005364748057613056000
-34620803259294001403640955481730218423153715550788518478463684676546281926532094531898643717717271773890031561424809654452642359180160
742472480540623840905817857415230161292036146453352264063800601233107577999801436077804828990550466959533598119242088262650056507008000
-15389692984400438546267650734982646608029543194839684792874984522489675466256550213936330738678483235154723854668796011057015752421664000
308460785158736126790799735769548879557058760452478358438596817519047282109257012501653560827248853193002920656742771547394234602330112000
-5981322720027494353115055911498149355180515636947776762447644587756428315802670463365193864429746133997621331338328767126901143381364537500
112259163646698270349020467114356745862341814898795480746757023723250589285180723565208618384336366731710149370367838560495799542146433696000
-2040173712142072674972498916232335120797128047856552854296836497486485973544842052580289319190998271881504585607247460891104217344816901640000
35918692095792445455207514891439944144985213606192712225615411465660939955713066852199916568122739011659405304012470779493372355802087184320000
-612862683884458600579478222835194046973810207155663152349562958132839787994354203165661076443594234386438602999712782675105665820873112582460000
10138429948065523919689078939403462117130286056622564561867586343739227410719457475599131774983718105497984535235744331756211350567520761813600000
-162672143050379501242831648019355019410387800011780132330324797128800366991464176773281497812447939014766743294850909205511243386320214247866744000
2532535168933501935635276281801027955430913418949514934593114477022069589662786866329524290482228576448897840464173646984432132703513273987816320000
-38269908859711369817102746544646436524805452256992313161886730089984156143019624758421285560089957560431579885887725884224432866434243700691274510000
561531378036883360619046342244134765387049713431927744558875436141122375142614092533397853352327633996109231457559216051656381064407277809054632480000
-8003052665976727881576601859102172710853231352226954131500626992993772054055024991192300121417532906359814640084954166682162574903518260885257266600000
110827696083364123566807285051844061419488588340101478938199616043776509852919151415807184045856025470898510436276904847621997499499459279985422229168640
-1491741556786901625121439123330266024075162794408100671753865849952113012208310150073048740243261201564232114589395423715092139127178923428404891136896800
19522214686154371883356840016434812167319958094739980995568554398631194610097352195052791002353706046849704542961775968443486129053139994376251022616646400
-248478260790883644893409536547117447370275410089148571392807716463971699050313718265664526109346471918129613854919632752853095886832347426777408027344715200
3076814612068496727665869088985937563335184055710527415035439885969513363660990890493599515739512153474292029916389876484615806783272521894144863379778816000
-37076096827708521270987420314325701690933238993820560121085649913414818768578012260274513789585455748139199318622172447557821192958243775155991563861237823240
434899620768243834326351450600595336402106702174124418064129190266179614758384975392581402415256313729125557012827677421742100138708495798811935795573976966400
-4967130603233019295770495590686186800962609816607113761759507647958327762433029588819761148317138477908336615394724441248888766262997672793182664082792193499200
55253469645369826487659256511171994038520353529719312206583624630329884321493384155963991336600225843964530630124622351834060667189147577513016971112285001049600
-598775022170238631289521690635879609432462986486676191592462706541691412222646204575650027997893462182362221461519167819301509200200987742989348454662822081244000
6323064234117719946417349053114888675606809137299300583216406181080261313071143920318864295657754960645745058633642412171823937154122430565967519681239401177936640
-65081566363197867890889764287232409468708537801096438195963888660726729645421961997603237494178825903076979798335049841343982857741694162633082400721247892735320000
653068454012102584495819708963386968419520526234492888606136777851699903557813298671153533380614372438961919625200648110682809619658760079311385189533653051794560000
-6390440113594408257404407294178534905207387256775718959182234841847658005152430053383781159476086686506613815010179430770042776930382471917610903345466377493005730000
60991954625392913048828833662403388313808670194703238645900385562893945864098436060574909185253396477704835805424765176898779691445135068422091187087142802483428000000
-567910396271822085809348081932361228397007866019100365668204071548027690248909647669706200698888446388268693985301384494676896680059695308081794990283876210629953480000
5159953896327966880364128690326151289046114218002307875000081432589494434769709200660390597824461623747534903448143481388659546698187595094804281496070383539161659200000
-45757403071442368872813138836225181628300353835136959141526596418462864341978977253540517143302293961911475336496609792366330292595211049743705689538109023782946202100000
396109178259340159815616294478650919051231829384249555421942343281668583537131458541691016250818516998061739090550834590594505915965850585779943622048479457587784488800000
-3348054999807471688074841891482349919572345991122983029276569025349866247337105362289066721219146779311933112718174409393226649426653412290513251404786180204837447323000000
27636200029435724196656334797547827103430635673650719528973660511076303153642659398236710743927042489930389935185941363119979221682877850636462623451628950752306977925120000
-222819861456946775871587343438779437165843466116603376150215694908368566170943772416013323766004654103111721368705661131361768236452499858023259031637726691151277126163850000
1755088274237138851460844000099353985251885530963302095147708107242960056973215523572704798697644481335935369760603035154371704489315301251761055728848464293187740501036800000
-13508002911993606047837485001597662279036195626011495311019693894531224336868926682207790566986025315171630021511296808569938908864714610852397121648197827484335507560926400000
101602895079294830919965247864277080217380710289722215521719399439326788910721076932186340230406059201556225404123334427892653439598690043060781125181628797280401348575808000000
-746994644912483526406676498822951521466204720121066700737233196617874484750512429713127192007968387855761524793655167047309577353273529065587168910447853080485238754864197996800
5369046893930329590837910096431605289079710820436879766498768549752235782953393916926427381435569277285014704232016159975368906140771997950088346683073873920319351583829330176000
-37732468449010371846721979288811003837143523265848071692338567863536545919089129471732947986199972976475242226963891346493564812600425430038120880856046947273355443075245014848000
259322248991822436807257324338371940029579467278679857030048982945251827321390009241492384161543258522081521467847228377371929269141504284563999402863238290092835523188072817664000
-1743160513401483937506623868899901248137072408329920396206519166515766836668052942113785483585891513576917253912706429287798272699050764516385500793747387193158247662110654050320000
11462327853020769118683011700659160170970086287010059777178032970133971210075933432333876863314538881475935894753339256022514610212279748243073312067438601537886650568015780138956800
-73741043863973504427198424775912014325255668143157900586802608868470461812062909234269694647978946515440372566059552164612626254823303809340561976040832975450884348194110062953408000
464203381375167998172508067992796811638555901337555787500396333860459701608786618423642714007261650210570227232163860914312271765012241431285962331838144310131551816145156822183424000
-2859761863466687829619505507695336119162526697737718297532234170285584085948437932104569144411848456719902676459327722369661943777304923913572993422401709164362390162272165103878112000
17243779134648052867093794678166305830889942986779744031243940405627408797015915617874870255505834815201904531735227508674571303106314683037485838631500584507610607796075911795457280000
-101782475171545337505843463612340142871734761823040999872353179149612823445592868540846372604833242011283902773641461479094756780095545535307460833132264731084136960281284107135814412800
588175653941565459817876358185100087043869413343114941231356736908727621891584468801904206595578835419480064725531373858578579883353854566503628870953433069814994852043456572361820160000
-3328040767682596591318033344619248156737302244168867122431282455004046589524791999533861198304719308160749087533804234882041762147704602644031255291267683274574209950054880192643886280000
18440405700922474275897368251116065908487556455433917037063050846303258227117086972434783264347678008535462404353646896888888617391682672587555750205009877597515428176543416351314922240000
-100069991694179555117548622338408783333032080564748922671504436821755716102449412029159979202686979959369304868193363142743064769278887387214325121822739428867711262861705481546359256000000
531910785340948658339750318026524297404825945964430266020119159986551215057677419130573149189571564705015096787487384157449261324856610039441829774189133526781446573468918603461842741760000
-2769643963652910801618207939397177831277432365041454116282673078512017752899536888479756814652744625524441346344775830186658924994506419620503255286010823465661567640465203771667212522400000
14128846319658855073314536987653131880616966682414699674793748733921486136348926875324594775427749484229877134775979675184072324509925655266197919726255228596250901561031931461981502291200000
-70620893228188547582409640242006249604660947299340408881544134633347721246156008599681544282206627467246966313487780627246903301416065486179372064003747855832610887384597768885343767233600000
345898252546229620811802319552683671533033211262075472072869230857213328552600858447419808729175318206923916637491170419168505966119504422103046844099989497955645162700070704744540900736000000
-1660335632933884556953651953458406115280193652475411021190888479588989061311411384496118374942314386790332502909724110454399048672510157302790604229933012089457788145207749109906070249984240000
7811209507307285587252752308873370208353236717608517938640010823993550067832116396700541880064655075617656089093763863677276584424731892289885719510811138086322822719890018351911079763603200000
-36021095602865503954062561154537860184811953009036270206559689796186864821673808997603808990996891321228773245574353017415831290322515647077458084524559532708340471850651114594203223712337600000
162836590023873193629866262309548108517394347953864008987178948016446034693893525346296497092488557818856385736752009489530275207068377958551227002234362850220690167943005554189090281983884800000
-721676601663426039275964909279666743946269370533042591859476418612169292027534747965880254576458947227235198102950421869409508583875820498534948235383757572079144868267176995981761008441196000000
3135933090978558359211578462748944207806457931629533428281024698757878160096095951865049968942288427580183104665466997967707391667893293348385846104935398663288679678455567956427369307463900391424
-13361690220410971290556010652094503082455772662199533179394678492534433619280701100019608537988227556290091088126449677344769873354411805779261814044366026869372810333152361703989002066225468756480
55829315353334749656714654960998992605422495582550123381844266412603419336013702556421443275596914345185803125489348171344704030324292914320541395751622250776909444725141295799815662920643982295040
-228772750541799016583426012580358237704483037471049049895439362435483139890255856233548976879501345116744339870360007823460046050041629235152477275792032656885337487213855662604505869232377626912970
919435223618503589273453020934700975763224899108452644492938198406652989355225747545204950045132501737146893247381607068866527241559050732948601658852902114806283945968551572320735084085176112489600
-3624478936845463172839450515247971225226142367071255836021540574914179219161804409894029525263714343090559951185432547013902775820112752596436023142866224366302333891382891970389330889753758449122464
14015524867377480108946211537314572024124864954189647297849159871295666510318591028527929566837601760240636231027638472107836851198804397313646902614101896681301956589485968833694772906244357012048640
-53167134249256732252124526169759025888348324086149742736796138660068277624685945317528154303217686153961509008392666442315868477599137640567040824270218839815427882500875463843016724333335242506047920
197868663118156436068848539024680659861029276456521559378640024889457564169163047777913587771464001067759288882384872928403994212070011258624536804983721333186118399050123440313950873215677861080792960
-722502723175647512299735712917865196245733153869004012066191425254916751768276633301342413802407954444622286454308542746202265566627884170846388706769753241832693964898715936967263811672194194796290400
2588561745540580519238603188514947920661804774487269463477313322548424923098018713198598312847299302793747973460660115618986180106366766793941607516995215784839922366640688933893797412726891201284969984
-9100412386666103387948214334622863783576657410306806707537429649584306370266472038588822193603786611384270219197633218972998289436445664509950963926936305493577852070221172033220381529117976879517472600
31395913626799697723715849251185448117329411296935710369570229882779210724465586735718653880346975899640591679550596525917181801778929600316923907304437085264007303385953504794879116882809272678486620800
-106296698325728004102710922714171609864579313809731348324867659743328878905763896028089248384957570105079102589917234415120884847369252459548115037348676220676717018505362535636390507207146265201154266400
353203666089319282821491705307686835738625948273109702523497942938859998227319606904576872124334972348536741694150740098895544081626520775476889674332850958410291009163308047609143965772930501832933280000
-1151894466331396830471049555865951542206566797937012515051250612785452548300433499640176440972429375892388625807745380503137860879675960943329503309848477862884908754935092536286943440620994418758312662800
3687267433093410507075981778346620197476279413546173555548593581694391638943694377400574855564881317931271673779232232544625193218780652604672279595531267601931270718981403803093460115744685116934712432000
-11585707337755366469788384126696430066033754949615399621051985893444335006375503107963113525293800122008112449694049620974500018188964779164561675180225873906742685922560246020263457277982345514463031916000
35734448296097925276663551451855701360696415090329232964887811348785813366038228374270110825337696772228259006655733663949516609477939583914481587215375143970173342779975540955061703625453689485461995648000
-108197691756872503785461085932907031728941185447835691150679071929664221266720204884189279907833106281074037506408190494361033966342227853784275002571244618738779577856904144428218994122497583639309963192500
321613457504756432655228348464349957428390407883374047759944793308741744222827392363486004143635567664304544494672355440455989477313858356723046400032937155419679833424260709164612330876556907829836644931200
-938542180713237656845490683816142292260885031074558202331927466117952720931740380088696138476020383118693197142573366024280579162896817370986915993340629374783316946807850319646496061276797825649980695156000
2689019551683001055607294146717802841337216624734510964078591942352477618507377037903251206688295338037138841292563387352272627938973009258759865934550652313924046407088140542827241619036934008128169040608000
-7564340655407755480430726964860795182371953833375929605260710359383336989571267848086405661181185803681262964934435639083499932236838016412390734993115757104960644971948044002345970911258161193336075227134000
20892994414197719294626916692278003719789568445683167577793196668500798351448589903367343594596203481002434350244565262312518167864641555173541726488800424560884048001434802856801717772998984026637004320880000
-56662729428833734625663514821310936221567966938845891945089717951492765164610862421927941043815774782855535399389938527625429827611924103921986208536581809205764688582024582449995449787829822412862961807307488
150895177006218339830283260381123637005991270230547895219764382001431546896854154039711617042256648603788785994077324126021494633243981912641682495607264920616377873369612413769734823521644963681813913466063360
-394591149116373504048053312952144510776963927177935084205873643844377154123408822048877110753203771584795147308005959648625374015612086877426962055795711768909266879127937725187243283964128452681966378543938280
1013271098965502331382655420914148867180351813000129598948416270612721580958876975137857272057609685057251736297101723542149108583300173709935902563030963554729969269859395639986995099562206397010481564656039040
-2555181230967779850242018360928093818591707715317623151674398510035158296055221685702460539526283825891758310391641447817432427003890491175692218450922026285656342223981327215779315311575213087080951677106359200
6327702914366660976899027030250899888904567834777827555963372060480823225061455542666122466582967013746349737151346496538853680625326479208698615149055437081848480206368076754630848856502762864889419395676168448
-15388933965597913786890570134179795772716011148147835465963682421086354477944701113276399498056907573495139266654439612000824091379435719591010336028798736180522776997612369441273290169794379526564771816777368080
36755134911058476224667193189964417896520629977433541707664161284197973987811288244586319576843128024131033263275596123076494620783404587762666254318124029227138501659435896537248616125446659559735536792458810240
-86214966951884761748431214213457235169306142028063447435334493363194230203663900245883717171174613351587923201315056969195252984666472618395227041103444511274377072651481645310513828491338729524092045663996577120
198613966032900934465750323001137193001083410929726481493369759640537635657663286670632794907211323982298194187120324270635320352318949618106009369639832614873609458139404731730719725142817436315142626457464524800
-449371856507486524421512674162065131086552822049245606819432415942952359176856063564442270071116683452292722871570168049979233989322885969934303464801122847113059899409861776038086609374887840969116252618859482068
998565600664759222509900468027273313166368679836292849535099230674513170347861165129118273064168857947303762871896982357116001612013357195641212899677661972675137927009298958365564164190947094626792799307368780800
-2179349257326452293388948678067296660502594835961871115029030583575068238759885838862235456725209559390630910913490453378621140997229426158159646062141344490508835354569105945675370318258073340151608412053351686400
4671545745163766457641891117967882848769008284003932543307363837395735117386917772399489394836619173714299056733227005187219361740156207556155977362003607641366223460176134661376178642983695015556264905839982131200
-9835153101572660457464756266914461864646977025644061580338320839252435344364746388389391990728121680233944976484197619301245402979489338669963274023031465001946847242432838533626788952221584259959603669437425200000
20337181965330927203431989671339450693559824375965402781514274011627368233107723147135691882829397175774110795083724120337297013999387761607502386571187487741032129012304832987660375054334850596829599565643683712000
-41303904365283253771957878572960965236793278095547385929287499820755032049857516545559914219137291803679710794268421410751808222836251127825659423154903024801381299904690084851009322467551528293350578447207459680000
82391581184317758752252167548888967623553503066136906092657398616954496145350258541453230586935559454347939004867181323207881066113031042461080893146171073747730089866890845868670466044491613970227666111192419840000
-161423159890491039743597226082444488473626631910720397399577528745809692933299080448084583750204635457308602010775953997641234386084618677542885138474483484446861918203283131519269797366151246375838975798986934520000
310626969209109889160327143499567560187336566990413257276733341965256844074581333336603365530312200718941240380667568772464628054312196439822028892915430562837419243879851577616297330739248363181124964458958787200000
-587084971805217690513018301214182688754066111611881056253026016314335435300958720006180360852290059358798944319461704979958147022650051271263634607610163763762722370932919481694801955097179406412326182827432107808000
1089804461871591814269232700314826317347926149526107305954456146012179044086592090623968742076615178071735121837843485048805725535701404979453168034645863311687034311215036061228885815214079483603880346221846544640000
-1986911278392646284689007712171470628677497726033993028706919319478735164308359842887540631469253409263628220205778936353347566867872048417278445250293872682614371607761134398137588365846464477661658133929412421520000
3557838525564459209764886942787712717835024829884518506948485421146860066344135143173145695536109750050331236501991538542838143726252090573650520827750650700212817107258335215509694132862565548025112189299511192960000
-6257005955003290745935110492427393435761854177143651337774874694443274020098212303417034699392923888275528031693372290583743458934611327870062821425339655057895080158408312146578599025771809439972159417335594975200000
10807202840680949136228036068814347858875397177279692446136808876319066859334368587805631590500835983484810800471922308007108375634455536294362220477216861843017735838666647487523969765460428804465872474755383895777280
-18332401642031910910482378461901146314714867790552732424530559865902161935812383698548776857014024623973701688752490885660947494760862156333524757069194215054925327015842555276082999461716110263773865869899975684517600
30540544112513310167573056806267184667802942313017594264135433002048122689965205719769471152008553518287702720781703990054459818269300573377998790927108572637066700744066348908976472530431460528165137970628476201804800
-49966234855458668702073114053354123583666870366112013441168679476302503972974572935730655097420382171679069749310730644251137280634570566285674893488465063747873581822691810642425621971972466210027024901637050904966400
80280321162230026053578974172674706847076261241766688054410399782779966434528604435923164833032716650480275606083343639900394719486523290546067336125157812856669017578483019002904747639497598717024788300498591822592000
-126666984510319788947068232675348879281771158979640582099676359484428847657393110721260126834242762589172906458598352167140372791816992504197700873149820757748326445914494765878009061854282615555957537120672484955639680
196258237958054775097011186795296514524669699636963338951178901969708137941127386227867404478073399133921941694040241628889390522652865892771139352311739619160130960429161329506661578697945287555947760576457841224268800
-298600000554645770455381982276372371769707126331482954749503777399087701600621811487919139701771075237056638556772915631298714351229817727266849110568009346299152276680003729113247904288139978775422632827307868137286400
446103354168534061555247135992459091175669233020297864732514347721077245856320298377484260430559599756947586976991325953750105300866858984461016892111996285766645367340139943712682347855839810627129659458803405854003200
-654410535349132920815847974039032394944459252656932108103152323947521899085956628630604790710176704924645613989020386445327238296536878292274822895402359863321137823988304888483293029485476258116623184576484852071688000
942580620907840948562104944579346703905977014433195769205346879804734537248833249524449781237366569641061510217757457128089161112230298094842357032921979015990615344669904391020377302600906869835414361048426508918215680
-1332979444962311203850184541957004783460513511132619464919979075455157741788043899091909629640367655789366816608965880159317904018264173149790794248922066809958979527632531862951553923278684489729958596782699356828064000
1850748320278250266502735562386585153895589007192397273607904832036913228267697314441659651070923687376972109010795602204672792355937033794750854824949646479943045955721201264263314538105942101443248299665235470637312000
-2522733754697975981476411588645838415550808952000569359738796714945743792390585488848343057085895498154153047074838720218835477516183184617748753194363940653695567140357070883556295396738625300510167873839182018698896000
3375792208352600764664272387034827587786698801982789266692267377016504388910444454717135526124851062729725249857990840862807195354932846917174502468872550131481428552086111481593206236222566259745976438775871350012800000
-4434444385381957918591259303755638754582632794704317169413130506523536139238841730945741933084946322595742412008747469932276454596295582649842993949484908581301407849542257411873446895509981013944984728620238096647008000
5717942597197645363080311330519044078165813619771691555856299416870895534382147282796187070867461829853998603681134864329768493851861084067010620196369893908182841074599593998369752527748403467448043683953181109790720000
-7236926208698202574469349114258545994872568523700298744617712724960540715811302239947420251884308989678223004881475405952528445574172162524807793687663578018502789062977247644909330069638597563496185280007692356757422500
8989960791669124795990381546215239074196447977896325364733302993620611023168959629704073395129822158189232862140611291155075202921101084709600424964846548419344440267445654998127319417496233092380882312988696092026080000
-10960366429103459221596839654800888641712828554197387856328717394576515485123491141698677004345092191744950310323146697168950624031106474436709945252204906850399076460616002752393241882022921018277627402792175581427800000
13113815412452096798047858433525870602060929596364611647903519436782462814232172333536436791313196958727896366034500516354992178590906513109074442319377105642754934455021319164309873311361336348390767556014012366933312000
-15397195027557575647541353983865691209547017634423828831182013853500442139627814793423599059563248355461832715274524827941272444172814407376738929633889638432331875223702014809095086310624559454242127514942004055875860000
17739168339100577761675616978706042035642924385332222801407153068043798318612663429708468683841169843835436738008053650104619380140041685759198923491728040237739256486953141955326328921658514837230384844960882407336480000
-20052717153451696374456135028193951252259654116538315424190409206114095757727716692541327585496100499164754869867944944691521708745695015503275652800298733782672447447513069891699747954829619478663885449804393063104040000
22239724688255309329716760951447648771476579096446120386617579665476404274624411432449057032776665587316381755122348980350284928363196007194360411883263563741697782679598344224727984903818511843208955555551853320156800000
-24197376453938982933465078834198828054585804971410790133649592115529964760898225248790385278086831575639906259116993749345618759182366335727643987139287838940060729999969988475109665774977136348207423868329305208663602320
25825867495701812927675409007961522380974231092478732471051964357853817491892068828193396529568678437206820571102813555896712479788709101175119643707979792953031327877990789907347065375040571256520980104511265577524678400
-27036652823593136526603040059628770501619356670361092416575011309539298152170216256590954797411656621952841739432381302500731962531474528842701348403925419458255054233999916000199602774865407370963795390755997737357163200
27760315811397335356684894828872637954440006295622765471865900131748569084778232673660522686502511950983247341087211960285640777466857974335518441448879913322761723282511209827961018044847123606013737546984099984543577600
-27953095782309816852217428820739809051345839672675701343198302215996823036755859289449831871825446061753964336511428710009846616199266710268403986181163801609725346360861982118432969559047450853277721835504822901102908000
27601229329749629032709445005244952204512717740805494418497483611064941552247974707317316439102170369507257682519410963725606072238067136449677378002940466665012801251405801546377025694758667950210882695683715195815973120
-26722511712054941766633696579330965720671246309289135125458787684056063806063437667313883162892654105740542979694363263377003616691040350198769796287369428620323568183005169114263834967224994644509711460839038524368443200
25364839234350827126246253291198138528113629953824072996398044591143975988242715974818321454436977007367251606108173881492438355575579199591224186202709267447216975078512596284985383457886414669688883860422539029221529600
-23601893792928560642134232127028556368488128722519778721708489300704582131996279054138802856676899578993700256728382857508346220423587551727623707099724181296750503091153882873628341851519355477017044137597775372119339800
21526509207899861632806662117186366743448342489988507229066784499898595548149807868796270822783536989242668854377390010373675360492564915199480975500858757419989012228464794617461897377911016739643301170804133852824672000
-19242551462236291279520894043573781482845285925121019126463530879149717349288289705120584854987524073762704056880070104284368625532367381453032642521980795379895393448034255524148876565411115439761418944541264412975088320
16856303924602218276797800312198231796926532447153472427215869012080568195284097358543222509478974840563901489596431662970067527588381390280278364330478898043977456581688101467662590374228644957451435027000950385346880000
-14468352538701045177643928948105891510102234830318607730168800704855644341168445705778789042990619713964792358583160027198208771176953295052560930508563644754417015453715332198247146423696565426388483647130109981655540000
12166822853854444127432193286784720247160406075653321036862176474942197158946825818661913631955258509713345193075992888484781701997908750751511045444306027787046617152464179374187774259006620470972986579058563248476320000
-10022565118387171471468676123328534617087219827146945936667516977840736916352279762621641448281774112999736820001568515112420073977445794875114730312395075951313076078188295198079172502424333069863217719778677145357000000
8086567629104769003783574790603808049299836683034559127181216077999959416598693910800145796757534825709857965143937249099682403008389796985663147252159799949814439922382058576691418445655336423442262154177729428085120000
-6389560091884158721803872699237169575991051082820409426944777321576399689062732575052455735542406578999355150142130630316782231372262728606748798084938079242753543547209674842029516910988596906082797374694830147598550000
4943499612808164763591469136711515682909086475595429001305020862190137685487767274189536141291617075879812840153286396476905652134347209084947062197763046634500564856164770410176885474338732240701830023038969864242400000
-3744448185385394895105675332762486954752932957284922518306052436164009474465599666884116077730711637918643691755699234365355878290549963922036011235015495111987981506762125251559998030884844383228343054863517342882200000
2776267748218440867996034587123580327995961217677943428013661613185550278601295305652491977317072326356559906566432409124748337858092131462388202070789829365156952990564441399167522152963138096945432310230117735512000000
-2014572305478922762910924188726596378089796568720393618497268791667142796172646537806222535854398701941502902448753566960129883758554829526663967870417553659786722024413507156614928626740049031050010912553552995638780000
1430465542351897819818407707971547724087429516251167066388593224852409086039749020927495291730933989544262415939943361155121810952819997297039503813314239285055660609051010998779830977566898720272197097671161890394400000
-993727148232731224274061048166177246765305664067267406297099793833129004925389319647241626146254098693833948838078095444117876828011083667290428781276674182340123615617227975919671154511766729282509780719251068124200000
675260467595979278301777050405828822672750487646264758864879571944119031841355263317573026417869221240363506186256208675976418061335448918841685321983176294911167673167314198199793433474665111221109825455266184601600000
-448751600207029835677869015979399754703899573711828331958494286640558217409717619087302147757968933001034779850540363486536066251897930169777901727151008720380518296830438694574539860475380822179287052172469924377000000
291597681785885500730057859746337468261520600036035650530501294880549197430322386123375633632516464592632891219029645377838823415751788856592866275878707809691605528741414544132821002473049432620441024558332259403571200
-185231552696825418419350130383544505398720257423627078891497269018705824861516364197919226901225559826689132970503109959354307810401495603652508934154684683323755606938977110274676510009360342261927501014078826774784000
115001801585065473540566464927135318300682304634219129187385368053842239301551194927513281977605001260948955772328892348379805846617722978362690248626534036928595341985906105531010710633225097899116703457129186015232000
-69767848118425089239936222768680104132975874139146057963653669442790525947464989889754277734066807570916959414280091527986571579424113757475841843085083947418765606729176686098251092283010540020861101048928192123776000
41349034524907072206426609020624656975513246662814581749210656667148405759753091775015025494837939385292025296920829974444092307326356392562101494690879447107706471217993772123598786219865517130648977338355260410880000
-23934759663273713762438359070331713067054652666579306384547816971734429730990537301374954549667911945501457592004021448912146513093390531127487899223618517011060110683670837357215849392032173914132369283133769925171200
13528088893467798712077002109428317799560883874440731630928246469659684051773291448988374078783835090727759243170879235756270287942442203459549765570066799217660331294756703485572422137210516393062953422524212457472000
-7464024521947703967608329586126871910180580566648082774295409769052534878223681557680732480262402472676543293780573734101032229879360621955600650047084455565674399124189763365989971392106508348037873955646208705216000
4019016095812692854558505230556111176820326974603635278936864159755082973719071253736911194957183758796086013074356340975913613141400093960215111757011048372521027007281680685122563387317089134628435437592329438208000
-2111311965739866132686379628843351194412241679897610650862351113217820179323345105810180629025922105737625359158518886481338211009065192906084953058850588180940305023457841056825745778292352782482046631644812555520000
1081786933138528783893052023137192673555251979617615047112740373012429874044968277302034786399592429225022130606599373687205903462426594811599453721199388740025113099932332649052807651291270517575590610937467018035200
-540446736113537119574550641765878808921195172595161926994972724775044190701329400961094475933077049396478037635173577507298625823075624831814758686303738000775617135981347959636138553885011529580953906013627904640000
263175401487964309398477971008569089384046900618185636688680481547597584148956929535648776117102377736695815937568190496174616131901306599722218298132062913657260764894547337356329322684449346741053806143686917120000
-124874042542758575377849241345902680166920213048424817408404514203707016968637726769466000912706740456697504500988988347674690307483783233541664804725927811072067607832616848847646056171703006361826550874300424960000
57713883215084231543131597337788742431097033043511408756532259151237990370827471275256077871456346143394095320917163431638308575087478814542811765283599625572076554100612468436789549954184264420304633026059264000000
-25972249423927054962317953725569826259660871415292694902397095303111804659760744495241541571285068548314554597456489467213482579424349624162573329304100449556489520118784301985243436186847401354838826261605593440000
11376078671935818567885689688168185465914370771939983098035194030942378928467370395808350709758649883251360495847060003200891803180996443564950078295764801513697997483202297524226391015881232941359476250327065600000
-4847906485477464380826500197179383318639863249697871698956087996554691464342602331947766693932221588967696945134469580286262153063112633051882711290680318137035737367466015629262312010507272906862721958531052800000
2009144397239657036149403255353585472637212034862678728121617393210493141550105239164520085588398223936349127696163179203126342694380808414125111529501409768997587848339994487278485656338532110226160168151398400000
-809414948397493516730103417758259667448325897879960852156627807984306604408748894137345711046051656159522538091112500893358393736978024889357545015370386208502538708385426763258775840958070623887638599051184000000
316834879259433697111045562742991572617507126973553689000785122472291011698258459252829234931079212213646673136006319383429384743757362312375591464908664628987516026526013948013797537012092084612477409801026560000
-120443955274031201699378729111351066297603137286446602806911589372646155134484034885176425236127260178712104492924604689929820147236071782606260850853060839940805839616480779860820482830378385988995353501100800000
44443185777983419047294890094162094190883997878878295372636720810978875975470907461769438687991884494798585394691253762226886379953424051697817441269388215324745874566805148686698531519570526076222580242534400000
-15909625736112463208316395603589471055552370273466171781011685127720504558271705410798935542298343537363105727024540421483958074717653117622119644322777710991235202919116625888316882942026279146400112987771200000
5522090705652170259237251550607980792495072793745133412805784809092518799600120972893874177356177366882050857979195656043205396169802020793664856144677930041957090479498553073604930902927461286600706948224000000
-1857277899576228336310820237525285827824622803157063191529446439550941402982306287539234065315267270867641457369290750170947530126166532465658063056276396278591679983512625346563988040167010619290135372137867264
604932342332728138618403378899047081585391659192440384917449579206446208618862002512739210810451967400580986098916623442609535057998083303365080775143119182817753262038365615013936835672879127439779969147617280
-190679810665063919607026020965958450366823898369474036043282127534886523020971288490449432835613772856157558559177595922315366957293204104992737809839377309814546596217906974611583107200554634258662062900413440
58125333401501776302899462905025563335741347388416900612047069513048256294977140418154467863714414160029781477708966733369017483021215743045795124835350186209774144032929758137468318325504570039447799080017920
-17122449644980179469226304986515140913816174392660164860375016369512711744157116895762689282501897841021854996959807067513146773898229977007026727439640248758707260328381022589785253112037546555888545810585600
4870385676794362160135482307275417859929934049467780226951115767328060229449135472572498284800539830335105421357456232537072860131052082348665380249497670758032287382295046425538916440757346575897186363899904
-1336576635698648123932443989507269137738645383906219900233700822073290454508097861850225550111964551522474227952787023043506704551040217606212568111987542855578776375893805083668783755295118380241560314250790
353565791744413693187598016391936386237030267643862497492516476604710606082839798365564063219068337812846064448986280891703873516870424715222728429690780311173104526027896901116761643212104775841883174773120
-90069934658524472618564082145875627988422003612117306201258967216304274793382526003318157262270022899651924686939792757055203762177329966589024186981950630018663743883406161772683840874161118381569812430560
22074055631045189097496959056635937510318238240085993261112646219287760731104317578666843150694223050793483130145498619966720082440561480161648717729062899442566925797814542113905909929357176938224053254400
-5198831948252521532858714277229301199730424127520844655475953261202373352069701777662053399440868715853299480991811886516126485688405019610260491641485361272560769609866942677448165561912657012329366151824
1175291202464567924810619337198972981545316885597994857596478035004133081162540294123627403464267674052653543067099764424308919123345771524170396372320937208752599814916852618615430625702131765386183977600
-254717196245343759358539477296036376761984722729464621765380859605449680211746284535825489210097170719674359888835778732889164235738229750088616438887864676513787475183818198344236370528678606632047360800
52851728382847426366056449827996849445387453058642979536739668016848787902080161281183296290871844239019884820144444713302567408973891098227122311019656693566856219460136170576941699169101698194034086400
-10483745765795248931226044807048560083541114820588544422856776720800827777006689475900468767523290384017015433288810665768594961390381721088584222191327390216967792040237353050766457056543144190951005000
1984932484186737341254275425482629474841760949156928254130348213311040315031412506537168141445207104961057133513820243674748858763211325932272208163131206554998985588707666018696914389801319261842428800
-358099145805920376520872092914887292192253356831762524223725124977605144742155868702964431646052189140537824485611332049694289984063437383761868070585813947574227642035351867384619144465682632955772000
61443823752584803344180833516179233235080349854341051162235488346393779271501221590633350557512524759318529774691717005875528553985382963404945647146203147845080622780182413020924145030849499450336000
-10006521586572516773180040232216925973918674151345334086721270149083426655975019338182756480719870824651214674406452074762280818333245496254004918058993347910780631051734708246627168139143553618158000
1543273046339178385990923964449646824517798310264008629065510079514808273526916651429907855403238739142736498478130555884344521670499574884187544195607658306053148001511302276535139044966792310480000
-224843662896686058129075492817828517465069078920631490388268622147143740372145154387339524447706428647942446506669748066496888404147818722153030272997927830844862618985617852936621560995779165015200
30860474693952907312551312857990924089376456141936594315351747814479771557457321608153244188299189836348359374017661258837551709723587814971236028265125917878517656341485382246989356556112443776000
-3978108066017366958258567673100392558396183799546514110963311241710283052328482863551004133647942439841780700556964146647028150081556241773635894268551387851527666637769600055275971743561369705500
479962802796604861042829509540161948840028508708318304093468243039070230467840946598647897727895160528885293770320567921883791886827325283158689386182748722791621763432009602933643788566918064000
-53989102637558314927629271778819698145266673185062444430568215041623795837563492914188042734190348855379033324768996698016791284621673531038882357428649807714519231074954993563517259769401980000
5636997744478154772476836098718153210644967292155412379818401665701308984243323504799058319724522242143112028196707410612106895647903923320105984717442894303654133534781416584165716140683610368
-543527468404642496374742191045537115786957634437112790508377444793322233896072400004582589770749525684482748465459146331468246541349694349745043816288831897977573130815079615767396359133074960
48112689666284349273120319065559150913279415254947543603238666019839234352358609402326694596865993020227121786774212121666284331984609782787060141540144485801504994258963635004915430557310080
-3882806861040001635738981289942192746831474987644374378311158324695115478697539553365659052334936060079143918328641905217543286819885244232220046876272982220692337989663529210776584291521440
283325535009920341349641111070922197839220692563302712822386393857584767911537938401574278558374594638423677189484796208111995852275127339564109739818739982959269276875796121802276419571200
-18506505928390332500657042471864701213452157737457566229125519425314943832589104369317115822671381366624587383767240323746703198463022029412089361959333768529775739373481529843743080926328
1068751244708905867491497241317904250621722613477621889348062569869127086493412139209053180068407176097163390407652079840490452058502051064691778099752561194713559498272258153866699370880
-53717100813609687042446487520090328576719295886399762231831976406706163733139282737520566882116386032648786170959526220039740667947194533795747661897175533112897959290204414277516188640
2301902758085485471533872881031727299320763444194882992416528400002691429935871572315431401808281247912330459098416686276222577037979892869020789067551179683145822725767353192079256320
-81766407978512644762256320722028103458564611034744343548816626983828989123763539658347934018308938891946374297224804182966892521496384559979971244278592166636242587151897774440922800
2311304065480640595557285470948310563753331448886094340265718381715867762735131881262749849258692812507342263914166209961120162872954126804727780570805141453946604864275251340306048
-48743208872733446957507915269522173730677499502769239778942298015304805745001008547829276370131120122929793697148231113782242175116703368601831648059059966356030776454530888576800
681714924563718521471052439515953139381812082545498479104293208775523998327540237796978552348469088875852837100301839807174337259581180791672960198181804820286120439432548454400
-4742350398742110181433223109576400480122800583872885590798336003369470329800717558941654908191872399225586986483340103789780967867215727681270472057664223829392017428054837700
