-239
13651680
-194935751640
1237018960851520
-4414997984964128100
10083148997980474319904
-15988793348603204904214440
18622702326356777761088296320
-16602430103670916698662733173910
11691390285350482573971880249874400
-6666547654609698668504505837280881624
3140439804237626645493858121694299608000
-1242589157819772592918774681942889644201500
418745193586696382910710388674623970512212000
-121617704821034140802000963649504946537794225000
30753604148878037666980652568009926392063734336000
-6831264452835740671612714094843298688612125988346250
1343371700289137764183715458263440661146035792974720000
-235492229818895548124513848404285923552812947325880160000
37026423724433549339466498713094928035616794709742265600000
-5250439450183988380209698183763643532770550531828227617744000
674818385570132565510851911690982574688060780371936374997120000
-78966299387470244034789503558764834881420864499845786096512160000
8447752013110994424228369726649564339526218457042103453258631680000
-829302322189863159232627024641318777046024344884454409313384250600000
74963622391101614470410394214617513004787506221747418093710330595036160
-6259351576724453592873246599769357280407146137110255938312839660409491200
484193901391831806597130483201911653987269938222114612994976205939385497600
-34793407937132179194212423510390429656480646058187845602420885859703011196800
2328386443165040481629340303406389275941415886034259156366524918173704482944000
-145449126912424156575203490219789568314113713920813426700091552694048710817327360
8499919841208887235445814787454091734152576663676256028592238917063242039023001600
-465644534504194284420706906378722835948004973732663021910096510283688172522532539800
23958672688098268268742928721958308488373383552055623915212605752264109901545035142400
-1159902350336868151955188586439789562761086860286153107625323080385346808512082951336000
52925634101575169160560996920521206040892825422493725799040864409158649149870521345205760
-2279763521389223625299627818740815067309291650625549570008839703426914806166297726926012000
92842495138416359063334441307843624275111488755058904037350497549640141908972557247318496000
-3579772577438786442915008094665380518535583351395716482055099482043846385779684951425866968000
130858221765678189497747830416433370697290226388955842473546042867612004634681448585981724800000
-4540862081657636724440285807844248234052656662088260831233593653782928818326342941838932089138000
149759306250505282571665345143893588397310699194630089520279852567356081908395272275758712089120000
-4699674555617472181020225913339295562874109056302232350098714171525584255217141205991595819227560000
140486972438122727089967510374304783315942539621382902355141227522207730099708939284785010340911680000
-4004531804750931143832570795457649518228455087296495592184126364056319000801879036379576857264055300000
108954905834349285086715713850140571780896277278858133899741543779776272428731025870799588408800192992000
-2832261150953866931093949830022203284881001763574476207540304166165687081730789261825770964284524865560000
70405216985594722010063817594467735074416282861657599596402527103888732019919013103384669620095893806080000
-1675088011935479981087529639355875795822169000706373540397568284832408256569401276600797497640970751201340000
38176099963810689114997760043962317179254097342212728084362739086226313952302223180173110816707171805804800000
-834086702449321460060117060544506290659215220371600568278390868651506997755479892929694194367744972481945592320
17483432148226453672617294171813334473948640451618478655339434893840892548107944545377519214505750057560812646400
-351847606216730373336839976681792241889372473171495100956954892240436334981653113286171768896360725178360481427200
6802971587341780005934657462990922122283943667814254867630521220136197303497167635741744788999339161939164993689600
-126459216355233602613747636413382350356104652439599343312727161432607193016482843516934594063000404414579025542848000
2261467030728170898179600707245729462764904885412418537469516867721758252370134182774245884440353678416881641575505920
-38930260731460556740505658220873949313572509642534889906024192635191045680549009520748617369742504250425814866216099200
645506619306015116258701391097236502745699673580375373658767407092339800831805552755238385639510061243133117412371097600
-10315249504766187456813023389183752282431800639910891486853257878437250497418362395797666437819007836577618012109641228800
158951445974047197697055608904285111298374543615288773155647444010162055926894845995572199863433375568521525472439286272000
-2363122316660272241095587012268400956055639985787186230017613014129967609795371959035838808025227137167455712447339733489920
33913123275909308700484909017772805980481369320353599753544889802348903618132991833516203264860824811809227370246692224768000
-470028477827944911455706164864693492253409446743100607198129837148736352253712644618689584116022415062112436681746363594944000
6294520950746013588736128514711057823193050872584853482941546259543873669687411057387903445435833561446560905645800634365952000
-81486077493483244761409476194471152606155156864944300764886594338943823568157951981932026414608172508716770513151508456360987500
1020186403572849636662607255096507949882883592314341712014068945361602956558883556931663069639553584147001726168914128120158768000
-12357698710863501165863744677494775476485388601576271908728730005051648301843317465908907683547071824498747952548841590968819420000
144889819235947381011748854948965253481483397834297692826957121324544075166544327214461490131532520442641591053363918604560236960000
-1644956929158635307304018087858094487893043671303444199899820068809383718429515040176813332057755779774514620572760734209255787130000
18090725648129835053652255215343378993085437225256949864892791178924455260863139572286903185579519560805205951100557034907925438800000
-192799139606324105374851922367438080489370330069416975284605397582574281260721226858039667602887365507103808157637181412229953946852000
1991862565105605913097061717297396395930650027775289837893721306506738458253989584361576252481327910257878660751784250733770283981760000
-19955896227602209550255033644150246260696406345016440646351505304020153415574355139465120722438797776825510031532681062955213587801055000
193949292066048721528768756332863493025706188294443890777976573973693335653861325085978144578072849400890751651931059788436183550270640000
-1829165666316852853059397812419783618939480660055981508259422966192730518598186291830778173253208967733565169661062743384548338103310300000
16745727138249360803759422177487853731716888190265390888769288011921929028574613561620933832861733155983586129220637694814346883372100837120
-148858961203845815524416123909818879822542178692724462462579482855285915161385653275870299108082702370840933137955963026357797909754244716400
1285273729456447122335285919242949586081224356828799238047625044076201141666664591414800531614263737522025476336353796465729193893766114947200
-10781807253495840200957591627285078570813189924304968230150663934010039064306633917165873558842402756724459933559909386952896263766624130269600
87899111209400472588482977406868257920681798325370418771040823740174777694587651611184048497660864006111283675617399392431238888070154742528000
-696614190570625214087569546414650767186703358259548907888431503269594515538621918339197831851540106758432878017342205403672635569032237296212920
5368208119989454477102197266685679437427179057095380701545358452265005137270648405918281112393517420775242541160923930073112094859056533713843200
-40235214845792465390023711429083608954196541186858402917278618369839301591765149868093934149508640311542221645878507332524483974510986336938809600
293380071437632039696860367615869915080156867019635839068186900559408883373137902188139715517218467140279993862065492862152689651275347028176844800
-2081643038056270984612147718918442077450120967593263645542627150865477004829386206497904599967338797814359111777821556142810998779917835737765552000
14375870038319127619129096551301672788436157204018475136054660805478732267538692617220684833213887426400728337891513406962172677525644336605058821120
-96652263068607168856299935913125429881691173197649902128220390556034337750589709355232362538069301281473258058633789096970529528118261849335661152000
632753724346098881116048939670655476482700622841848057901648407032978399288838852948933020014058662584167377899514006782016604462586353700393801216000
-4034540372809571856000406572071016976018376634047253558239888093242171283791967464108918611729619651655272807146733356518031234316777684228350299928000
25059889703601936032725666373676812930198728745754939409847556392818435445343365639964498888662705070248633014975291142619257256455682623915520105600000
-151661833723490185958054924852347042796453318746376899359276180485475620242737916918111074076683267314649165311988116926214643206014076284810211246496000
894476990587520913197850806640336863926914634412878609432079296571746080504204789552052271211835620776170176770619445800787727832596001177409819741440000
-5142080213967037461421057029619431803886092316472995569368700653744263827870166876799882722159060231581535006040646310766650339455413944859313515968720000
28818003483802779492427040853244663937792423027411150565202874099698457193261964256242792844085324031127317009226755460224427708877653455338263931788160000
-157478191287394432751453108601054617274367037786164260416570934348567225619811446821263383032668613721478327500058158374483532358890617597443195331189600000
839232253535570375358879635598484528800881667519485459168464892900685793175673279370136694774429877623071649799755920795474789178194254179127747661927424000
-4362350380384277216966919373192860389779322513294374014915940830556353398663262635441232461281365374081298544233648804872745201343467420404851861083402045000
22120997061206784416614481574426374207370712695748875863499773504889439191946177793832722201366405008839081320275890294195814544212936291035847804868878560000
-109446419966405953261585831004999794170307596331101555019358469141173623707174774076379577347181118992607937015363336017211840868113920631106870069133121880000
528415936415705510492627438338597108472498261237396753751254235257661042120549975440698051226263702757903028218242328367969014373956813005201213312047681600000
-2489948733984445935992309752195303434833259056776737243351285081957624596576243539274113287183277193765514859267179675502706792631521898561808637247699880467360
11452641368351161975959138670032706319221303298104549696896607788006249002191681880476560673918181151992741613255177960453583247747378441380262842825416958291200
-51425706151985893313233667940015180806907115165085567876770360056928867227546020992908831699676630995544493458904474123270862032392760346593785008484717804737600
225460688523062293315592832804787076038350809742526150729036005935326182721050101651633102084584735683359928340141851298102963036162887099704979575326722078796800
-965232727631323917527600418179148072850946213491833710198595807584622678522395058892277255179983005345597400313449373553869979973143721075428908952986673988414000
4035679620217098168013811235953379552484101284092477705697457809199162538700074615392146245331201506976023380031633770824416380665944033260133422865929589493871360
-16480701261450832096770534759854113631695709097595526835700235989240261043810334970387026563458720287254791099390487324161476114885799391789001611623636455493617600
65744308499692759500716557214783568677334826264772722651768816324620595894218326383746726981071418722988978870762716138449029357940800927748037523458356554747532800
-256219052766678135170102241196194845796091323518327645197312678640970372733494724144888114572922109129879116300433880958974410795946072339904195962263932948316066400
975620734547977344928493004941996029274907118590113851420454976998358695603341580701518247898240570409538862169146433346014842556064330667222104648835984057050656000
-3630034800833428764134354014503603573056660610416984768991760621441579077252730686344053970134437084331227199480755502121564812125336548013967468875640069275411370560
13199055196602354405747833767531973060055060088197461054364976531173017016550794152115381694831814087983035349138693815034989333918925196901691632629549152141744128000
-46904837651382585486688551168309372058201085263996988314766227585307683318461794556668317108619082955996473753073625174809846901953438177797090872746126638633811224000
162919833934851627496719447209402245244367964102811060046715617970363095821161994845121246800961200349624528459262387325018899662889724337196066597857013758061460992000
-553157715633681753100395937835862886381020038168400894472247356335970421907415591146581641666082868992550193772310929571903581688597190395412160559436806099912432000000
1836023522529761378759544808109114348626181897575812904631665024856238762952583348882445954069895925693533709325471498259983336242167279364613398859511383029244318720000
-5957934535616976115007098992723281661174363299468480267593761393456277168870730672484542403720422532357918357438816362330720301502246897551712549137972988999104724800000
18903134834605632743588890602086169121785736490796627582886423028752504200335566846909828744129256441330200168038766326886393756654656092809261409464565918489963942400000
-58643975542262246310313796849922166586740768399378190297180753775712577128834780313556727395874137496131905821514693265046793385967479118147203756437866559969187907200000
177907293926670863744868350587716706204814872568129867605881306560596872639978967747362263182455543170244098163425691876732592603711807281661173178205687975162510592000000
-527803993322312914586425055934572597623326122984935838471587173442726319170315380634379392042894670817777647058313123796242575598831397144433818010147583054647056597280000
1531392229788392364704004943385058667238501038480983158136262764008402024339525808984935221226840080345549788063461614566244423976392169298241143984090521696701520678400000
-4345700994999484567858308035054738170394555788922419084265071913694092737303718865499644513501615457777142327226312027306803664034592586310790862567591464989490871331200000
12061912630181661443155930399102291311468582635232349936311646493478904238539081406574200040383358867273300324204329079956857654844379131757732163456824694152865402137600000
-32747433841501915774228948654430615946751819856124768996574511112791158782376037546659728192364939900775489206159580999141455697286589935953858556419429426210416637112000000
86968800939965663805913885015312181716890465071984218514038778440728443189342467458316293188504034951845100806323070280983926119334677502869844138059561182081756721510371328
-225940299494134782292448865423063173022999951618417050429045692667412738683826535041462302378423338472464801131065446821566013655326201411304278248568065063930590575629583360
574229323384188294111976185220547187585021639081291569916761177619355383726667327448671504686981802384727951389710136779070868110802383796403061191971115574471000612326113280
-1427757565106303621657688834065517015420594879837315349346868902141093766288650324601839055568455669173990634506995962034241330214218549115849090806721639108717355465352104290
3473086126765408966089973198904640873999500074263236905327880124912654026763089065553899703708376028373483617862099425704350041888802768355842268845387413684326575881104091200
-8265739473646835149414485919120920745155851626446251572141577899651589207718237000333928993068319067290525715623165739719210830462102730534930881374575571940668592219756665808
19247068898486541143907864187872035019895567332485998066708085360414748834008551397549315457316591686319527276749705900540741494392262986549492338425968175208269736326640426880
-43850487492149921016397525520314289152019876974156144700075233273208464443505364143050687311128141653571296734683946001708322721699360868747428682190981327550659075009104971640
97750716422095974080987462621800726431253761594489518786441664222350396853202754191236062075436988053797465817290822473817772715362609405644672270685441557350759717664030032320
-213210448244118335090324903852908523651150232392970706352806180623098312138320665398739160792185878654877352903441471496272726019000701568950411532713038460327606612960110058800
455036136894552908733787514966404934756386251805596081991700916406915333274739127646055330489594619268044418026461425257559613236491154360817295307347398845152405312356457659648
-950247123029417501072801836374210132188874295847272311144541949406201597520371907727556614411796721952217541429069666445352511962557895609135382312191461959018796236471030336500
1941705880037520379409883106645197239581634982915157316693242732357964924508567499875712679200875266679708410085123333555978450572114679119908369249143105602444929045827532392000
-3882290211835153512223803772932638904198168202292608965959283948749959589924003607055634934148903987049110330330352928576506588029532169546773313164231360639797078517011917186000
7595392060833745808294590477555703668479414007901279380635626171665466202532339751912582190923273676851941953650812106008589049610077946735056738140259066931542340869678094800000
-14540138036456274309848027005528957007398780254615505287797414774849997825776322440383265121715926103528658879741434746405523965837741563237044075089829614813183682233224071173000
27235789974228240797683241571646212914618508962420472658195046839465515770429568315470690263704093762658178999123335343098521829274055420499347183559441419226545964808876032920000
-49918324245068096367783156058486862263715345949423398533471253027481009042241894278657523312622108370688272231233936930911132277548168328476213740468472353221357826891570697710000
89520504020496710352552393710050868645653536439789469950582316544759331194537373318349488724166363057845387024490729870916575034585868694893623663282303200026095859346064874880000
-157079645967678086717670661899122340647767357415207362275845755569110159409396331413394393674228063264839139992577893824908351785947474559399329522980642454328197233907531369237500
269676428102226312397671353717513436766792415374997619439188032961835924567970034658638955246845953465285783456460958644655974604782879509920485063567622831459244107259274782592000
-452982009204363535156625202657889313353115145078897999813291777078182364381505305449078991959716614928905867735906578357661248392017780111310891710500972766016055322781869656160000
744425799938236746748210199305241579702708363739267239084160191938563196997362969462154341361166941059526362859804452341027639080815188454480650952071384370714154131270755482880000
-1196879263898141139071937481233231040558358311075866250859517415974268631695404113200725412697051504898344590980356711015977463728500205067633541114823682586899213204938011132240000
1882573933395932101094187507079159854794733220249954933562197566137627161785663331965647106498853139545524666322870877378403361713401520695543590636892166836382168601253788060800000
-2896737428804469567643638474781670814793264836367719544660304086100035109696953342932563043293190868631360421011738339809675679372429957688907317841770831468550535961955884286798080
4360160894547142474519962828582384209626983429855713993804729451995667074461621802966780564265703724022116997023063015756680378758027987714718615338343710188178342801382656406425600
-6419649980514635801408655450999262623739659597186713249967775353555081668627120363206413368015341221436130275611735396770905317010553932569753425292782115195258945943327294969588800
9245129657102370974287179826737030269191823842981694095557847098084023803355866619010406572793933241789688745842318069799682175533333084488509866866174149577622691513582372934118400
-13022160406287093202734999245747617479438053443869265106346343494328588933677800826785403591001068474531310193745262064499004177504258377776128862483747152413580958425165254168672000
17938872874359110786169304267940193469281241072978031132555196016162288422434984231562527252768839218859031932245294205480085005564242883283195039865227710979391275756056992797767680
-24166911044784000950220276151562263432379416854765974304767509097217316976065539038123662721154930711303967862371054015724218725650217904686043284926918577599414159091976023540220800
31836907600560918449249576339548453007271062684407510147446572088313550928913959334900059875911514059696638582778727980794224125088801809443190293648703803473089235832473748890342400
-41010232242879244294685091585918106207130890992729222232472336910907661321145897705991877320529024099409742305176075776253800079734041010505715040572879675063456599770263513181651200
51650084831030225795766516992825936538706837910228963881251501413840431014013899092550981918660026396313682014034502302753886101765431184466673268139729000198586216395126389767168000
-63596184529644677629232671176986966626428837412825280097692522502565008827841098175636699260081355157742326982983654183011923586474537358030234690821578039658579536210577302025425880
76548009618645651866519784758380979080459076705379759231820018598049005649035232555837545500348685657249357735777555283745689437058970162051746551199152611293842117579183358018336000
-90061457590112855993085329750972774389092170074379318160375960762534642105824602790222370538571344575479668450221139098316401948943370739737531560028053466655996153958712259774888000
103562710387787571090396439254458963571664119090384919584320311386087484873994251362372459057338692441192925232080855197100482229068382808553617532537057831054010105602264931335104000
-116380983100493729038044035412924679281437685882915087538521765751208143601891591590857658202262863586966692636066472647693414462135331290471932254645024276606463988765186553747900000
127798930055917741903447731228826307136744207792676931388490237241436865422301231302122334237460076025563131057772020799832592057300197034341556903025441534377478325367273359443424000
-137116249350530121910851799019460363278336569291279339399793651620085677391868772806185470014897196534176729921724117976014319356005237527954279642834489002898466638462891452748760000
143719107928383826013769579007381596305078511008737410783275414111597566119943632495622419573146217113810253830249898407072701904505184962428179659340162161882031509754643154890880000
-147146083539062762908159705377561861834887107873422794763474689681931507517290644424107180357327318450176265055723189989695998686737752616896510332197869401640627286613517688735890000
147140931545661304179021784446733894961814215218828297974329930230592901323266720519327091873718294700361826616415892514467901071154028736338515286144432971914719908465462175354400000
-143683883361595420942428158438452499990220033484102193672441694153548867413284087189478541860491487707228758094874494901411717513115496365681980619040901138422329084318470866805416000
136996226808976448680787150140694767611481636521896281234830355767618837368159787655779957835590529642540876703433566494010419762171609680763777560919952249896191473301151389026880000
-127517073338249880588251614163882903451776968121398657935489572294920224601372906729218925734135222240624936512386767189885239622462128710762308771466087246666827494601602413454340000
115855667019068153060768414993628384197959147220323843315240484140581735018227541173474590817020447163856903793806040075757941655718206552275341645684982605879393672799183829284320000
-102726429552347885087737088799839938360226361049332592607928088147506826415785385876665523532927530192685248459001292965838351953618551159196444262069406726609602429194546502085400000
88876391099396230637867164239691722670777393056754820367009391789594804006943659891857296702969725387277986715745249254623770558794355314745109785070726551126466153924529114098114560
-75015277805194810499323250550320896475577057769526561805767708817760722842250193306837842920297761823682301222984231074449202003476188652634649255251618855862650361388068623711751200
61757287023255914724330341798138356216224056752262411251376065173726724873035110784575366101705125377650544643723364546337062085405147235109734545994118980191179996837468988565657600
-49580864474515866141989360696857889378616693965638775249376750720366326871461750821463312319437989970688577960560258299620497672845938966654662215832988401058043352466692925834636800
38809278144279452040856813653668607896623285311264332675458597049617286537132446259551820260650566101709357861828634504368842471676169572850376966171197812132446780058820217219584000
-29611239660639886848827817602850051105321735684560665681173209187147806805075654443900634218010575450628303571057582517978461566120573704025745956195005589929821507710928845366831360
22017942008277758421215641671665310733055690646680437593277963914377478519326117708660280502754421964448749274776798941972324524608442215746380497936886425038626779641592951165593600
-15951109599463874194961712148138886054254842665390365321998892043633508997351432395082742157486953987467595590714250821474153834592102036326104721923423002706554970144285293114380800
11256132522754644061492883677769361737709410309907883582354737877367108143731047518904576507681080254168061721752192523308465568368137457746081005359799707365442594716167996861030400
-7734933930230588199746926357611773417645599919069202254946921571270846259567072912550654904631389771775164105522352287770895895796453153191829353429103857273659675273855400725776000
5174552148036801969946110325314219552093897903491846744463541747138562336276046790526217522175027033296250032433594681688895030829966147420894810112863752115053672025425661213071360
-3369082759120388610620769310836593693227975785528785059516744070247893300515029308492399401288949124898775349189695924530071701047664107719263949525732917574042778424462741901504000
2134230926821895064270390396455495538688155783723688027636332598705462906946407653685367941243753067424223498963371675489437739758296071211562670076182778749755372691775534290432000
-1314993970501369647312593132175512854968650082111553705801166110287711230324013113238633365110491470951146308763166166170594320357526413048160940081740390811267053845314503458656000
787796281423513072212129924373785031111366192357079849504351915124353190810276325503394474213054435160116766258832506258243566967639910395303718197957626140396824061188946950400000
-458733119994561448503356873691449726841884452341777715136592288305513252743014366714871336355474162922460236662795515624779446571378353363426023829342583354495336249037475175744000
259539255960301206028049830678751195472067517237309614331275590872667786974474837010908264093006954927759087873690398906155197972458244385326968335232886171891772160306282383360000
-142618454535259915649690902236856091761004549063481468573910851896365868075681878616806876783095754285254336020435829281737897279950267375042545506912233484809343225133581874992500
76085637964097963537025359318392554309503138312156131533752757091051639786301653517495402707017069697349570871650267107484643742037953053151640696753198845878581131570096889040000
-39391238594177086287568793876046309935186221968656664441895325537228749102882551779902166057663609391350206941069865410493630654522518738459446247641515557230953165815797052900000
19782119452844329776394837287494551861204894009558649945626117987085343665184620875450670954297022615048614115625776459665650781821486333454874044574947562942334823258868126816000
-9632042491812088412834897736947771568196520784277242483156407146720932769087836668973990009374370262767709470865788959757548882600242135237229774150728711079664016791366313830000
4544872635472775980206463638820572366121639016766339363332220043566021306076849830767391714593611488361006360135389405320421426426231904467112051953107376054286569493764331440000
-2077096291443876319695929216833695415870865377599288398449734377118977750764690297364028092806186538030919063221757269031884264291368152033905893144674646892272535088760726620000
918934547766387543775982421628906938866633706611942444403912686223188560728198126557858947651937783043400469373126621889311186848432363415924629375386980468993581342771342400000
-393326959807708028424714876017712892508390892272576664765984727520680283705687003119927576068720669587151485903432522334172420750800262351101139488400012315240977654239703830760
162778811613199629594842521893422429215620794505024178482890637463077011548206398162550161428405475000548819195202885409454292590613608240152745037153738915146386138434391427200
-65093173931295420941550961418855351865289787862427201262261703055705999348889417675187015587376044887362883119501163641458329874547648408356345965376863980944112896305116285600
25134378014384545560968693685768311749387053907324653024463302167545775477190138417519857119229479634247814705464886696180080685379460347830963551677465108708843320779611500800
-9364391847198971042935880324823089044459973828168703026343317476638726662193221264985711856825573859309216815845661962328723352239728294240654793078601896158463468105725594000
3363827705539932584513029134646742467939744554670666053198779788871819576263387702944064394780222795482021107721739749751681326006209121471907787181786418189367388804855052160
-1164054337257373692232393082342525524123271486128257399171083070967637630253271948763634311371184177388384389831599307783566789339268096635285273229440417360516073725122453600
387719281694724202094347921099501138423004752736878097527823230153565410137335696346579590933033223171766482570808777817150113595417262367354930559186296916364101944151500800
-124182370711071405057816640686847893748326018368040860702733138411565178630571855220843042519393522871005180958387972314447326278007049848013065661026361787399624644972895400
38209085468666003158743061075324184244351129481158150405089933386402234399278536072162507530977975490174438132843441036289738448671384582708628522336812399502093707296896000
-11281644033730159345351324223623496667702858434788214884913288494883072428866345083801088674849528772280302923531846842030128896602043053320840181164345447934620457204373760
3192846405628804558554989448072955639205229358692111757370846006053923150956086971449287242045418174136515730475534471588230814608516036743168084334825198085762174272256000
-865060757416828789371753882813821217929024517194594269969401740292778173041835863548815653844496642632172304423295284365652514896046185907386030681407227596349368016048000
224077983230015471636951478560868146820558004938854104359373344175995263055999803134864809979953813048850292525349163126036464437354466194617484021422066580975947737984000
-55412768802513870562679611640794649374242715650548579174379926692137880035575110719327975653397172957861594087902421006253012484781188960914555999270785746125264392800000
13061709656510354432687010242035662511233069328899455244652107760682192338942702139487238998797525074069441410098102310094815014260158678596538716453314905133172110848000
-2929758049455179594008692605086231313872901031527194768846114277167762834941601892355408867507203787297168731924653649587239350227892673429200481560441111158664397720000
624165574808009549727010643976832647556179641705723585573365720838136226297737267389612473376632937504835454536476149688020241701591014883343014950717688359143775360000
-126044041356629653411541981951133383524043767810997164606253489245088657599936549009723737627210384252880773023873445176246323112746590561304665316093713811604722080000
24072963842011793441540513222668038470428909179306812364072516450553827143208414939827556486838204369308143718827396380692986378781901326943782120794362471889644800000
-4337609869136050632307330905266280237615919771750717161716454875315700961072739394426366118217272320345791763882101732149246574573490939509849666848091634655983312000
735353692931072239215100016289691045790622954282179687127868929129501933983380401421967434303945758941527728853704927053003862276949795850649152177518861918296960000
-116933830279620427293416500845351609566210374415823435760512718074586207625755868150798611773395481552324340780506564266585327259647259761414199448405472787389280000
17381706316776009944960380748634380299491787240478731467387440165845708676417932742880478960544941576037755174033351224810447407012257317789896485403150170813440000
-2405850413943108041050499129051055707508977646387212811722851003503636135955886138777601370794495759837017890697975610975537253700975109057135504845441604278925000
308709220522951700437808243798827809895868025499878210863242273950807315341618495950603427252958902832617643811833077904140049383536480166620291150142985904116480
-36536675504370800946561023450620920017631024632836631385940550278655928836245669355889218375443193821426377493197019264048214396653575507228828804186199972401600
3965011729714171027832273926058572546305821765351985148366542280235284093467480118731830797327298023431782160374890483505552502592458503685761623027988710156800
-391817968135228081139858247887097706416839920141065476053380418851351461760204012194625554129546205493403065517193990723453816670849864062668464479354763082400
34967069485190355251321229574409665453191411801075235558624365672361794035921412197914753595970256892681801388617072073106231040971327087837539592368190752000
-2790094523572561238484440643356960262342551024807912463004791068110380578934296425092593098839139023516254889628594730067701346388279237008738272578187772480
196599677828991777828404580480541417634751819742466424184292168739248345735517598214953806181202802204252513727319881281358240333200838274261275180262476800
-12042753006134547627457080518808432185303521657456001050379222657797670107944439679598370596377557202501124735414938476973805707092805510371570754112020400
628213386015086645194393929327589013405654429698749193661219741879257340265959092497975382286305549880881674937742558654420191244760912991071642057235200
-27133549892718239387185726547953612694579091355057744229103380260509233868964008579109353844457459008479165045433580817037470821350346249249113037208000
931556552224423392994189905566682655842860248242453292139067613832965276877424359728226978525873106022209088748611484456370206922231896579018892142080
-23834172775779289985218339116498900900891910617378194866743955575121651816114796621170702463361267884258258249547029685261554597532685518261669084000
403961838069787321581795275666416593808846497316029153325504205300358071693305673651916693284906746173402799650497111580569352789814962228010272000
-3401768885659355843417067059050927110493958393117468860537135547070665916914532983757578255365096354860411260385691727701637971907734923076776000
