-177
5545056
-43424719800
151118024904000
-295747419613684500
370323088943471183520
-321903345064112326274760
205492584359294562568867200
-100386338281146007792431765750
38726818501348771006147010076000
-12093998149786207697509649776634040
3119252018665520411767612811811529920
-675513015292251764173423649557934448300
124550210393529970246413496569380103012000
-19783784184600860018783629534155667076901000
2734910325679222888996648946801679416710794240
-331960424022775362616378409078002283263494177420
35654157652826807112845625667062944195497782931200
-3411904808721898625104255011750884520930273949944000
292686615281162760726394928542663135302406436791872000
-22631260810077707566266671862240070279420321708839522720
1585111981636463109539330976147100432632051920504841672960
-101018138581770050854836082560448993480445540264404630996800
5881585384345023754875144315428788278256564537133577759360000
-314021519661046033912630751965940149168791890990397425058330000
15426746783476411880405463373379562144125737953550660062385542912
-699520812357843865932054243763614968053086161967734294219384684736
29362602000205791903320795417238159152845591983830822226492690470400
-1143980456755466726641497061249412718525087509114939368505381671452000
41471672016124458456416126520061944069432661091434329925079757906336000
-1402157230865167940411429237643294328987518271501394694766946614813220160
44308752119576919890129326835329409139118579468214728502271212069352622080
-1311305403304471247334344970453767328086902881625241550059891681407940636850
36413108719859697446639661989459985308859451919510839737200297930005624296000
-950426236508933089150050623882332298204339310352422636150990129275138150418000
23356433815399936094508672637839780820525249468448433500970944368733680718517120
-541252914180483241301218337447717698597866371362586268005139176100446476095080760
11845096646345710671573777494473062271725402838585160401339641867033876131343038400
-245145923321358423421040401954520405810605030353959500411381715509908163563148686000
4804279870061178096866779948363145467720259529777005120488143442419028625568925728000
-89266522660655477276095313178054969756159747225462865766870010249797063755961620604820
1574404440120829024557807165439008770571459955824225487362380763763226261889797815402560
-26387339723453690539144880298301754139424724259605003704007249025317338113816254202027600
420713236910446077389935679390987405100184354339186321900559059635670701782208314697552000
-6387409180014845843348336479514097519684772069778772499805337004065738087543620348091501000
92432907956125946959743038121324006773749412707554147819405232378835747613520123792826343360
-1276107060549294559799136754554932991437401509180425009569132823007055148881740726067975410480
16822199005520804699570331504137459805639262991097318369693593393375032112012806674105678566400
-211920280440642949828571558987669171379635246665190827118210307397009681879848834078089114752500
2553281912780890984023705980172967009441936033123965117399245219650435684056754299129929992320000
-29443425705424122471367767880962586366080629559572316147801136174920964134268867875846700699437312
325202127514580619130124273619489881247506469045518453784710126887016323586803551071635531600705536
-3442644563648250821967384368475553938871994332998508039788212789253270067556306083367443451209392000
34953443558294095209152652968644641629273506008229779029818379761304116171842595050779454335525760000
-340580312696094007948441127845713375381532279222164853077582175637151527020083557331205979435971680000
3186705841504213157346339729766965744396327150778232727771201950159979114306262812133042658497766092800
-28648851335946518349829514031033184066251802092439641356522160899509021418889179675531527956322550846400
247602260853609798480521007692031950932702555480364767402629202233983786224194572264981626658521769088000
-2058322599515813916322167057106918403041922403094054910943675874100284358430321407072000948128882661280000
16466580796126511330577336456855347224335379224752439287549406992802274867442571256576007585031061290240000
-126833838582164453523771934058928311995443258478655663612349307362059522166476405103776698423701749588073600
941045045841546958582181014646302831918892093544403536955049631188320152639634665978249688277763478265932800
-6728570001289000561038305199675763094508519560631615820293844722479443130931414878879342529218087721160032000
46382886176686080964980607272141314755795690395283700892728544118679154462656465378215875938374119438382080000
-308385043762131846415848847129449322447408212044619391213788193843747415400762578526599841169370701822621871250
1978335674823389719587021811265466138606994598640796208155861587204953833614738207901766176344289586319607857600
-12250148796375411135541951174302896730175956223401789743477514828209187271370600018763622377074041095454266010800
73244373734621527038972147364288204107356352202295396906869346845429847708529049789177015950248889062595789648000
-423008434382151358039738580312135919266209209680427892387099028440139291318397118213661810326859122494943893285000
2360530998669396614240658391458270763088562546269608957139350343960852907319297340201757399026253553128685015080000
-12731933421190506758727828699561354693401555007216223495558344947049261528069736613100458428339766358293472706846800
66394974365454481585684816674086271013715548111426320819527429471936319589346803428919827646140801036861497821382400
-334856598145217480913913875760799682803548033443912260383206914263845500706688305487868227972289977451532380505409500
1633753340547129762387269801047249343759100932546766517163328911777065681811577395887516218292276114419185943543000000
-7713189392469858609751294040627198189226449307730378883897652000761957463819340835624535571860886483944341526372750000
35246190247830265903119513248050044845489182756604739347858710582681840826668859882469877749175506877032063038912918400
-155928999204087047199171212262365442509831213119723148295677567783806973449423368520905953276433817040997283039013470200
668004145687942485892890671523710952900946671148754927763570622652841478430655011035758342590895421292179286421140520000
-2771821935879702178889879191751492933265022799663102917717182835120148442304714949638020933383819018823317897058134850000
11142359994768461506808089915504158742149157506481000801103778716150341951696953798512845565892205022310430924754764800000
-43401233173372340141127948984937995825474429293603885776674390564829980392789587694238551111269809218933864456751801828000
163841143611962524099292339652331089865165472449928523535538988798919212676209801556302459064766138505495192023293496064000
-599540651185654060895759669414873061590183886024760755739431412759876149300735004059015765212458482737612908943060153280000
2126981204090199629596801614240019977538698530185099850525722706902507343433003846596363086339452071143454709619449868800000
-7316923861519475001304303512251701376813609612129099868453921097597018246478075732487743933491712035553440499800582010400000
24410675814265110786358329669109343942797957936437345775669662856260003849565057087319665020468405107955727308954080107776000
-78991441895998769125191171440074895698077816021194564149418880629917613863120674860846612078808861472242350146727690538048000
247963622598616825791325437100829636911920849341205290552278055722928062542970965080422182982229957534744119366660051153920000
-755193961646226476793441430013309269959665964838885172737019362632393899157537475648470710955048237145782548458506883582800000
2231735924026621558992662163079351520163598144798462835933360590897497335119257319780255321554825039150167642256877809734400000
-6400122688791900270844512269897562526158052013027591755048892983451600691047559047058709983258892695607314094072224029916096000
17813069403607742717355913391691706448845644583535796977462490699503984147719374582370383733142248381639581601277215244717568000
-48120963127775406100229555730273023151329827906728024325340246909754087610775460754477649345261993058387173123015539528646880000
126186084372522396849717461436303869241780610119619793236063914893423830155207243601752004526597526021993419635795171292601600000
-321220416001714154859743646456177334863668092283907651568445635773854935681425591934609307131819618924026481198273063364020800000
793850433075039613295481694244717925407119460421083242169818444354577339106760820222662159143280308086591317079920488118683648000
-1904775892641965165885740744882101506567668470951759302745355388456246603696593100866289965834999723602299673891957655573833714000
4437526577395246725073380500352392924217588785552403434602847286104891651932120392282822409512508655687364103699831205248000320000
-10038032579540996991068220675776315730802490250533732259136490763289126524180062007740974265583012343274467425330990517910538000000
22048644564060665567158111897572954295757168667839015210151043072348568086169612784679899396946341161719491351140247308394864000000
-47027553990684993588191536866333354217420465051633835541731159769012260870991167108443757423746851063831503102847033484075405425600
97402035164708611364700597089686413871743906049497076495019698421693073981207859883070258489258255982416625581506923189054520716800
-195899421935940762476582083246990408522322302391938324265502421133595499140405081512230407428655229376400220135816259874179723760000
382603074984700970733790250247680390666652663357617313486776337627306884926872776787012351957935371164012872204176916259119980800000
-725622862163569805164778051343441924347729852390421962976538740176492800527453889629436425269335084013257770666076283582038476900000
1336330756768174269756521864351677535778349834279830162020466447214830822848927326533884551353159142476660841324627016947819431744000
-2389719997841129014081327324707926016945032326467125974143577102517585949048015020651952856028749256833708284508341994618417216272000
4149500703736714542749304499536515784511070193917937319064923818503765277934713827457491726600710562132423853264550515592115840640000
-6995878887086976293138295008863647368176457078480473026355600727955807972443942679779798937208759705447026326684446664019115055400000
11451548909693419320676168784814427574808159015427004411797300139490325178696220624219975568625196427197522767558212164114447403200000
-18198498676404525629527442112660878333552569397326104779706635072914005195136332758936025637115198520543897958460897661467496621168000
28075404824372796296246864676362143930214044241893888454887080550762877262328659449870625380268297498457788523206293543476517796864000
-42043724459968349683115222651902333683758834588964978844471764042257704828830027723678228457297510244621297625034297210953953030460000
61111404650091046293258558416423158678875712269652283448460798858509123785972692814744139726481462145835326487636976758971365670400000
-86207708637282175415074573056962586031073286629696469102849478722148950936306354060688235888395248193259390620025292006942293539200000
118011671619611077785596224621795890926771325606353487836520753329737966559613628273323237997996791931248998698293980075136732115968000
-156749599201643043494497720174298302506999398228474724145521360304875644791912483511378287213005102719025962673499428201762694196544000
201991593974503856179628883327826872395607377072853687919278018538827260875837256858843815212024984437403607389913793080509454717440000
-252489492468129820224536104159783590494509221341067109899097523173534076094796571073554769015031230546754509237392241350636818396800000
306104060920334210409917084684355955201591293834011732416334035579636538266751467565199369709064060873291534113943224313800783718400000
-359863586619467906113158772682045969833870764813610042921952700578310205299849694056337509014218436564163359792704503083912046358944000
410177141828131986696017594325386458888575597514481551552595223499135353189255631064282518299930146122720999127153387573548543790592000
-453195585686887296507391113859243504193941527890731598715562244722069395538652838810274523880835209149969553254907112244491118156160000
485277843091253500126891139171111426263589976325590052164195146043857770356677638226349876850388683206392145067717312337944088448000000
-503488386500700252830664304318206333453632342112521988955216256818266324824406761356982283129178633142011829491759513769980621944000000
506034023782847793308976143040839184675573907234242900131373830212739479362718961942403185552679760311177841301669849871601643968548864
-492551257843055363441900248073197777827641949388432573427193234963307078268587561028971808159836251958215619906443952511077110370747392
464181233753762882033410860605902797630365033833726524650836206301833194226705370924444880899591483028388456976746734339907748628889600
-423412386380004044921223468735059650304309413491518732355148138621880925764044907743275680239526044547074309662932125531611407669601750
373720397280782369557294051365936911463836107527397821094430374381238329284435527007585673418554085830624809826882222210702983946344000
-319077610199077444398946501015331579616076402101350482874055377038277387765983444922630395370196266535508010709590744631848127536201040
263428214049328665709706545445208194161212660391115531808147344669792787708668110696569398147249035853101654666597614937592463780251520
-210225511728415696550359820616139803708199153049728045786977090658486496389407144125103161228047396897232467179696960267861754411409400
162105035896635768044937981412411494294750209033766213157010996471352581307677847581344740751346401361199098441464556394009516093144000
-120730153990070735468086189876819943929811458309676741398346405425005461674514137653448608713953855279756936035737664995382560632302000
86806471214589131279769625906493747339163201629081153321477711752497754171897572554775888537045339894975851292856316164581238657102080
-60228559964144805455951752230646315938769537548983479702342315901805994771191692722504269982477446305808017930429558030929446133574340
40304263048093066041171826310241234386005934872141963080687276238834423481600919633153265010385035196384927551078653570700295350721600
-25999678195012776534120766972343707437097401276216341968401763736299143692053523298324294300177491986325815740653290228736249127474000
16158797979696362539295179845965697370977982222700990339866900209382543214853201582023607782026361149619605373105155481945286451152000
-9669721505298910011397610429251615533887793545411220188586677171216727008521081701814025289560570914484099562303590237129401264569480
5568078657646090327975446114082415101451006514152590348520712250696096312738259811999746567823017747045620028632941050986237396347840
-3083098502907091773053256093222087116033549282409922200021511221931259439184818032184941997110890356366016049379428031851881597412400
1640379075340073279418036397586987521269745033626091913356841023747474336071730656275229543183846988960939636033457723436279122688000
-837988789789612087619370156232588677315316798861940183168837623676552644772754766682267869933762111982216124831328012363064465019000
410684256361101686127466829480170926566326958167582955879748055855562352044635677331466736351842321135065633781783773573793876221440
-192915249528228147081737913472741203213953454312817045281662473413480288563658145858508933716034770197288993763229542352899140673920
86775705743642815013859619554585797364044036092395838777257589040632532964910786142103143862273032825102920976379802474440263193600
-37338432552676841284953748826788309904862812279530258422007522676586998867525755998416824822038136156710876104929676694740662920000
15351795520059195858252232750368167776748243344333687621101962388716099529875911028942334893723891123753744294662316511400061760000
-6024044562071228454778176131244469035596010688316539022520410041332197455523307487756972212297254876960969261225492999073384234624
2253105215795071982033607563144284546097222891538241515023641806608525060335194344791520504647646576497660008759747567917978191872
-802103116339788220750797360061536547422509447840288974249889796544110051127812218053594881870104444758191376906549677377310016800
271376679115345495678854931508709020273667171895215031657017693563558956167810362125014800478928070506423841475495469470216384000
-87113790609931070104702420036085417918005910762281667903730633374067057400301074669326095296259040342612780618694004430627312000
26484042731110781937346367364976811341232681465461198849900043544815225275829304865130397504427722400101716946469969130543262720
-7610244527393889632144277900365008288512497595659523486084442986065617618091482943863283602418764905650530350372472638473415360
2062413625014855886353352118724421086748488130918317858211046255301161332664656013023113897689859611738632104364806573289075200
-525847729659491977112605601493388087532211462638002450228861937790093409806542842609041818570579892193414250291699801273232000
125799100865496122684112126807958987120557530399693003401137494551421420929155140702483482406347343379841358560349685459456000
-28152462846032315892862436503234259266159144205462547518949871339261457832153507854864369949451716024340279030947005781141540
5873558854648461261085608449114265426155960490071426911866089433383201418011888834501235009707761284658471085195841490081920
-1138052384388333543385928934756364871666021151196967148561159303793384362543455826986693340358328232452687298743364349072800
203889094421636782209229618331148962668156900135404555201592769244477005747557293705320497576334916123105556927939113312000
-33605010245802939304488210070716216222038204130734993798656333509100482096925992080446377370460019451729883025786514326000
5065746999036740602593925220577386643718816887145506503202409282694155317751488392953239035018105411566554267688810093440
-693608050056816021686270861418147764797180146436347657010549071839347075550746324089583788616755396931361926694363495520
85553863250580770719666239853649406966986973492812074298694424580564162927841348017790821931286118736558680046922099200
-9412016205819631982871445392062833355743145999687552816661216989889871240467240135885788764762025179882890502611009000
912169071730987757031902273913025549830083965096990518417361038759678008249477283573119404112646115259124012157392000
-76666390146524887952612132295319690676030240526664012776324220178105809067058142622806471715903716746173433409353120
5474485230530555249309330468610085637685138751057571857219827356516019607127574357799661876912792331521156217596160
-322910246324899233032882019595882890676060273140733602313703310475948290104029788208504934262196546055449486198800
15104893075440506740821104194401284605114918052625448335700646017786347894872588576026827089681418172261996080000
-525348540376498004957214384882565487157682940593691276836199638549644085523214287572871215663711630842643740000
12076583589389537811914413941463709484375797230300690902618270874741206080272419867797594639257240428186814464
-137623773471542705565786031809681348398264992971853818718499793994823274352278028581241958537506646150243592
