-47
103776
-57206520
13983816000
-1916656780500
167439136344480
-10106812313237640
445524787685577600
-14932041712274436750
392288700786666684000
-8273368699590800365560
142766891278889183167680
-2047316878409070578064300
24713174153576946622788000
-253814385567093844651389000
2238078848733840834614914560
-17074093717098402929698938030
113433425386951327422221318400
-659944465600010037626195016000
3378330671547973821421629888000
-15278500462075711607379321168480
61252582351360222498518457655040
-218307240818380958285008965816000
693300878213383761661276110720000
-1965556135629263338182055362510000
4981505470138805004288601110745344
-11296816398998207206471043643154752
22934551811409254685291007670602240
-41685888177625239702218987156388000
67807722980964718088746224054624000
-98622565980092017753520896986114240
128075923353959248862012569655224320
-148212860521915732325668842813907050
152431959398113517176078148715864000
-138850219071118973690666341347582000
111533563727331485805400555008996480
-78572641730751270478650236669146440
48211116912951838715899341710798400
-25541208059839443641040856238754000
11553156571446112573988237404512000
-4397420220006676598474272862092380
1381224197598765760853311166677440
-348438077058645557584877250097200
67840837069287398988943109808000
-9566399028881952440073072819000
869243171019397159986886616640
-38203976798111500887892464720
