44
-85140
41122620
-8804809860
1056577183200
-80764759883808
4262584549423200
-164153000913501600
4801475276719921800
-109959711584141419000
2018860304684836452840
-30282904570272546792600
376853923541169471196800
-3940241910634594411862400
34979698594409154472656000
-266001174644595836900952960
1745632708605160179662503800
-9948294363573352304166587400
49495834920000752821964626200
-215944432130197190289734865000
829226619379957210712581881600
-2811097043022757437676439712000
8433291129068272313029319136000
-22430322530433004053747168288000
52960483752411259571347480680000
-111089910719057858076858475474368
207061076192326776888819051919680
-342829518469325678607413711477440
503749496526356099178240555640320
-655892626273911924613761484454400
755005289799747504333174330994176
-766004326279660579318256995545600
682222603092822703455322636657800
-530617580183306547131917606289400
358029163099462895123612225697000
-207803048949973974230929218343320
102618789604925419373298379428800
-42501719288526451997560395278400
14481195214650286968697863211200
-3951147938251064491788042888000
829741067032723543275489006480
-125867919151305475035841580400
12272835654208923869707909200
-577467118397066726157159600
