-351
43243200
-1331858127600
18230474050588800
-140357559120111333000
691547308087153342144320
-2365956227793173371811254800
5946372272758875246638768390400
-11440913164854837831958719113885700
17390188010579353504577253053106264000
-21407495342903289957669644280904342046640
21775491957062288661074213372675259661987200
-18608518845557042053929232465286801584896936600
13547001719565526615260481234728791553804969844800
-8501780339363048986276099460601096964672348549794000
4646733062282268053939064921186135557011318823375408640
-2231611704462083773013821627871989984596705440390193809550
949106774459666576846625757525958591649654875741313154046400
-359948744213828549269082818541719795883131611624893013672097200
122482281826112739590620868226218447995246224853190741826815568000
-37602366726321176336169583097619629080660579145491690717686946414920
10467271064224915208680675784725137564494087745806258395698978553051200
-2653950626422497767900137376599410550624010260128319445340891634493355600
615435597815691202615965316185638735474761033327903975423171755362134060800
-131020469066231134931914491141083246419431548110823307267823674481391821537500
25695944026019756152662961065775072020973186305971644338657207557169734266848960
-4657389854716080802670161693171731803801390017957360536381618869737014335866374000
782441495592301574848587164452850943038633523016836570112111970115818408425550832000
-122173648681023956490101396569929405476990306106061329596191850823556303704375836991000
17775466887764674573280388685251560111967341088154178703198614585933827968213350076360000
-2415508195378341627763072018438834503615241980469271343977659736082547882600512141876560400
307254653281007784159997839265310228638842018410576200923859652589730128167623937797076736000
-36659620872962585981753960945232234183991993440770477051049219506304158075327919773665473021750
4110725090945093938846592909957941763705812950449370517592031489764750551785530706521430892224000
-433990868273697222981429439183232701169096835240132720432110279557386661844865999201910063357680000
43213445019226524465618642672501217924736127000204431597899659966768812624644387851960964806625612800
-4064764672120994957547253576382145811045491945956729347177436765624191437505612732325078252123221704000
361737333479799165571875089640459889299703706910007487089350968611779759835050263261233698767477243712000
-30501421407548412051616894244704622397135750860278242109098411277883980760551395362810271094758813547536000
2440113712603872964129351539576369791770860068822259368727872902230718460844111629024821687580705083802880000
-185450167228964722694433297852516339405705222018034725935423795490098497223190511375654588769688324309696256800
13406248852863648484132977010730389984878821284730267635736287702532283987246942856852793353535113129157816256000
-922910794753516372430644177580536490132499671402375006168314948827898509387362244732218064894128986998604156848000
60571698628950091307303154265956335397814548471617637505969364883809161660992527378444633104939070216470855403904000
-3794022228429562408254192666353923043396684514674954964959387930080122928109637826728867992495060098037364814335960000
227034290149225014509930889154618754916857601358149305103169773735994556018080727551455460670904396266555910489863846400
-12991704642116687562351125573387056681997969121196365126851281688479631765335210253103962408003997552899774301354047184000
711585481239919538951556082107400073367269479362512724956084325057730921933652222246969044666917008565165003290823393792000
-37338780349593121745063487699018379631025511391705599352871409134767576071620118365013809285198031937718208942209494721906000
1878602526543460685882411209513294568691329352818840650490156694493928858580470761555047131050363289494527130453522266724800000
-90699681422528899298677166159785667094244857685834754141924961272844682863808560556182297505963959762111567669148236446380033920
4205452356615526818692989711214975567691630079550815589971607200886224049740604537899109988165802978589256078777115461527655552000
-187405470641679413858006354006017348735258265419983219728109745889492359216565689720129088847638595233383724010505207754326150536000
8032082385721989317619473467957437041272770769114496187079597197268694948665281778848622735687043701437356105757473468123472379968000
-331323398411032059351803280553244277952501794225972967717033384387333666632442873377505687847090552684290939362495780560093235673680000
13162684537998078930466879683889813007345406817487777642433786446985854783874530496203346625689902234508214191347865429616451137295923200
-503946976739393924357941935346374489389963733909971308239417273519565259765910556130948600960924142788976000281945619517506124298289228000
18605554864217845495409003086693848184458273256377001651564967926506276404875501086186379372873121814657817539495211127228037741406090944000
-662792472729867405063415191111810548418824640970407475302791635377150013534799471957585358176871670304146516195150896508212353988371498352000
22795034425515577631195652594055144744815192765578047383869639352873427067045731911164067532586922254757949129239720002862161166184382586240000
-757308031201691277852397568305997046284622741654416679210609093400837430734926828418648233601369024608695964946166597795088149343560650471358400
24316894267126598730933744009997454203194497493380732284892118914144599899008077790771322480701846562818326764785806262982298329365392775683392000
-755044627742307347744031967690235728754080550810989610647208282319343655084783335294769182447744615035979975979328688379494844354335376047669776000
22682156980340335017943164417143408014816460628444422589238583501511711434383695297018372174756736190468622951868812842747273691624115786574896128000
-659560133579940332595732567847623440333182261511443591916811886705945407810612799890471977020117447257266927900960682039896004160373611025391358233750
18573213361611119765895829110589076079782412484162251548377422729639422683946856444915690872886507314764636689691052806243471477156120886475020647862400
-506734054628253794439368643399439565358526357135046553091578237902662348226277354039486979290219688205510387370599901459597191850922678317980676973188000
13400626663628706715412414879758135371539625954158085633906757803052094605176617788535437354756195060426052373699856427282624602140060812760998468443104000
-343643189423248519938031556919783827411560170148400372018114537199936899221026774980788614882120532370272494013020734337779363634939876945233761979363742000
8548855147088753350443280319592353816136355083464931750015855027506936850186601812376518283267875625695247677148115054603358082109279358410730260204965680000
-206395533215458491859345001038386744653621825046731610399719523593693497206923506327745814169157745794974182745775338586659564177879562730479142961736254063200
4837868717464506129359294846795432999062081897941243222541332852178302644310668817235954255550025638392015360690500695774587205566008556285144918142978730432000
-110137105021027897351195196746577279369272708207818615238167530712871671136885069792387271099006052424018224695719679902243336851713663539179002277098750159991000
2436119505167686304481155982531911629539296802753236219807334055205030891395555816582524379617572041907276446112567106293343329214710630266486649729064342063888000
-52372565512393329107933544200797899303782636249840163253619138358110347277125969413290299961738252124458385613331256864204500261468555322885708699662910823497300000
1094712313366250322345670114302758010407386175948659028392448677616565722925397863064359165920237641206278959444095263478348146265320330781086237523834027197069963520
-22255296640760378133905871394044556677992957359898075901832286351995365307222099042647571859103861672203481096385541259339513690305616316130375942042280236083092186000
440196179398760510123024009128418493968896963317585960053917335987721450549595209804244568571568235119353455074266350913351905800222674418155076315598294458751288048000
-8473776453426139819868212175722056008901266543863529731037908717763637923079707788731707945002688526047554010179627255082024186654286482549485219075267168330962294924000
158803540136632160444125315826382257779377044539381258987693286913897627220542000155433514059848493832161819745330748879088855771684881749557409265028560808843029965440000
-2898189420546683276880356408412074076701409090506917254847119313254711993279144712524185918078806863764114485636621374972883975466963417692196087431968895474011678592712100
51523367476385480477873002816214650252469494942345195641726565568972657658295906000429971876956566466917590855762157777295715119412682981194597109901669252871318730537104000
-892517441039106426178050825256429776540286936704274442706928194196494385197104735754325079463454787681017285857615831562473677864936209934652452047890649846325489556331092000
15069021425771599164119821104256911042089396745819069383093080581126818831622245031943251363413173648534545297237772187646166122779280076922528088633220680058907002652922336000
-248043012116814396955314147130657445150718960465299860189816587881940812528169734868912830159243630018288656965374298573435935987840063000874011458943511321632901618923421870000
3981596729862929619555642010743962333397893724418493645034487002933697947926230196699935555785251105190456094147577806415613302716365279804756311828710404019058463412631525923200
-62342997471846479798896852765576603301668886256933971952841910137200769451000147096922125072702948112030931311892948603564102017451146731718470077247675545893329550500242544556000
952417159950396637878985451048903922972463556039343248097637171751195583717538513556784141419842422524819744940785497810453724994307173851508803272863419041186085689449603106368000
-14199797008831733551083938949090043935257195866430068878565198210082359053367231942113329883252937316302700580013981304326130646522175022129862073795840879679522455507074228544929000
206659840825416266098845661160345949356956134261085511970836516810793378572424504265474645744400784474608676033835597116868620241267054229406703682260388411747929386549112115472720000
-2936636338129165141264596845088515940362346667850025125105586903881373909514152205612394716027935147384189286440803835030703093628404840599869259324920119330938076582862883160867351200
40753320610772087674692364380820221213191749676286062960648961115088454254482112241151600140795834698392830913872379751446491911577863094039001966141748594796691675027484909171220384000
-552447276337211368564647662093829125866963821196601371209354897384440450826620287359760296001239565901405746758621837847556255016388147190542647517628285505811438175523220229628817722000
7316908359229996148897851657783826341347258601654882677161986611768114524579836646737803379296334229753477986205763529785323635638489425016885346102365055065523397604640527661514663856000
-94703284801192678765131598556184619684040202577892786031420393713768720869575941387977465309328345878876925067046417619273261384087352092808521118944882245650586619177763008828556420540000
1198098863762988951876749628448857078896950046485704901708970068993158722881407499602627709601980412084947567474248396465168298259230749312853817980792340751180208069943520143602133836185600
-14818283310115483472186556683891381742411984705802199785296978441209331274700220686003203068465900311577989201231792911358746579544099062546185160865952144154001303911947932244844751011026000
179211615944804027555218690421231598600546770500865545538156421594440665789211128951182536249003265836441975468866848652283397893451176588931395666410715951490287636810328313955295345631488000
-2119731563565379333422550767990487911935267751831197769314655875037867171142962996196114386742817991380914107386179446725680669565011797893881690287094762592819888034021539512742574487473984000
24525819743731661709021248555261843609168387211270056835045605165727388757026018137806282160660704032506444217691332441454156507363772868193672449602749319255767299567191366263137225474905600000
-277634732081016783712291435770419595840147060070298170378399755036550613468410227921780894686895235718376199188687652370505197079008645245239191496748082568907211407830562985235339706098478882560
3075455810720017308056948558186198836382376020776756519239209128431547820991114180488309097110005061873983972975365622769050805796292217695522854537058458022401224300054270888304419840126273280000
-33343155428852921212697003702203832194100621685462880151924747410581824256472001750916935911833644844694326239879115354813593208516375747731823473973143299649441647190813301940414614062545487040000
353866769351061184388724765843956440229821585145596814220521364921503323280676371113134098235948132750855271938964026395435204687838229634142847448542195343022898853851263200308715451647669099520000
-3676896900288370119039093270097359886762989908153466897760104807387495468463277918597408989482898566864355559990798086765068923709569104792265524270008748486097308403298281690707746489776561737200000
37411300379750404215267966137545709084582780583856988909128119444308362056266364063182127057073345091752920571204332533420260461319240262963916322041950237657728042398946761626923552855979645299968000
-372797814793409933068928251031533047139134124961867903454123344035420590746694860478300716976256415378970786023041393031719425289392019939725426397065411032337799952580818277461596261616212262905920000
3638824473647754986489551044569471664240764846950708528850134679242407359343579705491402019698716650487443731299407961750433157039054678339086020676465526568767038195546476036587326878167084706460160000
-34796259029256657058306331863695572789302313848966150307129412870255520373722980933761531813368977970286180680550588634238517064185960361617510072718701597813834802744913177099866313272472747505525280000
326026391308547349863703464612961128095710258199386571180005575348610767444057085897343129489456664224581906687895928521457092802388781033184178208487994433855406972608680656069111858723311695338361600000
-2993541991799249513818786662972280520046405404645458466501636316264959080479519528948819754496539243968204497101812029310942517970098839798991353978613609057501617360644382609085487323637905178825397696000
26939691262941383499085063322000362313346760106086229588970167579535643441568795176515309989333355358428253765006810957714252608759399347204947758229744093198261450608574721507621040049100797518720890880000
-237648709828069569025690039223739962731824970747702798758503813285130396708679700880712265424877320144897582658989052945454882886438843555776299751469132024955358525190772716666838442977785949539947195640000
2055291904121965592187720448864911235366974326071760942321175746628829193306673719763397047176760295891716645641591283175853522352197851950151799996416257168131423968507119793793742887847353589129567601920000
-17428704547073039249541992310492270136474100154258111314904984084120507944626190926940995043406807356782597178588147688703827133796857823496958996507006280487374852142915292157205250458234656993692212801600000
144933021646041933044055209553020635200671125789390551982456750823080301075100943166825169821830400443820257641770142171107152579693250358933955584109982813072176691060056874879455926230231730626714162198016000
-1182050717935855524815683633501504875899052667936732024919345728231194087506462024958622789989356220028764430357912028282413381380680422164180065069719832329117570671847944540253113155777109191262540556660320000
9456405743486844198525469068012039007192421343493856199354765825849552700051696199668982319914849760230115442863296226259307051045443377313440520557758658632940565374783556322024905246216873530100324453282560000
-74214855675884219583615892225305342328997861760483921566855123897684686182386469808332905844106222152302953551405660852983215786921352768075326038853073322280368153006336015814558716646857317491293676765394880000
571455960941911962671949501323867984432873868114057397616685453697022680695390203227217008208554654578568890279307482480706860349262361826914310520199075987673987953097300979056527255361437885689616730068403200000
-4317706944891733572963248450940150039880632619769274924867569031089566991829107604258641507645760762000199571616592597318290771726395432578479437424179143509369275228120794709883973743790264125063610406123078928000
32014907857212389637380660599280287434563313790188681500145023838199808253054294209297050889285143659773353288347605516349542119979338034336433831484795288530641931477685504658493558474548942928550341212261556480000
-232985674171571782340241938600661307044450044330278649156893882496794452468831092842544252967931934009383922879195618564527906060857427967295048597483107448788870067983637517340368635668349761568918792602024658240000
1664302186467718002582763354382356320636380804472329577082678013695126582537610804790762278190914136576253507396419385914843007720866148144722750481009609901877901116209113211316565483108592466936095693970917368320000
-11671005674810203799979608395309415340310728423662131675919599169268797070897365051155303241801204264850060772308722703321276489821955802790370094342797944047215445359992691988176942847046304809273186667690827604000000
80353286814296478975142806574963562537553082937848158538798515214928647276726716335557305698560406399712648809080521826079336938821549916222518609217333224244687920002980725332487859437686610314391829053664542100985856
-543204617494606299194205197509320001848254259656371479917898125815206416539096424207211377809145604487853365673631078671199599203768130811198148761290645521041895377571170719722175580382320197278414150490334276958195200
3606051509974734060842081896442303381356332078239630919323528310948340345444487093602488476953365872882598770500776666593259562647768696274822257062986669801537468030708685678101108794264727395560441436003538452629913600
-23509985604307322276426309932389985369039265356526041010094074926182182048299791130208557839521953274151645072545255199920178631796063771361553285687075629162037824867932719609236214482237267224827860892919309502842375550
150545283696592047459647111735801745143009681893601041405902567401837228475862372623942306554862048007547581210890114422420181179267385101633743051668456165104666223059125689655682411827847076226047524592841873722906288000
-946929834451563978521180332818192976949530899110750550443127148957556167113174323804597108230082281967474285816498819717022939617591852289276243794994589278508350543041900587934242370397158109461838929688975385717080551520
5851199792858449057886251529167366894454184286562787038575211402334319442962589901301758484745523290008214746692007158253779646701791271881292051280299880373697656988763075481880255285642715804867630097559521583907652332800
-35521255767285822199037765610694247474442163181803944248127303518406640709266177226239446007858540923278175577412789323841256295292434307035550350566820503115737893899241955650071611762478739077794037467260876640323676584400
211878497287458967260154487258498017950327408086296442167924023338465796512866351489342327275774230872119784132736628816617029466272560834639323228503949625459197052467455323904706648215425220056317738778089751601211587075200
-1241877503175463299693414959429751832211083095569295447536375798410382755290522341417678393525220479401662212132427405870174831041315196315527710691907895874997393282854607683467968990389420098286208532952776559772193889604000
7153214418290668606234070166315370553535838630479141777809524598843804670473408686565827546705269961353574341882781857812207026797975530777439613585389480239984985309242540256775501384643059766128561149807992984287836804119040
-40494015769200067929051595845807248800171387532672931436286022552008032440631393627101804351090792133624891947817726774558128067737998915984635312524773222779391646129121981919640942499948722578530006227867966339741455048404200
225311473962869705043780502816843870568463868230172069676286531362955023913901523750093006126757611172609873509217371331485664146732095625451938566657100389008334401862457606469814209982132505531517161830076586967439908019337600
-1232291913124901274324986653638626707981489767026361702440294909009205336368422653289142892204615233506906458469835840462799428719343356650924047746655303781660422510753412986613969684368251175102196651162323412558687171790072800
6625458513297176356134755632730218023141512188742738659981255377458529596912776006608155045919746931147323787891234776009295826063112048491174891564750942334189984494439446252753955323853523734258899028142547285161038424799584000
-35020618746739835085301878485024659051810398176833493260852961140820465549477576890847524026139372541520096517822439491292809024283901598761949486785702162079817172633082707715896047219721883285354908072173267412753507237125597040
181999412952726711986992107292024937037022802657332957281390671750393365553645352062892519610719781247917930296333909171589609596550108806603522004662680317191625686658121088537114813074878777779934062774354508781534750150385628800
-930007613192328021374911017608032802890483957419342190012033854649141103280646505678647914259558326742795069626232741485473051180308151215334611029281322745609677438811387750426438156853614591653990578559867363683941482406530650400
4673096105958144107404511559551106976507555752983140921713360195261799923922587400434858941072822005451400019278921543993120786096093850734904491783496233300253585808242345059994003300553699766327489849292556670411871250439426739200
-23091666304832235530729324698563087208133039170014348695185158777367878530320597896680064689285624362875082126514983410747257009420151254608024148852041934081331195497760025394110992871876680485954197888105797609652410671116698535500
112219457615340713321655147700374886971614811426177697611378776848339612685566583148213188570389914620743133952855883233127787500333573107768346037246432183433726336798056045406358373730172257090742265085141401976877275278574068469120
-536380157587680079601090013297649435123990198074503411575123225708063494017121004130967382130520569109326993938202367386340055801814885348328857947309661428464308867736439303163202425759926834945124586141847989323237999238014588383200
2521723956205636292601875914245675478417160081576424202357347343520458442509480172690695464177141267849264101447075519807166409783792763770069199712299649397961315493131581363642744265713475265664542410815985049346401722365143137721600
-11661937161786081972776306815437554279456860152640935099807898733409052175442056841355431813127825009556560705089682657501211459636087271348461455590614389383915603337643800100115004834001913074599212590779165337091054385976164372798800
53054171133750474269195396079419529851139267394114429308616628623679756304655093958690987483712910497960120319537766245107083348643971641196099590768526342406895001896402135494419867944425621392483242721890712087122043736029575318800000
-237449248326213622639210914693050047801758905149098539813644583068141117317114338521517383582105502224670314502123226606601262235190959477337263328443616498076299270487537397618825560972071311104198001126094071017123418944973967296821280
1045563989822895825313660621691251471395842027848317766645757472919668794291402990551306754600385615690403911057110300043979067953737657625747170658117586790353951438838154235381346709424848016966864581073630311395078779969097246462912000
-4529857110859695439162979884410889825671294990544194229914317250988577185863338172836485120119234720124755898765736223316402907070865578054207693099272683732429859642199737036832005781392789644837787568028357569239664155062618034937591000
19310671143872473290826267188907322717048565496022308966278335132241962259458936432299479820023865658109686045949436080020098205921475405407556670928387357641361893007578117748709450251473760700484962919761026039111647885941679650668208000
-81005317876039509417180434781938143047123314992906873313805033337455372549429595672428476551487361907448225513631288936616607776020323018509477795889299050217190416843435193296945507601107568025288688483404692001223743039842637883569180000
334392649559795812110646693025327670128678538511406121447239458325722123952642230193913281601261627660065981833086231491275283779171344669456648070140150784780024007528180176083990329317271349281000248450786419725842494889466532975686035200
-1358470138836670486699502190415393659897756562702587368379410299448246128557609060162772706505125362369018051196912815433305840352883587719667632784944362563168847530583231965341210712851414856454063509331319830136235135488457790213724518000
5431455601551038573784305240367474379092202716843092633718513685391843582360724090111630320560392499176090996858215415902598773924190974763628729206938894856806209656945055647219238028842250676833172419636505817663444564593228615406019664000
-21373574103892380082232366363482598164512126193499234540081943154616188831932801331529251233812340888541966482068599095178000150376171638673874197688754054400259238025529219340485350354084929488065228288248334482046298817975684966016710212000
82785505963100425523206887160801234613703073330463393305835365440450030078828365427923906523274570618489353978250750500369042946277232975710840609061461057983204168642847243298141905251849068291260122383816973714725429383971325179872483840000
-315622975293147055917598257569584425762970064848693658204798339935678257254833097426984421897582865895905446782470761702598396898422039674310693526758111746883543361863692726294607347440848473214659343936832830137926430988475988628153683408900
1184514603468899564047064484254819371869207511611470200615824331968009755246717476860346613255540341589972680953618907388942249538154238629564610404036461198905562989163227823538420692066113941372711738674244732680740835868945803547193021952000
-4376123396148990056062766011274749346072349973453487130052906559770702706883706233956280543416301817540732404634203185631369977460403159381447032881579148318178885487741925014739165334577587616738073923435404151292736976960271996438240886656000
15916050886998728107849644518103864609494648749849725934407484914139129962421856328791572941074337657894390218849498371558227395158029210634498463676192414478612746526082189695670707388719991214597220797523804958700732415884113198081225991168000
-56989711506261619215736913121504784399813435003505274245728466487811158203117075912562181442971597566311691330543610227279710339481484351954021956585949973094988122925131814345685881732253076811488152472692223250582764549067501544512658725440000
200905217686867407377394526124868436641193544091695948613701939380501881348112561167458876994330286428809215321956052715276307788505966654293451287614072896887587881941687824192527022410825392105027986105385080576599868149175483130804295090278400
-697328333054885802678578148178728466488131678206207686353517273626364582723915877226796497681910300678017760178127691317774802526914399065535533038316446589592587565986091302979178656498889339087146237881026129762987893349103247352510408038528000
2383153145689242196740673400237045702532066639649685073029740700056511926156616231856302764066773085382166042457517534328220874841165520589993284985048483536421123241753606592905858084127151948333539468066849384344003086912034447691293055002624000
-8019583911498269420345767344611461511103603076601762300919277298372567078039148946039401488901995015955994338665236779262026432461358335072129826673219593992299781112954658920578928686796503351646633292892047689088732326588871022476471814235552000
26573769174195448966826211319422594356319631496431875079969202882181287359182978756106892507604243839854182423979482818856418947800950696096998242230786820329514067593222538435054438252106756668178193159878974591063255046685016405839196544212480000
-86710484667674914637393721578992043958314794800865821865611619411507874714820556390298825963999577797304126531615543574428344747286417010126056444311606503248910245263269155604293030505602742580133972081998172419095363811676253705433981775632563200
278626488128816900219880102580694656486551695204998208764846200879083475537927549619796781490968172423470323481091497358273905559147489561623893283660563833154393031870892577565041316860108535714557915831351468161082055461341978665660440054664192000
-881698754027699153187010396271528246900402584167330898794571619378622151481684809787605303300431564283667566026546197545616827228593514409496485179030929028137331411055210601470608199043157814629183626500257923027177487362238102242534255563733696000
2747763245870946420396900453775200729890552635586063269483353405816527291690323952638227867601251390419534271724014064535225791348370285542535873755173003184617767896419579779490346083770036275388192562762940859921510862416073783700279163518345728000
-8433607465403543932995837451019306639750284174324049719802504136461249787961532345716320669733329549964830961816422478099347888130773840138728566148085986290481109848552961124624798845102742135369526816446897853356004653521391740994465625245814400000
25493865949949338225012984420100027150417054946031778836259155034678748093724957336719480892121884617715728689669130688408987105031657764071279534358374147488247484909049434418718869481934088356701038842755527042360342426266003651079302848090008616960
-75903014825480298224490653671995254517923969925031663325606939988160109211769892509651153321149948633420489359657011161496604976806063962147267402382523752327725474423330452261955957450005530045737128979633538270973740323553143941141164293811371536000
222584882314996519470152425361599413421134123813479810177476484745515195298404786767744605889772673269162986320993613885825148981107814112496209607446366694559443160848422078911245737905675510114014539679430956239615036260508616303122380095152680448000
-642920738379672278511234045948033503284368501737098591971093152835983907591342976600924223494960413444451111574876043491638055779069682620038998063523202271998376459770390209434429876149277416333299729448380344091050665113400045392401554701681853824000
1829176820657623822885805550033480046172186655171620974504068281655637870728966815859063456627464538859466412757582476348981778496925572474103650431346559692749040231973682828002953325731660349956106343014086706636502563332528577072230134097104266240000
-5126268039892990763637470053968827829397553101118467781047651359339925132717929501445025337198469370153654621753124889968021434237633916858675480333848733538929185250106246125478276695362978130751988026296977995348798433739411337244924950807134706137600
14151572953448371071193577475685747959180571486375697509781434905488319312689159186553770992833844200015155947356692868004879537024254798104411050987249457014766201093361280168134530213626804497579738014660684652463152234284434581985623532584391893504000
-38483614205040723372174371400716855419608390827746157003640330635843235681955723706291632342757341625551418979291414789013269353234325547906383113143897758106481557054905930253141350019709626516377552866398698570218674188130630776522129300344290200192000
103091821122237551887620030669805325133742660513564550661727174355841272044540353105163932059286530858236104376666708577501819111271098377191837374850409259017846858565789388004115285406198752248119174139280362092969563103274960381717974970661619111936000
-272056319652833000750218916593624668421379903224965287655718761602748063882899865553546535616639741833917318807103233632351725794438689878018806422968153805734567804187158934050912103456309886566877587827091326535809475882032766283807669947830882548320000
707274889625433720226485853114224937836689503852286674491022133889440810286191334915773748810113591509558140487386919376833518021504072186606320534405097239416768588615241879214432587790463943525916734974529667490144161463250472253267238605645014042931200
-1811425933496981003025430079060755596514622311505141079699300964657009567447334467285585992985319539128928171981874147051229444568602390914968581077320026618641541819697465218747681796773443684706724832420459046940808863060796279743344423536049730294656000
4570497668343550798105171630177831444756159907023981461981432775132753814950762524451423355917547358415270395787832644417171676432752613892576506208759203540735523401742879441234964119446209019103884738314562687800092870988023030521741118631723520928768000
-11361198892249302355962145312147287721874771982554491265994305662201175642828461495889788982029423898491693389620065998205054662074251539122908955013098612083476711167579339041098354533787505256660536482970307097726707768401843011332860158998057191552704000
27823344225916658830927702805258663808672910977684468406516666927839613819171742438913768935582262608551085852130773873155235907120616014178552542889221090816677660002235116019016378450091849608148252611355854116881733310371860435917208552648303326251520000
-67131332560154207779297336344621464720199978367515093702936515403926820035004929035230697730142677436770308277186773826196515311526669680082163574465209036875995591796528555134968021589513855753997810268745325469100162134811618167003456569091963103042483200
159579758219801345868278419116953302281618983142756748058404501406993608547891435156251366660946053762690746794156876900517030997384742596330287688868806438362060736289985370502574678113062733230632112784890617710050877452122023174872940809507827096182784000
-373742339014295486063084686178938727731340553048941768585027925292307052441387338245585781342396360777708089354576884791665009364724569269188586376786733438283019688288532631648241915805324902314808070787464769456181168798390275467909209273830221028730822000
862409770006086757177219655465976040322268603604463016280177192266218576913262758648140596470822089225631981964739789030932129316674438986960653339890287322808722603231656064738105429603460119835764270190452679650398234061565168380835253443159686377123456000
-1960678392246009495638983946751680303171827852784989849824991004789536415495358910185145874615418537160994806483498779052813998431853766923139767855981306057395269145114163332429482173557765574283855079680255168835325882067111904360350952834093914466430240000
4391919598631061270231324040723763879104894390238377263607979850728561570709603958814726759138537523240628366523037265078303356487352437907833079997398125568565402885055725864642040068769394886395835378483771578191129975830330665767186134348370368404803737600
-9693068075019120413279956497104443994427021836639962939790779145252527404534927416912396092085612867241687735726148337142439350264998345689702928143986882453426116295539611553354731550151320945519338363305564693277148974405835732431041139127618223792203376000
21078033471282785176570436978629653883833266171190181463444650303438668677974480006392097992818393699715543080043317541501320354751829224907763908163759462599127439676703313618251243396644342220471230981372444937902165895747308333925646726616453841693205888000
-45160993201901339314263518898427584870940283098190533424777071001375825245990776377331829790398087327696318541332479939125762826193485343449072671003757360982014782943680446739930866533719386121133608528271126860753194284896608971654743089878641805445980384000
95337467025553697297351839092662965460736033610482780594211336474205676386071788721116662975108711916249898488810770508596090307562318494794133362690692542564491701070470072661251494715258217714875121157634054835962906043214982198185311540462474557089062400000
-198304314849827329220924259108716284732467468310644445705474435149759662024938972334640686904800498503597695104188622927142582741987311527134167247730707755847706850519104512887219640295104974302383123885907774910173743642538243346780402636950458640609177018560
406415615196794704573959274626907957126019315762514791822313389034927353671071184111983586438887187844308040757080715288418748323965975952246455486549902284205592119575798957131303339433050960922683167687759307011271651038394261258716797562919184560838589568000
-820689820737434890520059855686534039391055130891185454901067452120157562014392029146042338295387403607672032993362898186938525773204208424106734455574264741488289723475323661179002089483018822349434490931484747078907710778614154125440838368587688713347153824000
1632895721369209676127077766688109368287301130627534708880300966639228295388969187646929151435739862568862271086214437335132218816194507440349422977539981913759320803882373695731241702562345101363169035415911509196869640664906494335051693065040204154062458112000
-3201167758263816114639264696156511986056311580696064475778531198655840073032224413066481997786544518639000105405824799836283210114360555784335536178935972328769083712628399124525022931169476285436229953729506451312634795118377459158140916443466576699086544720000
6183414490061238237286304603812040856159599021405918617151648984701641255644588910293509640745283470435204581949392836442834642813642652619850600472606936103751555965647184469540589207867065007651907262913656530440319860286244107664991006144315117908983922764800
-11768391726123949152474983300190392113953483244505820933034520931506929399852371178712774675624300581810238902373991715413930151919215968490013991591339881101411405824429608202527233654759720646220338629682851109459242942690604801479003643398190463236852825952000
22068515297381772323733806113022436629568724723156473280851124317684071766830911548739267444648971979500485805586010929471869018343784954143844763059752669286578666498741344682243886173008776712761013082505459925488788278164612406554199648867684195710695658496000
-40775030217428040270023790201014111428851589039269577585322585165095960725433676416225287114527202133998944476727278006407007990924258919179838175497121142861530114273065062635552180311848247598187340578222978690453893967077584641797407944978182127231090025268000
74229765868223661598230164070983771910493769840496252594602961752900134998889355752346210740303635761443100313393767245930387936134636781510971170887366893623059790000094635671781996254622665438242195068343015623838594543669090238678827860732699406089976850560000
-133143961676697502405478553473444157412516274107779911031421516499232507450048683205585886978883398919861920133554657209077995830752514831163250126720217883276137243736904439371284074506505838068716459684829951901615797437613802879132289401628509200025470722361600
235299452050101289038050640984941629909857829940929525391438757398971579393316196729981302924429950518064191642327899849739599558940901303113688371113558614051042841293314195317549717710111617871265493767040736183354617874518856506595281555224076365265920272128000
-409706061300391077257269691428412627533280175277841800208210725297510655228345176386128222297906609062214076302813600448137055951496042036262190967831829753911366581325446978083069781480068638299920428660717935464150550262687392168846274222747653615980222559984000
702864117858714944677815570615535092820433833724018228169134368651631054634939314696932526568596777458842954149321963236558075752536752931877688452650201093399225985975494042146873134346287162074531217428662706981546113602801144113505768593200100867089260999552000
-1187990152914093595353007123842595289103102474002262882160709359015623674207735995591668753145301632439552337888205663471171671185804597796575955862463726431010723369823415065341486482751208790732358478580348432917865685287466646871034894269295436448970308491360000
1978295943985186989635328855920121470502983581153016497938404837633026456372410730052229182090053833610967674662682945405233327446154563980297042260010985521979046881893503473655516787371704659284240697613864812813101762913748677329254343348259286448803428154265600
-3245641783100697404870461404243949287543957437829167691930195436741684029985986353991938501866494570767993841243464207305460927841347331530174834957830523121996873790606529136466082229281702956638207394522746958521495079780368923743307907055737891830068124315592000
5246072063440724604037048108896248979030042865808439579693580986669563059107082192763371981865459762795845043316327544573748479259713056073067320145052916304475059099803439139389378636944699939171510144872800792265455488802978180125945580110563452674088323767936000
-8353821133427399121700860401837838439231894494482477949509113886208915992425861861412206495068436968039330976833804384957233474979742970802994604549641645214497076161430537491616236156637994640532833373317459505855417789456758263980119174859589058328780870250528000
13105262652552647149074721891417588544188147489936857882885380388197886600990843528130239500614023841773091943390993555684457093419150166243767103403078279976204833310106829316928454544847745392166351473247131069422272981771157644374891405859666828228299507467520000
-20253858505652697508221865128097666130037554140387746002018787983834506521502398486522108365401437962571674596231192333858534608364583710438017006232513603729340862322919440903627382818370995931393290424594187006691228126228602540431534133258449140874070897894172800
30836324368467774753002147599871879229122919798514215366395386549782639686716454443147846646285926309797705267618424314525104594049885233884870182499328670037750793848043439438048610519319163355754490611838900633024707181801332587508218057556116339047028356655488000
-46248855375863008408766734521137279786118798448721192623120034648167425081629335343603591034687054927386514492868904107961045294180370238476340176929690717132952386755657554438402709677715173236086857449786868316112476275408024934478633109333159878121483545144544000
68330268096591665905385379129622518458961981130214632596792116987475257004916055548377064499598369153309778857810615991073898929277085044166053318574237092424787905642817507685622551940338418387696788404165392204174945341888604395544131830700917423743522673467392000
-99446305559502678626051644430418614685620588967512825760936390764715813193239695400594609675605287536281222119970109868227269397928474476846022871270800057284760379654949547567414438286097197918557835881978989271960207740581459980560631117206124339701665003785800000
142566223650103040078307637455448126013305676343826387010878409800296589793828427326292432430947740212012760031189149507090613408870261010006458388253818962123432480273335671392645338726948942936044513520405079020282153816897581028131720769626699853396306949427322880
-201319384461658739244418872884998748702123735341422158414120238602208307989660022729047726702993691024971029784037853555464611404862706072259296171446602957223599491732209556331634134538358377892987127763709302301234441695585755181572565598506651400387826743038720000
280016358228104662600205504811147709386532095701263539712721491608559720744336454210955164436666029287230950468310292069072942005653512965727420970713984885212789356894776209928406949302979325435117573038106175445556383884919603434447959820221015722575565571368960000
-383616593258135767859318933443665482059492464211235870801032749843928855652689467134918319977032252380515670196630772358478911026789516637430935273763809279205125031355326203110021501010123857716081259600161732392778335471151111838086341076421208000820715091108480000
517623808450366830032329813132353874078100851768407357180089574549615869758095892421327211944371811720701146490600740872332101681043957919654716347352780164309503007545677659313611895491626097366371921384173531857001106346916585756621526945854668639768002132812800000
-687891708088265378414041931815077688120313194332151334917154578079632235536179571514399325650307802188601347815420088545667657472194164191108624081951754221760347276625116921122991112759107869016130670042132012534575326602922171933388468162958961437510970093362432000
900327147034059594618479573433125798585533882276521227687151210304932728581675404781875319117285974866511462143305766084395517285246536367516094261417711715442788812044342605483962056841065451773515601202048307854326958077024127880434223805795503584935929823662080000
-1160485963135068974729604959981977714931416917187466803159398958035919253693722030275567851040427115753455070398263305098786931530517036146870616668667817064548795322034786655407640376364866933852764414844576870058145834024035800385717990951521155102038124319563840000
1473068369127518893082696992066128466012521921516747634683278398868486573901559663105784445300114450455932063793496304609913703063806480041134445944320886543354760324044672364520461117649168526693468315050368974736078132112662879702713223534256034194618637718686720000
-1841335461409398616353371240082660582515652401895934543354097998585608217376949578882230556625143063069915079741870380762392128829758100051418057430401108179193450405055840455650576397061460658366835393812961218420097665140828599628391529417820042743273297148358400000
2266484732001182079587809206262724051735337033431924789842248357661481288988963776805767393701235398012504254604497618881020685365896543396925194601882222355615282657022649358321477250641011312143847944406153948090983411237898866244265144476337441838238943358203904000
-2747038419881855003637156357166855557174553404945096289469638311260023958869577703125418843575874309516555941307753012111521498233712405953918329172652603779729417835433674679213791328004191838305631562179284369898768945267422489331713562515713139386855786257461120000
3278311512783216802930546474632068609170978009939284916514960125342839039522610916980951697957556778926343318516286562122514359693108476132796621643633487093642798275646532448451260665113799200721093394505898091172253021046589120420221537192281919909197547836175360000
-3852033390232196892038845803828941995985325602138425714788613111052244508747729941414822437697922225390167224251261999773818731694340456994042524305051091033323630478642155571138524046465276700134062090567916447534631105179680673819092663846245105278519546489166080000
4456195907399092638888095984261768650666310390037064673819288079311152065580959621307250690342933433479495285070698918874913635797027667550748936574600866502372603806457758795203754643483578444790161638359411054657453886141231752349672506205421413434718783494758400000
-5075189370161247850758645567075629952297927567653150688666998564077966782190564793704460981548381530723756427012550690574882108019458541996470156045666518114967798303948531852850026186929969263136795028437772996468465840013037225449494202770518231644635189514577184000
5690265866374553813491554885900122630354867223456434511217006361680363575975785185620676281717439528946316670289032574684256863246623512935557868523162542994209862529108114430839581021209683001592054066766546332363879676686850848319950801198604487606939335431367680000
-6280338002951506639619111282698009467561087916169550534484216245473903088251260621592849751064991100889677457439249343109526515772010176996374119727676683483313006015537893457861109187690907044838221410996333161754731416262686604105878354229120249051460587123101440000
6823083262465834373907182628116355964757725143492845025118654686440783602050752280249021951774311319485081682156221508563436214665887599699764475753525285759648697893423884250515772944651849628960043014415769360918720551001437298287867841631636813784302860084357120000
-7296284532129927193879346647726212753565919296903923315711152086338559661793891828843959664063953408946145614325380313469013145100506148126940092529699464490191385907431328789456575593275665255101806277089155407869026200609824401966828576617141859540070572212956800000
7679301484412166270729222887409433018230412619761803571734572998026236488021506208730462236349926206806858731039070831882022065054053751171471341701895766241271653412542800959645291456572818461579537082238808530571155339437338882443254679822816395140416467640579072000
-7954541171762453610295811631589336848895720389149458934731008466872804452568380538936298256421361693993124786092672270086002927290524148856231096810485427107444536885538460541928830308600487891865180811688474333049984672692008524125114343391718648446311822890635520000
8108784352378346062573015735248963879206717737415514925155155445454825591537850521685755563332579233765844657291145139589055615631337636507182946333126418768807727351463029028891439206551189873147885148757225912915219832550302318221723208776045602848317869317877760000
-8134229776741135812671815683819838131754306455601668579885822475257322686672586557564484602480003593028930115454145773888299367807079834800722981268127286985872957115036656184890659546152913007342694296677851312908596481673647277044186667726581776127287129020959680000
8029142470872365151134902983012759369419260255202692167691042652307997426240904135787268877466108932007072838596050408250897909869087367781233310004828792495853695512011795914828927988654348737107028773030830153546009010797038972840828761872660194174125776940416000000
-7798031633990774992624635935549720103729896268016937876336223680603964028323985951142768130097124452508181254009901693299804064431415556987018290409649800532653042740394048381216492125428921963058140056827910738406340687430257003046578346790917543145017740576963065856
7451334175112214957794369665879797943596764421749173190194451922546604569849747690652444269644083300915739615107634512732309085233110847932866162166646846749507359771618255464980441992203633310203013149331601505564383253969007977387724265913449565837527467543898931200
-7004634294716457173334758219073228424018897166873903879047590646577611693851102102054657432050624225478188898385620709035346678337758539447094848873493273028554750193472773313380849168691425701045434554920140701021620482366274080784123448951801441354920591300833561600
6477500244853950741364980057544759906802583403921325413747832110362948825671927941770989747034644333679716247297124795094756059056829562513903330695992966881316889397616591385049590276260883158560223752516567488554293296133738933427702904128404301218273362187800780800
-5892059363092164722813005373504467653461305832028070275680320035288140179715994346562566391356068304327517948611689636681377632304390273360537183983730350012866291374219258252706851096818927524336703002610744049008132898561728397733969014334047467558347886725635328000
5271456293844671663427441762537422686778391819824144811349147226034953373243486153104557668335726715456481110010513745537498272002156225190659149795271001035732554663384537764082641590288933912430788679429183326337518485301454998332508748602807312151856157757025157120
-4638344225838516105217642658031013171891417912142323464148690411213769321717615188885106169808649918316619616832828905279843717269963664636525876967533909221275600657105550692227562367309743866887228839100400642597244315413031043683534499941724909290112080948774043050
4013545234524714567145584538627208054625177012744448373526108712950829600369500571926321183014185833723923819304301921218392831525276133799250963988077003131225955408180236387563621620561802320706428600164515700854179580530902060721606136969060273671796479134950326400
-3414986500928073116691071322550164992936214026663171121498080331341207500692978244879980963319128103248330529324225525990717426823764563277269647968762652880584767088112253594772562311816579503002373604764101853092935654445776996771372014595226649839996652676614711200
2856979508833849574524871761326087258740631940137105340386581419401448471830919919241879692632332093354247988337614771971185015031822234181368385146419404595316365721811834524509715074896713550908501762039346402044924031059420775760787666538723626496632610548614624000
-2349865646015841275046707023690706770314169770762769142467963217457691368080931633576446047190093146783868970407688149946299674863673787614175496782929960279647710806190233896409240649102546895622242699277362415681950015546373588063247855728100182793480322176235528240
1900010272640632659966421850308775985509673536407470888083489878562699322586246742963119277157269131763413674051400644427448012969438972149392791691310788335505877940795908501258363426147124719409185535682052845022266362154023828636157600350901455766428797954625635200
-1510093532493080182241537161110889392247702044254157526384985684178445121821832404228175782353434124200462674308348361954843558702489394609207250980462133314203632987821257212620950606612503398939556775103516069370662926403430423910361432934329740723865974156670805600
1179623440380316448219212882781933751274817285997204520314498496255978065640348255219199263718150509604004672876992275342192415154374170069318425667225635577108975084184507072710827150551356585341730134487894580812729101757003175768402737415716644028277498816424076800
-905586435054362252668287782559219544334812598818876662354041007262627789286140286322073814928254749431276831127804632865358200941729654062770924663178771113883375113052284936372141969270120725704621080776153574758738960478484488629023020911213255261894335028879279000
683151968436310355248917245551544529450780095906426629617197243157635738913813710333900782052534334010271575732667543334641738029036242842710608828146081573927884371506697711488082491478161844997194822003524553597991529659070050119061923186791504603120175044356122240
-506358541814719551430683828126953938140174149610104366983349955020100151610251569315131247028452189880274362446997418030771750112114954998670895471650761039977498669563977068785579827372550708927552185538680044285243170515149652022361390716423772668192627907191712800
368725674685936418716346966372461850169489268394278751263724597974490301033699160688003665302374981849441045650079675192714487393849142839582593748324907168108851448812652409134607302649270608394662417142672199903709456827595403719856142109876571234709642440182022400
-263756112000715017047083956495293668915095930918535021770945347935723270720209982438565999000892730041194205312488074632101974532660216803147066704829705329359663356059919286368187783863493763191865824871060782112565169907431625319044456075672875366530370066401645200
185311987591608068803274531145516647470923247714906102829353677934967331620838234783608509959859404863038285790507230611739257130781020470584940386030350865032894584404393202401275091991819114173027715709356285327770667045698979163088129612459874568267492353282288000
-127865271438209567474259426490406486754937040923285210952254037775127458818378382000689871872302989355496417195449989122100087420238904124703608866360942096872697263239031309656879813474355188779389123839455836876161760261532295622530809432597313452104569723764778720
86635202499493580935977847008654930909514673770001390190549705473650172938855792927034327206407820567932104950172130808617806811332741510127198393133542282109249817115428683821385050836507049109658131047389366198142851957542068193204518965782632553706014208065459200
-57633066087499669833018243082625564102692253716184018450047102810021633887484666420980867243157624687661040351057279438902230182652513231292310814701199590432673932863457687224766274424475122134921661923650551959531746658660628923347572582435713483939080088645622100
37637920710203866013399668951918735740533716712609971232683822243279434375500190315742607179204979387860271249670060041732068690711845375537835634090579324364195221461849918187602464930269467516683534317486074749081957001574288276471884135468221050735725772176732800
-24126550884151540464261003094345585240465463221193921700315799262851281092771946546767448592083217446864185011060413973951140254415626281338354998809328280476142775758584998039032029207326151156699812044182126742228797228152307305999379615581652433089892945628500000
15178112857710990930613970026004437201988560373044919257047596241050083296128504183920768716918362357051378063949887672392719983392764773037402676672431104422254131563509948650644467062052878908180499276879456024968955463491889882845970044177357965708228056611193600
-9369758941580804302038987876402786434356123339929076455348970978200222734200311243027648457691214947494500281679839684339787560636483452164511931192515656971441143362398331958839477835447340772122295453886478937909120072866862551733245921647766466307359593075790000
5674926527559894401391336321236954621817015259591341488002937341799329470001653404657702812832516272073980073899379762679542383165408893495147838058342837920171158419077210478322253828003868424742500414875893719486929687944178035738083442646391888624061502292720000
-3371662975078511350715361392555215120464415528112618745207686894097093981601184195715384038828614586005136160825498428691016867757958699894113959941578180332028609817410696567635253467994068972347463790045241083764832960008964635202442645773955493374450494290860000
1964756780482795376067224120531655012965736415965729965989911197392687439850846149428319523146747313384886836693318543253870391201307879230701162921211010391192530174557742016520022832545971513542746849558100943713118062023954418015991552167965740155767197505600000
-1122743220949103515856986069182891278518851494536743216917270555540686096846399978833394680567569214119340754728282704799957237196553498691513301020831307098671129392223997450026958455623623339008017877640975515041982172152234462774673948069860116386715895605209000
629046745795878212554464402688049925427413408116735096014742079977709919130770064507660499085741847654407048912491316730412585625505335318860556947880308330001022838008506062349674422522373026148538023921135203270694283203288365562132894246661156127054004148560000
-345491609025282590032459907904606868277414810954109938994968686524652131908287361142561838169206109853648416520181118163500710507082095099867619156639105514429036196565785414280553414723978756892129360580496733982874531053141516305232111337601470199704966289380000
185978526992445691936213606732302954278064494872624051866686935951888557864751522850555331782776833373003665085318188094055895708291067237017478019216435677035106050847733656063419680799862305274550574902250935777318817599958009850930424702352065617621402523040000
-98101274931729839856008330420871716794289996210521105518103993380196125450752002822813883538710577958917389047992242517129638004726783569714697013583158796363055283343047366559439971231280273977208815329501414186744062373415660696139591833980963991540648809050000
50697434491034678458551008651849937631974353720318053865533188379527393806349843896465811947318131368464343769510894083090596305157420340071949791839540457200807738671686749876257952999744177044842317417927379032351723757297578004077014549993043330365161888688000
-25662957541949372360216936197733956032714290622888271068296758580545891492883701972384553568373847490235050048616051756936355567693322279581875411158445066145036975154056309338188426621771329289228032577256627815963165951524600435948075547000610776734431121340000
12721653563268666272655707108570856666073278960698489531992536589746747458842857372754386860394577337606108652346035830703605367796789269262551891954760030361351355115279136846348867120156453490242190947984589189882212872957696281375660997889120169428065067520000
-6174474434516139782724498469687222424842206683073387985742471372172005358442285267830986591421977477334214843960917781112980339643558854319812783497573960048429319816693096692026745076872809945947625880027676589229941208847631886566116714795793675982176111872500
2933431658643938968385293510340979942981271311219358428111029130970476558266662030238305910461130330104065384853739988201327329378915665993105581221294461688936619656450258937747647234232266120558922844787516996451719533615186997987853488860251829635334204800000
-1363853879722195690877923442899437060053634834006993268698803211059174838344646278767514856182409715070143408004352999746255646920867793769279682893386857865625573902340803504457440600543589031866521309798296100811637163898780342548431144684003647925935823328000
620394792774045866399990682921627231058513879216700094593567620717745595505907755672756252998269059464365372118039200649800634373611877705655972237612472278124928929962656924123482386048098741246541737266097067857775221754360704230766850807475354779785877760000
-276035809409234589435358962023805735886972708714626940896464801407031275294469207719053222579228435317362886118901918219312801020732241092600284044594487249193392625445596215641684078620598634202829492947362596914529210307928106075279156725971013959944840080000
120100287167628398520536383062274363671681727404032027121629294018048342960302552699764423228917523977846434114704008775032577475874974307106731699072712410533280543112254188710971399837349301503151897174922104159064113308503658960777959697008343876246195840000
-51083889325256352348645473220469676759560584802735405122017457940829600269974586399264646906510629472043178192270499359226163993018457938830799561715121844755149002354597913461507514403953758500663837979962181954370772893090113166886502016064044641239661600000
21235401094288696381092773791711703837447442870712508080368900413300219699702391698704945320194524927097202117593537314787310641901013897100178166556808363755958291401090883279327731583768240936742487822615477097171124161797505704398576235945221246095788544000
-8624700373679045616339325641184954586554593391096427593589382318381212541247142172644442558655064937120548043217745906531985587016613170292068116062408984937177864767939863512313702159518727786408663134219454808514819819411571408087830251964375205924929640000
3421368743277637930448658105594031571525789113823376235473473977539654561817048134602754072854901793237903355987204987715167836171879604743960905545418440305657334783976144203231881848404123419401783722665568849658771498609548988332362414002396775904104320000
-1325219817378957162894041854624993288205177336022956988103926449320205147998074463829680327958088115197560489796539457259117022440477261884352318229423878329733968566330654386723199855181710657821304836589878515851907157759477687397732871880100467330001760000
501028286343651101283191627457464381173980089233632131608289772899888524762977112979085190154286622002858408240657639795507380884868530012987643943071409576458967321864141545074933782677395333769869503436627038129265466071636176709917909973572955512288000000
-184829334832172891263369391369058610215081254918286893350298097222768876785062256977984526647916334856854466799978603320562672808428000721791141850599042992755713045035681815978143072429691138627704859817771714365886030433826585588288716989251063288483043200
66505185544627942905551176682722163033649175068003142605707640858955920830818970844497252444477130675527374065179219525726461446945980988404004639347565717418530096446653206928041237527267150685568353881958895468348965156485543097517821810461083908616320000
-23331941821317708534153337576389862841406875297694142295895217145783217828425448556109146380267693853612225209020870654408464397591449428599216442756941145785718910310990336630811537620718027942701313748969768631866604952765974326688278413987580608569760000
7977826984879538022461213750264468345341356831522122177049555671452981451382017896648240620956152942005630970401411316790189571492890462401143706728380621164649304888220203329896151673469707035010507044055146847167014809846850156993306059012712593146880000
-2657520383153529454006540699682865066777762184669413642880784402545879869078897820164431348642390585176196215198747482983314425623362111377025720780310740808450147712342656677532602896335752803332739561885795703017189133062838492068894206919866226411300000
862062188465905990906760248896857148670634256216976362134593390284595226329748138901175817002233574826948637353801709717866123167004300703177943028934769305410283873879623841991118785270923693559459812087780393810768065351294967338575131287437605462912000
-272190915908352670139245234297018044346696802352245996694746182918578942569513901988693056406414580287055581863440851251748386640100838889844246717613486848161551569174794725196157747944539055492389992570968722959282304371299881555864985224839728368480000
83613315763335701236845250595414979680692270705283091558597878893767547085619651034776404726612642346028426891641709996293003533238543512809373372325920394147134091934648186016606638993414197865395654754052419305426490213772816377949931057407079287040000
-24976287409192567949364183105522371808186212630456305505734399711299238718219809952905833411389172353679030325818552202784563597585813454234263927850392205778243999442909066106769505072065041795746718130856630606530089951801318705746829106655258114320000
7251104271874173747199706283816467637780519832388106415087374032500862970319258615793191338210825794074032746113784596529027795321359735982800725589519086982466916607046839816085406317462562798652077655107778515233544825294378510104650169525704118400000
-2044871767659333847272208532754527465676273340036941435538844158738874998528847323065674073432378666443292002626739608226151740697233821070446227515104649077126284151587683723784917758684213469368053657971653543614404769097845494301208368827430877344000
559839170476103020810042099930107084202062820320077431096334749675927771229038958600294139478390288431864561259251505110870422076516491578306842408576949241243411506643250845274807148912417909956121843892116353583083697291290916027501758734404830720000
-148707279657714864902667432793934694241172936647520567634963917882668314232713473378203130798947420364714024084488681045074955864074693075487755014778252142205281181452113505776120648929861007332094864783843406420506607092999149569805154663826283160000
38299687455454903808593582299059500506213960921212209602684620400488796504198535866231373151905616170854701545384952384216755160942059791165644586888555135319577159819940266591912505116906908685435368618909418599783836827675637619505391118391172480000
-9557830032064869854866780523229735587198207923916045450870776552335052517199531167477615079746010851189499893750220631807104352458308462428807305168494656015844415771122867656842135465956980893800329068808737115579549932501917558804922597955442400000
2309483828156082838400462885613062639845444526921754655883877436319326975584539775978264541718219764858850586571481883277471745573599432554226091697856667902604038423063158225653283345243482730257059105606029539764527983690259263188781297138621184000
-539926493834158727191744172254415832070099968764905087742440301542968757460954585304965006874016988569839237937742795276323685110716218884978450074972599665381061498421821711042660427963358279300703461187838082897401315687080420797369205472892080000
122031371871164137487475182758732720775170521057912053586027367459561806958504916373397737425217425234584768203903057710952079692648814928157614844438472704476456813702558635285463121733759846744196648493846874172952051288051135120757987388672640000
-26641416447131152479243202501528245288491748678805470580858413348015762946708130995367092373091700258137810288730348928886209637421461642824014703934458307589956262372052005371594965967685377720141899141634601490410411339408102033750386531186720000
5613073462588731529318444803340823881302887075339170106952608388100136177685187139873531711353918038683529570173039583291441069037412541367978648523056830364566604743042963366780948205571628603490947588925480841917819391681584375189004502988800000
-1140210362258869184974150101116137476122864785684864037057824287899130201484663844692473956326883292213438462784857386445754547627414240947219959647735401644661620559180045712816508824454057095519679695285536396413403917640318716682680494791699500
223082471085672720267455343392448942834764356706620267535114543182291174017437943236190205447831127134081767546342959702898959444965315723798821697172442980525987427073395265674642306470179744428690935229242862081057277973125506626710132617120000
-41992019869787763603448226698337506435960186237443653422734756946961699426124921281400449825675322212452006647139149189088759996599167344830268923495568936874789713110908678293391399785680510705747858713679380996450704970887412839333953727560000
7595907168501899517145519790767911332989299568413735657332576111177728067649737986778261932062462793599040242356487874862052532429329200238062620404761638438986585377307063009833147991022271832749030371656560286833169149618871599496883654080000
-1318733883420468666171097185897206828643975619516273551620238908190577789522523956037892696538622012777611153186890256052439675768980763930219204931382228895657393294671365105873810415108033304296706661745930605352980755142165208245986745500000
219437318201165986050870571733295216286357543087507918989607754322912144176547986284705344704026702926194495890298538607125962047958399117988475700582002888237390244233315153617402053073976741834971988514522852730735997655656290652132194451200
-34946522362101832153176487886126891637308530776055473756060740354504196998269361547937803070454777626424045343664635156814397490136022291692902924765237672507601244717987682778562702287224362561226437818588385735892457001787635207265397560000
5318012998121379726701716193764617463197864122810226121619208699683830331863564151053913639540631087330584461017225853338980781261335603348267695309784505672396519691113688280754260225174787266282080597256779851064183339721575999893598080000
-771968034202684294987179337057759805572957354308515219189909115323490280085452124358724060350108154473172010035934861611344278526158890889815368434459628058873219512344981315814054896049176947664404118524679607879139567374626825460461790000
106693783239919781349102492423241532241677756307271622389677112787570463965395402670028103425112646695047655418349659830431263631630685301425872929661736641020901173350956850773535547942976202520851485233222225717352278045513412744602400000
-14011274509771283682952385162027338407605450807624347766710490266070203904215974780386335234917685586647167310723769377731841149641418094542620833490289216742331567310303341808194048403420593868234133060792571625196096678869488665386216000
1744359619876418702234102770238067340383333020107484447366591097463491399800165168303224802660410469070813173650041660009148449549647619221815684128545238874831396008730639390510919215986134668017940461927243060648175525047962554155840000
-205368656437221344706161558729309405176318339036279083262050485119245607991061324113359597402781124411488809646325579020346924715177975346943516230005548382191600976241993643586335087329910632773886026404683491780659146724374093348820000
22802071423270740975410194979441219566691298417468532254077190458820549608941797856267829660498707750581664767159596794077963883642843135672326126341010485093589005397211858162982420214862247028218170937554339481855507890507569166560000
-2380240612105021501834520066474174422300191563622046847311923006319384884686858941125881856614681879553977251009121021433521185996458355578402217193526722891774928895357776258631810780254498786650656177774573158469355206218945130200000
232795909632120436659707660945605154459050145710096557773184824391727052745136678438829844136357748362525767940085652316812907440384289693281735227588766410872101755896163530539031010239014289884407237311238271217283517428907478272000
-21249307758990585138342256997984526614765020474972939943422881371853274505196229018850460103326659907134247791087218742247351643753189708131982368908572826885248446309080615630356386058966148112057261377660062224473025147967080885000
1802193664949038171089933163139474331493776270064360499212365992248683531897349434348877173482573485947019650818023324369559395897038128967651860783553376965181634379531954052176145871848496848746889922334631099561712951819765280000
-141296248879140566668293576399988372143742814073093352748898517143757732530413491154571731057065672714781126469460408567435869796661273424978622221195752927743530506087564444919135697053210551750865630005525811060311814269892840000
10180323358822877385451491133838930407411965615729178833815227173017238149266223812530816240308592599075780119970520470047850279029553727854987269441623674017076361939114988591558057897169215099913570334801765696255530513611200000
-669382680366891790716408167026900605767632791048075158441432021990519266198724629749539223551778653508434296642698322602367733312315206621330088538285307493112434490477621351941460190972173044761618063277060735789258541816252000
39835640802357145120505882438456430473697499282364961570804427139209271696108344767131443890044876482644329965922828255763062878038727133578178831321835277064507930565656811993661084111139717320545893119918647858735899324640000
-2124199682674169095761047747757025724705476069765998643318518621689137064127661043676676717128431779199178259955718681228362771197355948258670200839183737073384425660357046068914060579333627585652377957225578867813479396120000
100243577405732193385964496897950741813060911179362548493437389077833972069773428711615985970956431742843863520082194648317198664567656543890189929868916082851790761216009653924902585967244093494564360245445468079630405760000
-4121188852748843300624638972151588349450220836327058531812575191519590607418264354735767405934821528773453522387100096032172555292739733352705634877064263986225341851303804136903825384757322495699158435252942487555789650000
144592183567142781965204724618399772714170318945614756806127401804543670460648367530994032238469352691938180293959504314474711958853023536911562539354088354601781370057086209415756142043659556748915653229290382928233376000
-4209159675661503852022607381595803467446987549913690964193207217822468939451364569861290072764423252793315499385619904907818263027521693225106046390198452302008153251436277856041883750059754379280723140633474092893960000
97600460218479671410335770660129087369814459378941982509840913487864970882145104427847767884113892830261333241573726004722475814705217778442608787727114076416270908968682472025088983632177280991884153249745946460480000
-1690019859609524631287770107298608602643190326641905612722423665478042376303493559132619643058749779239810541415478460099608863319434879784269310905203446775043929978426205111611603239171916354868386422948187093140000
19425356142013074472318602886824016581969494973757751232021027180969444641873966410667133277085160966952116632717874599875636560021747208134391632805024798524326581635591556360425977905277320357104958022737596000000
-111160609433070736368125229580927637746617273278401498886912163704976168930233881256144166752952635410885173547226368118472010029185671778793539057929162316453493336543262702111498861319178788329229188358686161600
