-109
1294920
-3844941210
5071904671680
-3761134308092700
1783680334269882048
-586880376650743134960
141713645235338628017280
-26166096027281196363753090
3811851026196519964102302000
-449074169396212016970892198620
43645555637185564624609026907200
-3557415878566992861104417700068100
246535235324122014137603195876908800
-14697776656950845587744353795008568000
761410154281862471869991945931643860480
-34575754076275981388627563950997499523750
1386858620249796457636576890380494859790000
-49468904550083017471931849142368453995657500
1578619890351679671126467872908821579030400000
-45310337402819085760507444122165451372120056000
1175397414712585807483458414416264770288103040000
-27677694908015166214646643696492085923498988320000
593945543659334909014496595921697843863063356160000
-11657212449772189490293201418220128689013769516300000
209941733335417223844384440261577229637662383480756480
-3479877399442825433692792386288421387707110956955438400
53234009271037570969193444021794890693703294090489779200
-753492092960081537047372000395226915852073283829292193600
9891263622210820652797844095556843223551592215785238784000
-120684406483885579542636806681455217153133371246153007874560
1371356627267461528205612829304361052354023323629543023923200
-14539862209221513488015955554450632759187139867818309190170100
144090168009107964704011195907834002513450517404495126520032800
-1336822709254050970112906640234878613284391694777863522428505000
11628720644743809908182149517014584900537532979226868322447468800
-94976858043683046202243867775925448435331625451478704624310538000
729289066293057839063540933572336241016951093313326620168555424000
-5271184200069698522372698562115286251727090416143483334279233352000
35903660955109846608666112494092285054498788107328394045452240320000
-230703461424677708114810189094851739153313775332152011988309051706200
1399866333451345998079157601884287768806544026405681452873737256040000
-8028598466852192439096846631668559726199436459833491643267346836370000
43560248685484691481351847165440233192662383215278306200788547032160000
-223763777467533707015518657055941693750530682373937373536591993922950000
1089094217639512205602445374786845103014928595297544075840321329434368000
-5025994818171000325003723575044207197987135034537106758308477212630720000
22006075998800323740803990229890254422332082414686689255934627252405760000
-91472304618277213743784641680407537587966299169034037762190071699778630000
361165117776454804785955186643175117173644529830255176170579708335652400000
-1355235987944369009478818242359850309682383733735049523062483297558702065760
4835290260716549176456529522914037244849104594025859121114896194288640972800
-16410302782025063532670699494002263238158370140301519657718713896075021526400
52999026998409176350440934784474379528861777825850974131300880194087787571200
-162941110096275125508128594081897397968534238068845673212315634753085396288000
477026932566152896363632009649349869887384863582709845278766036817627857694720
-1330229759340244604177283776908024429899611170928188009235589602031299622302400
3534177680093872398663685306946773431484593298692557370182089702903717556083200
-8947857105041471825035257954597404671805672153675538383424749702625137462889600
21592071152642448529243368807416891480369906949403769727310513502456522461440000
-49667761448620032297406760303949799541373110957781282531071767309400684028662400
108919358618849627397699318484340329013062237413462850162199844462432029474304000
-227727597611783156970684032949699069791358273176899304566493275219710255172992000
453963404460677333825157991609478216223035187043493902174375105451838634146816000
-862818628839446543903529044111276346019611555452539069440310106431289982136953750
1563488620685160411864004345968267859201454690779796240386985603511942272956335600
-2700930181509603328575902824474567410581025378355823395067049280630708357207627500
4447599888999551749795739291271107662957215325641845964877618240682155530514320000
-6980154064547955676528477516599141070519141785939203323338424648060208193110385000
10438709712157413236060231026714111409808084334359825175839021947949733739749200000
-14871965816443041183864586285202288112626578926156314194394329024211651272895748000
20179378334550764074118978415152479803682959701430110908481890602183633149495520000
-26068922975788284530164891675593394530336570432190866657813121404865700463381847500
32051713893294209090193351521577767116300470908559684432725008715458823313206580000
-37489267254665706578284955532451716285592497474310587799781534116602221205458025000
41694729945811317396222343433069855481362962524317695515632582654837954819794738560
-44069654833652716880875589795514450781461372266440362036519549360766224753262963800
44240611497706353664188144790504640082856820328867099821447859300941232877622054400
-42153653000033486553467895356764529677896283275220673514946291973628587605452835200
38094312276908967178586593464533239446136041927935362702178671163477845552756608000
-32624207123396570172786424809235419594417444657345894214162702601097198667915463820
26453403733648796421158936135517822320119007099082480905250049967663023458818818400
-20288548937303218789993550513216152543850939858710344144612508578708835808615206200
14701761691830115865822006700823781898519943645620850336755065005793948084860953600
-10053288004971699128768591600265695530096191622749518548021993856711422832972520000
6478630996698717113293641867243886282093822587615468285064415695065520375130803200
-3928699299647613068296644642318662787343265860661894978165752351591246468694112000
2238149211267077229554119658829181389750847191329646075551687691909295121285376000
-1195664164128602595385510463400868208858374848983825647540977786858051900407748000
597756607745141557597099032327665459800424744599917884643639948991022033280480000
-279026880726466694972176721139617667099432834485467842202173166312969667633764800
121301385172718283045506121978338799850013066555691852666081801561006014186880000
-48970561570791395695474293336482003672908157894706883336484111050798387343640000
18299555439565012242776380629380256199657667512509266613887923102807305803520000
-6306263729456254219019248417435817126296695062878080221739330675424201694400000
1995644233942056736788805925783567170382643889150116023632967136732578397696000
-577082452631899002120460914953689942390380421504455208656885570680590432927500
151615243161446947947898754571742112614413901791796500775833896346308805420000
-35946262877823271603224225755920115620889260139516933805349206786812281335000
7628632464633446070268991895961008110544807783919520693309493941084536800000
-1434945766597551205817597375630265625593478344155261842411515810318001372080
236320839906272524828307380752754264385554712104777952676340217756518214400
-33549200359627500881527297325242026960540591097535278364374711805687947200
4022488722541821200989982297832770128551949465177196161700879764052697600
-396075304133417120844520261389783671126833041828191005197063327359109000
30751969191673927931329645691578668706083363610424625891037297797677760
-1765309730209120996413992654954453659258078455742602678864280622953200
66609643064926218049685110222755173447418105763018984825693879737600
-1239222611890345448969621820845153689822507626078113829490361102800
