-49
117600
-70471800
18729838400
-2791916536500
265343747628960
-17431610087291400
836717284189987200
-30553254580500001350
875105563293333372000
-20136179011379600889720
379425521867318099409600
-5946968075378728821996300
78542205587250430359146400
-883599812856567341540397000
8545391967892846823075128320
-71601038168477173576156836900
523257413881743220044440275200
-3354338421704878605037970529600
18955264211296266909355844544000
-94823709217009575214052612331360
421438707631153667618011610361600
-1669210749026697481040760861700800
5906923482378029649354072463334400
-18715512769687333524429135843030000
53182001086343526943017832411554048
-135708508689264177480333965843092800
311254631726268456443235104101030400
-641962677935428691414172402208375200
1190798784279748821172543338222432000
-1985987750226558867311097278524300480
2975881748518464900029115589047859200
-4001747234091724772793058755975490350
4821205115820333243254814589384612800
-5192387862626569972190522633031006000
4984692348121507173302901727709765760
-4250065620890636903163353710740193800
3203847860306163100120219890053966400
-2123325763374652414691863181981749200
1228485648763769970367415910679776000
-615010627912362341415187590284062860
263419186256336041534167201073483200
-95123595037010237220671489276535600
28398174397203705216771585765628800
-6820842507592832089772100919947000
1266487300175261662100893800444480
-170580756403567851464439854974800
14826394399947952685003373542400
-624201500345030994116895500700
