-83
571704
-984045510
752248123200
-323137584422100
88720655178931776
-16888962498367207248
2357561295690442807680
-251411810048238627537750
21131007442079118225642000
-1434584095242751336338835380
80241860798371413589597007040
-3758551049201494337929387586700
149452444086591964206422985696000
-5103495960569183757314229812568000
151154209249924624705520122093125120
-3916429179510742326842636600951948910
89440943199899305734122496769144854000
-1812283308973268339952204294103197427500
32771704822652342723567838315528179520000
-531638981485477629833079257073655892263200
7773261117048434823500442289367195449689600
-102867226146064514554794076164043154659632000
1236740185801456167426257702085660611786880000
-13554758321119084696114522349421485142726690000
135851209797583914458338188794841892694463977856
-1248585157503533817351560897902888578861989192928
10550458944062782324945974116710279349505971781120
-82156316139672558793106086712393182944813721586400
590822116543091124352800966036330523722037322419200
-3931592951085080826387694428435092785079201693298432
24252323635829718146541365839503881404734139061262336
-138906130980606735282680772117861586365982153900687110
739812267848961491863680879966572268983192371555542000
-3668982466763059024960624986893043960277371856512043500
16964176891221196993777126470009959992662068730844256640
-73210371414043329310336009526825390616480671613898092120
295194485175689684290032704593189303289242737259837449600
-1113112168823843719500850468497171576461168077825356588000
3928458988985136808862962074222759383592077739491462304000
-12986012245463992863797629006602608987386561977606465078660
40232689931217415130671060003799159789595011766433355222880
-116889192685651503710141259931672728980541063096922304715000
318616295908968944672315819391904031401799328290150576400000
-815137662002646272191105502814101584469582682345617667825000
1957940537274504428611129464537180299683975391076091030272000
-4416469841404163344877561878183346677878834849530331988416000
9356758197270930038038474237165261408996354502400160120320000
-18620111256287853396009724122136598767468873868708651975550000
34805105921790872986793686738920889324614871271455406108400000
-61103843956296056615614996438849513298293868004167110963907040
100735595111340826900329528923408963099993889274074806541035520
-155909195836154349326138712479462466928060069013314743111772800
226454082951765662246580970778286530817545418858783962939136000
-308539805064254107032121466701691490719515757587773897379008000
394114977444058799858551189201763940542217813989804409742970880
-471656093860826746131741904679279358690989622418283147246610240
528417415098002264056491392130679244578394036812111620799526400
-553707309221301421165021449839668352300487211582251326789040000
542095521351966458871127004037227734742907330385611181182720000
-495264491590727134229760198966233894324839502677298659697212800
421660282010057393507089575470311469288119200344445620510822400
-334015493943971062234414088789567748174381624622486190024832000
245735762740336483175734225060604138238648108817752500597760000
-167563472981874950563922287742741054223765665998042659709361250
105654222964192868237228159656014714426535321708588318453429200
-61437591085468442434549799910166499458772720359929800422988100
32847007931638285106464584491958030452451443275524954558960000
-16089635156825414309286826097379960850952101863984433839975000
7191502544365570604949037163458213965726963404024128378800000
-2919162971580228557804823452677221954659373512368161499068000
1070147425407709259040530398839021260109208936888784457504000
-351967855000027833075637409340380256266628325114849054792500
103034312966793661024206109696189378828286768095170674700000
-26586465343696026849379699233147478503354492936171687975000
5974274167898982744465055969901940058353791834901513528960
-1151206223835105227595153617468985333266580732729464085480
186398713928436670347672031163809397864044105822277875200
-24663209190070926960860615563258804286744823337760304000
2560769036238737489286601327510287642655126666058112000
-195658759175116036290804382680082915196618271828502620
9781446884535598217251004041924584085427647181793760
-240026581788871758751697749392854903940446428464600
