-265
18609360
-326691967140
2548778129411360
-11184197730490135890
31405227227216301579120
-61230597051419027542690380
87692211809803707690527349120
-96133957387306842738673270962630
83249633419447545395820961955589120
-58378805435387591208819449571356870400
33823039473077782595893212336780182169600
-16460780759116417236824945928985360740470400
6823529330536448082503008355035493680676889600
-2437984364735392463110220265789696872265928070400
758484024584344321856512971579016804704955399680000
-207306127797429640062415453548485260970316501407070000
50166648282494945700363623388812682391764895648459680000
-10823144696279874072225671723769738616872709786182037320000
2094593299337665158398820856812878168224916887816681039680000
-365637442815631174212994165817398045240762054229499383989140000
57858601608721101726257562057599331494515508372678877578907360000
-8337018047094666023741588089791394582146706754997928928162351640000
1098406067694347529661046736306429181091298438556400103170516559360000
-132817507307020158148198340515636260475395564144122761780769631671640000
14790557613709764811383367199821253966540050023089510751906506182953830400
-1521698951887426675838612138136639633311973282627000566988676920884994009600
145064458656198359758683387039703577443962819272216778331200399580004861030400
-12848751369317691709187159540081704236334467006482149622572559881677445860729600
1060044904885539502437861923340105786841653577619212210954309744150187756957030400
-81652903367988917785005308706169815191997371409390985027119470014679740278940147200
5885126637752741312654118316570391341788247589282057426554009335168342903933933772800
-397711570760866651930642228149402003167078634204987945288050781252914548139777491222200
25249024018478674791438825606370116520623644127085442227212744547935261891819703060732800
-1508585501671542897205785679763302403082140550357841184421589146350640660558905770503247200
84973387441090987679346295431565604745034855489543707530685429467913637206991427073244128000
-4519390912752284482831528393366038248048231137375585043505104913421156712222771664144787422000
227309847106260993681408122026013096864579257264523947228332727478836498595187118850513866128000
-10827284344747740586150229945340170924821763084426053749523513385541449591326568713058998771572000
489071494820216153340476921870250560959207370777388295073808983326916339725509912466801743328128000
-20976582082523333451868892977091215466141003637248919843400088425506021133539448589396418522432990000
855335420740320861466330398704188145693735248846870887415833230837528086006738824575602683641669760000
-33195645260375910712497984935196952745090027704821784480371518603383225791444074075550076714734894240000
1227574602662770833357361935061669465061263241938828737495880452149773632620757170897680933178319701760000
-43300538244441093718564508875736749018372213599566464697756291423995811775846532253838705188953653984240000
1458319362109077823015357780407529028668140724686633527104681024748895981784065925783604787104513186037120000
-46939826764596966657728262318419846225689223354292024053673308088195915133899312920224734614792669464934880000
1445296178008522989674986640945968429554766055077196155742256099106714967744362004337711883005766503543237120000
-42606754212897955721230367899171493795047424143619027818650076609126383387224310632214292016334490749635507130000
1203565388477963743788724894791090127095083921331452287701842064113864151126656245030946331410191795336642497120000
-32604586373868037819236557399890631543005823428869042473842901516844579854021117677888336117902095735669645246980800
847694174912130791806248734183084993258064515014932767493714868194962655920155348654179485442910927346760511411699200
-21167588159852804435484364194073994759533200487545590012552929591491151438751778585975907188088309439859695447865880800
508022115836467306451624740657775874228796811701094160301270310195787634530042686063421772514119426556632690748781139200
-11726495402893270895045407979744251138019919272561367227612552575091999277291715760028414295662847901954866180250243380800
260502641677496794759355840078946669909070603344173182709277201007002430226116793082284112617700290582270085062088051302400
-5572978867188004612120670904035858781100012024157281458795503232895021059132636967824412892668652676936836012988018263337600
114883297201841734965033565549001439742368238020916615261399699761888867484292857358266505970875863862887512713415054233702400
-2283356758089280690100210828231802991264709501283146793398467694940443391458770730033013334042428993381843634819156938501657600
43780627251338968796336820315858505845725875022591884394882886478340980672083939559127676520346992454546903637566736772006502400
-810245636283460776682205737095575819992079562050051193835853419894296621465997909201911513380032881190052070792467732620814784000
14481208222358311070269661472669759293940677020848321578838913151478178584782242664220350251498443088057840074168845495892143616000
-250072081948066349416121331482125726246377752684946002790037953670206288406979721720502359532965179663987378242300242680233190784000
4174546702330834982845687815238025225039053762129952723823823295130558791809737576798590157020947579696938204288698634170201634816000
-67397118866805611958154904671356291529933492733371983318785549483322441978414584037137199339267149047309283816261560541758121071471500
1052830732593886482659934605517045027449848643882260567820081956425865365816653857148178735240622920028973427662310768226280707862040000
-15920318531962054344886876154913277987395335244233384146405183284622434752290443736568729364454681156884400988679694213107640942645710000
233133895971721453422919066812069334323773614973251445811559618711949291796962488186028512698104905441958784449064018443493848297117040000
-3307486312638602739186183759069757872182930993914417840978400204827548765391984469613247504651466241759934735865711218406496527279233335000
45478110474810646863701813401332205281365972397734393938628437514982283633190689207889442269376934688210957267110464020534108099518532040000
-606297462605511327830881828661638022450047376914693731436918914421677077211873831123546493111642501736200159892651237171712369714499613370000
7839891648973943739997659416679272536279287485976472166233708097136004483431617498106973736756458010944747316493270827970819104834346914880000
-98363115883664019057327886983070325044780311993710595324846953770413361806881912363884197301770213250358277432877860324469530362178001097745000
1197855651789502754877904025830987392401212821757148206830787748524065589757817336229429324093766139818962426775012502086090193729387044330880000
-14163614974017259655878270228000475286812660517887799350636719490355135659464739719415507543050997769747625670426458089403260400617984246417120000
162661249301602662003508667862903236182772954569875882320201258502567424640252833044309651072194569942346065477253189791191221667541650189963724800
-1814985259044146461818582087101151431569171424701165294261539284839329631343430546549984886071999279469228111832321819399668117252664787585348355200
19682289123883022585442326509066559697111055139582749832997120907071940964219465410858125861846055940757883399961370163623049631789059737322914124800
-207501924177347296458391890962859665603616072930305252636138779109221131720249955772164867012601557215015022872603919077078571077018750922358486995200
2127351885365068004581596979869830611117091942056185112108749181625445424128901325128376358105159115020913511213057067493638085529877865569009042124800
-21215349075535228967565691756279990430398186437771252309428268205819383467972988605674784540009653205657782008308338645747101688897571057803437830252400
205860994291247495349962231362872932595773531683320988725414001989831615470969722083779832793045962762535746650959011056674818156069953333942701726137600
-1944137269257660202590415177539231721113059939830839694386156237411703958063957216246594759397860154875636889958737085233478231369511913542340199629902400
17873984335274084278018077469099256828047142451607789647792363398564041499192741217621472736423700213268012492731393820633992925245958274948128739114457600
-160017250067308479274110535097155747529890864728686573733191015238646816533801909010194275976069829757926173632844305024890688647231000321740128163424202400
1395306125154385355608161067283157383305622765108270469922634458136297500571559898635604067334588134913404697421341344853718115539868930141124992982107232000
-11853121760049334438548560261808206494822738332745744369222444614689756038860267289261272031715094365667158428107822519715286030456250001600424849117470968000
98119856916059069702959253767189190928737414846943765252741642195534595636256956966039669760753197592184103378454713673573914853252318681500359274184735232000
-791661516008818018351058514285607933680067460879634994415876878359916977007873312008667950196490255521339742147369442799402346842207918845405984996169478568000
6226951028078954401634181249091089092286696513400426548679054794765341160901216870519889908981458007827490379339692685793960840507123112705993496932375103232000
-47759176866593215086607840753059741957816175419135987572430404830221829582838036800129402542650997374849733310676346679623434224259879429241956295916518924480000
357250869680503576298132603261385419132346959324110568069874290158587249327293726789906498140559519549292583045107549658567082428155291796276263832176409643520000
-2606825491769563016983573689747923543363998175190972683667711015416411520049974936232445088806604027278338754897080266359021925548830219356074944534386488184480000
18559126659868494893488326224987644826706156970234632208292631921063817292010319883622272955064799350640650615278369115657663786286827331144602934980851242507520000
-128941401824656748870117118450177289301342719584170873317663691829129320930197094537764567048265387883259268970272046360469479648750797083707110635529592227964480000
874372719298503382919796969434997241578080270199585312691525533511658109798123233873816233058597422543542078779019306067671152853578812357105282093563550620656640000
-5788260116284981867247601270427489877543088021333170610025746666017008422382128946984337517651038427946935621118618581150450234857203750335789513373070601108467985000
37412990459346100248541834292944863895489471899819120397420109388935103009415618454649747101016638647467407453921767204936314324909735708409116276468983066958506640000
-236152946130364425569226836388235172241614668475524250063723912043589637602434840310216817889497048255739453067908314215997949884459921738803523302355916545407291860000
1455903032035622900785120126713878384606399829401599559825574294594618943219010589828031935940717237404836313863411078276447313929048700249511691870375869945892276640000
-8768176010434538919978385963134332571292042972571133349049521189196092585536491277239322334202969562270626700242393218919903948137695797252684164289338676749136236064400
51593078801129572015761458587508595065114556159749995896808985379894741824746824078522996156082643368859140971997785567341271893247431872786502722998065359591231588425600
-296650285175160719680398521161414039349309675512534073869954855287455147125930388619888903599867340346839933879842323185690333133982566518835196020037222979249045064514400
1666990611839229094586354815492398847190917675120674083121050867453758700260106140820369203224591513066001460852170792632492685466632546478167503622446892744925164536345600
-9156272675550736065114714611093557980100335443902008746684403752270742476308491653106260539420280806188801847981380789525125550192970872200578145590416739190390079506264400
49165654638784904766874476641881055094960531363174505016210131712873283863715438173595521445231802605567081124761700021758497285389920692451176981310899860323908635534771200
-258119686853620750026091002369875539248542789656666151335103191492584740284506050411376487587466963679227175904998925114232110748297083635368679151882224266700520336557548800
1325115094288445558872698467577238596809533671487484471209016087271216760849168278363094107296790833890318498645490158312001619472609781444006418537080060572939975832081971200
-6652954821384230141730460816168610208141555327158657246096638467651725371406733843383157923303100825055807750272509358788505387340149297937453693068410959123108532639107708800
32670650290282091018358892842230569310984841680645122326930584526274914996158107849368484629003965536323209105454026262869839097632663129270498970489299638000054223406792371200
-156940623811788970284471954252450565388511894436983283905193407073531358194354547003681253641393016264362523078885560043744578309908970610648574599974424913946541465745438560000
737561064945850867247144228474466158449508378823072808314773073872718104446547008335456481685838910297187528314243118965423753141544439107133760541913732669195725755419517440000
-3391522623337183025644334043577461932838495918279150403093465056923808432922614635506813242994329893562824762491538372532255062576325318250843625782694994745844918470850859810000
15260656578154999445643422101009213941042260277284584976124843629932989061163892747879979770497471874426005133817356780657314345319551060021965021769169364720594066540935625440000
-67201609365284123058997184011900300448746346060997192489892942143539168281113297789198473552308388573524611249864074422917624089588533980763083735828546750815241446142751993560000
289640206716158413184335689125014527453954005707133457234321187310527984273985480074428203590289463039009666634574838722593918571383473489867355231926439682152647442732466059200000
-1221951909562247098547975084418694241158852181182242808690188724913151243998950781684394670750382173547974120479947905725545047813530648524545176067273487984254135157288894598300000
5046699770546511941230792561377405041869885814545933189576193275746213655542748293762067141905442805442929715498161647899730792839927587477805981016829126793614711465591711959200000
-20406078984597757024076045101846400550295636400800817617518619478439211075891430026364416989113640863921458339001867203275118024108069743075837010717358278340082007341588550345800000
80788532744332225817230378687233712340355522856754257390619580710346439499948953675453334798225207357876748839615894561430422774069262204350238413167006180132643009646128132659200000
-313195822253635174044922631264918193847246323852660167974398478691325693408656273536957112160480708385657604442469257909156482733501150177628615237156119444854499723159382153173600000
1189036034707059457285225021257374010436810304284288148124374362378160463248873048854465140518281517308134163331071049219490057800623450001592032603106737464844786053691079680486400000
-4421018758178136080732440063249417838725041591601504327153386293225596492653579911089421885341455082595367692347809925749516211283546247415889860003260545420718577331182346183673600000
16100234615677347181177507946644849312075807490969428409600302148956141473940223331441786515617212587128982641125978958893208088894062003280181619851916386443248776299743707140966400000
-57432477135489517139724579433241632408821928009377092796446863460464061114993971742081851495518242273116387154209080379574243656851613346638571908640593254424151413323663019834473600000
200692048102254568693053570371519560289387345235967313067903919676245615160234934855530821865938945799177903271668210478384237034502277678493825677553689068259754698718208056509584547840
-687037800598981705335019431602526869625088991322095458423249567301856446103779823284406943662882071380670185494576440620414770634175125317993255968088022623510292776558068131975271516160
2304296413987383863339525771713701626836060144743014192997960728672653376429417404699192635897282443636228802437510517192755746309525548961632040104760969176105945690413866555107836067840
-7572364698821700109012659123220056719389667617987587107251172094266621730977555083399000897787206057606091000490600815196237923404001775002638590776393758631025404169773742016208557234410
24383005229352922218696852740738147902876987539345403975418953518369248172147185360786735418966988125158631102114557663690596291549788541057712051448968401086765534344880487482514231767840
-76936316796168318184142584165672292125497950327549921123622230554262731288742524222719092675527493596099645178713537716940890369638607926148076635711020117630282373901819644674856296391720
237896900790855756431638137997041810462526847863242760591101336876137612790969833072336456717801463794850624774969708374322673886982290716923345877126599354462636436613609791097638512425280
-720913352769626652625512243134860229237366855717807679176465891207354344179063255053514534616427633713952470083974722903616362712726809696066895411969787219638525395410652581482232041699220
2141099208610159184936056939642321047160060214369989498174843804650888564972088143337183537260932905466459775472423316324517453302946219356242321067513411802302536614466280966744900364221280
-6232630571109624105447914913018739074070460422416182951665232280312836622996551301185745506186884720195276565168639692635676251208047223186201263080745072482432127773531857866495277185201720
17783088597953385650660717447296265122176347981653855335341129139987243039551202615180179222042140216743724630385144802033205216066856274660217595621330247960848869367553174708244412270534400
-49735153010571512020059918513796956017790890178577653689546997690441181617265579589135785628082713628456754509363816796300587836392863766863018815089521647749067428823213569122122361718343100
136351006090466605706441641379185687508735044223394520126236363853127041467207505106216153512633817063555371092430313659248923635219308326906254789772839570918856285232419277145715181660134400
-366445118815173878736682926245962123103579515773868669112628824740962776167462052029051089735880665360734480565095351995065068293119062144475374206855896979584015098428925174521888716264825600
965453254395093997371363163274388277752942998341338995523485207526213402930929470342467608918548180193718130463517095282686829687538571471578823488732083217677382359630764819826211024933734400
-2493677092028144572292105109222750334757282616889300339202879521990538445070321654902419525586811307260560222179364946361531671067940825548401935669237842494638647038587115765494996588636240000
6314656180326186326013467110241443732861558073772694345195400968517261077341193772667743503653861900946916343513804580233637666528062618651413261371767513834821590790736369201653845795397760000
-15677345915657072687292212706099827152885462146951738326464340799689675004601145678115448697501288465746061251370986465536408213849501227549513949490778293497570107943615025719301387341966240000
38161062658210496849853644660317130244120825655370420408728496632859957114236717065571645281765569693920286803669725771849002653067278258228011460210913997610399026505031127204457228047029760000
-91076043108226238358526573138234686470452138351592724518111717296663118133992134011288346515687513434723238504379391335022921117749157683325909488540601988220536141141371790809287411208499990000
213124438569547249809251243681386281776278012218709253093512318239991696180376361158401267470717035005392786416906827761385384969952844614489167507072419396929863407569821265532315844540223520000
-489008405235409384543097629818583301529179081422633273576214766973154150332427634072820772693061524914559757499741792033289444243545865887129418915528474398782261653257289748354289530897813480000
1100172734921776233927864980853359516272968217985225564726792406458737663592082088855766332789387713232738079994791381437845324695461419592238596418035647710268796914931574733027541294559123520000
-2427020029408105798010790893892219922654588078034335487270057335303719076078935291070100665025383660113181919440664460484757301616571916367629712267891733610660086547042029888359378327903186980000
5249998193427993011290942835380386899939819731522045288079691611667303495771126905020067309453584293197398698221632811599476809730834183669161267598451989321126976097254467968045168452737383520000
-11135829501393376287282677636379065102205684297195093838826812540747647081585645846314787215274324906348704572116774485937112477529069396249365399828272052904479330410731977056664696195861850155200
23161509507218081533621056279445672707644505596692256050722457696259655944788284225061728384595832830081179142496641078070331219435050526193145244570675577252841005455837607119655565650302722764800
-47238291615721226625076081758299841744153252606550198985720781211281650267242414342500593109874490944695950587499317184892316369070248261978323972879795874122711262901857855137001813928666663755200
94472547322893115711032587619999375927817449443729083502734166055250618946183983504571223334268194628855808565268402466056588625502701637523055880829617824038995706096517465337856248489233138124800
-185268329542942988640766344139760118697371468889289759851098976600761133267333061596141972763260223646207404307727615546206184870277666995258888765453900125578919349588587063391733692907140496755200
356270419350008993764970035348883141886308506251204449744881278624564593421468780259802669788246507074080419522040201383339260811938739445617509301309893269583603494318115393494197569711129696153600
-671798704534539888021067963187249280819395588566794912653799186176966002116937083224115907047700688819957115854984500381330347608442505523501885450682515296183513344459401598128502312478387188806400
1242155777429761448190522678008116890041168945779554746201044736468067772018399306463641793971601549501333340590156744264656250663409291725389343636671115142150180704575507616386247774494501785753600
-2252091517475101462367859594989800455061422354387455029955355144098750818351416880702246884992335272070976138777883528367353251132693797179252006182477621472875313606384876230782645430275422421286400
4003718253289069266431750391092978586775861963355475608809520256175557010402518899026216684430818261459513135605126272653072446458122306096448010991071327062889446411350891076946925209378528748953600
-6979137775508777969317064890723600368549720316981956993872064118431024671453609604259567169637705660844952096733545309263412418874754215216952831659240545710212560394786465402685802244863939274299000
11928695652410821309078478566360032048463670727347271426893558454649439336602782296482229230493766120059980621645885242915251101648358888583460447275606386217555544760256917680667867082923188364976000
-19990701245567761469081716423833278826531043372178796853612467398031435431455836312360346128118668180397729298910519694736155262215991170507132065677047876552138028276972241141344820232207161540924000
32847079437559042293433377703295781566902752435388518779077341139239728450285520345229525784528908806633417526938825239692935154778174208275033213865678124835715975853795783027835051076714812158176000
-52916088078152726930851235221077592188887914941736657130377829945795590200119769149258258578147423025082515914066491627403896018790285182567999484071459230778061329482789912359200807856297445568174000
83577292465034610028525366924016031740024989623312259195821733247721226027737376434090178837845332968909024216891061156230212261082911399464608918827281797004835157677133745874954443997090547637520000
-129414991007060595707183512893048340046273997758640977922286164027689686216342216398105452200320166658817649670145329092581903286694249764252990200226494665277954396244941929261809811689354644256980000
196454267247836687577873756744239468041129333038467655395242104065268405308726167070536499134165964203367062871930605344886781797321085661709440751435651265703592001126819230421599203545502464027520000
-292349620134509237349712147711692244089975663157195294581050298074168731978876408132426427867563232089910005941183296311316245828701917477234205676057567630768727594930822509103514319306783198399230000
426471572188795660688995725718985527739390988753243400210947782604326390853538274865355368883237789355905272488129297206494172690278235698031789688290413422791508228535338014050237057511915380347520000
-609824834626366113424662573195054565184440574748366211547315471146151837440223848055737391664352998101480463168579349725203172540683324921147533178844336840721767389073454789987060429123872079337760000
854726617500324503012768745932974805906744383416676612087656963491463592409634902661206568173860103080984757788757432000879820232118100905178020580751557781202452538346379094860972081228848989418240000
-1174180112960745272003175182648121588928339591888762648453706958263134527417522041612158468670695255858379581574259423808401729788179818107333015630824907375130099838119767198291129203394458213187760000
1580900191515459637162616430886053912508148357604650328513835263128446286772577372742274638429427512782560847977425164281578272028617526494473293389679590617402602929495610913239311115639783760186240000
-2085988299341098462313692819311235557893645750361612365365279591977748074721815743945076282554406120628567952036271564535763323730718772820970854724016051181616349069573925233617295539658267982417760000
2697310584617387725963175041460405815268191729447178764684573774443063632946413174211429250258105547000531947775880945489509473297517172366055374598237898017698201572412324546979425416178527742163046400
-3417702193170449730640775348730612985648930048717468986799613767856269516061265840477285209303344028093487810506700388349617681994261734833267929933052662038243695555126915229351609896681012246647643600
4243191436227067979284483959405851533397196947713449957245931153708623291414312494213172635611186738061358545675528050855333057513766939196105506166044761806617727419075504955819216015235234202994246400
-5161496059324183404544984732971244916950554461615454955252349217115391057770452526179456083483485294521614054692605940159556601743406501816598356051809467390129208195259090913465105556217054709556913600
6151074109086315006371389689578165971999624592313739646432873584043384792918665436772770858953634483505924005629738935084813497736345116112636672622024677844783049396953064119089653586298555507934246400
-7180999326425613120864130092848584194163141981613185250812451954211142894819398769936112893207445195636159738053854173443921930613495494350632164874323562946880211217276223774832288484621693274309039200
8211866510949274135711784432663208029368088617537815458515848112468064387885411175388008102045838857462015458210970139919510735585116302931903282099192880627634084217332695812103319672411315797097580800
-9197816067586312634616680178608793657094114714384449080014384760918900400161110977480693412450267704706503910007402583056206007757016059505993952094015066542864755420458288471345407051265916779015739200
10089610650029883870682264715022026450088369259984685162393873766822440953755518912739429460413062032312046571651346450809304067035795095763151895372383095479670329216338370368877687402887656209320140800
-10838523444321149766447403279201207465833645487251388665852516393713532462403546412376545074603102937534168884817693143592969624705364834528889156509871242896388533886726435253595008658897128091823139200
11400638246765855123217137123484104273776807524939371569633034044519712743507017409658308917040517333856247767814081904144540730150274186794448784057132644098465660187645045117002784856692377247790592000
-11741049256966720204217348207093743530188284059026039705586061104526328053486285214727595340653156205571865294237713150733201574590245086174685389269614376707834229587975642053234253140799303646708608000
11837411210032276802879316777411336380803515764963883893166580980330584856693427651074840611114635110630606617679796815529461943828925069580906176444551587555017403939308222603701187587063406141678592000
-11682343266668624014294744469015528075452903842171379415955848550670867201967050981698209465716658762276657691016551401156721425495041176778281698182503506267161670065838900878216985180634865030214208000
11284330563901744155797034325996242566429467096953648424404148775016029840616755607976121032588326024847954899662246005025377678824246263082159841944209316095354168806912052739340971884119296296366592000
-10666974528896039316248581617025534004969683232231115027224143405745762280084398479838923275265280487477464292270751936883407570356714784700241124829533044646924127715675174507756528131456260003144320000
9866680971000464644266663142044067308015048682558228817155546588182478615694962920525331734342579007413161784994497227548414381571694407908909747985191279256758525414263399813320256716314246800967680000
-8929100039972507080007056995489695352178006702984621082061799851572148141769738986318511067420865295852606616460542046664568472862773902513268720229328512024867653166917352462352893997204849922067132500
7904802891839603572453293014128384491756072620409161717148645920841986553276568842461253213757965421784089661048694851695637734197504153380696107768861902669388056882930189127185938748740291847568680000
-6844766219634414943742171485743169364487157259711823020516452915142934950173506802183276144732658495337487989263362645390294880427315943631722432141551720323432016839138376380748819159387218913285570000
5796225437796927315936828976750297265916803780742161768852854276597041562014120158587810436828181552922212051394616099449506775799068333594778759104745966980000287763846304259306034896312122261874960000
-4799357948534008251578368203911136134203134409142738018154946940969265281291835384332560968999053181406253726124826726035749714478148808395364367668754281124188597289675840592051896710141407148791665000
3885094419107536994810121762840378592391601705728780890472720582789828083100937937957477270789617221444996445668209859185733026618710169407837537032172550073372387138355953723102950012775450204499960000
-3074163707150670980410284338462182030266806359387116416777733527158536296446132939837233507222852663668126587620486124931145398906718910447926952256785651357669748531245282125404974297171391714972790000
2377293234205756119898097209188299853410032018127599130006851128398348919026448199529694677538260144243143067581368326302148852203716065593225296985222691022380201990375382434999164992716767250304960000
-1796342200096724468097999703692909076732955443697667092611426883896002401939359920769625540714847821493724980441171441562061226446432952063880865034458895903786040128977398352446244047621607253511685400
1326059002888163920114718525851769023154963074004089586149926867783331492671950453628209997927764694641935937642075618750697111891745658829068164619383235846501692057291203892560995581205089347509529600
-956131308792585792904988083253722586762135295565981759487231604182271244140316005690509909543985027964424988269961444448197719070852098529801354555114061901772529213252732813524092025160154242061510400
673229295928696871240047907585479253985539996994407210397765348029624169962275454903439431564179416423979117659763674733890776688583670822895874779081987433372120353605797163658789444103157938500249600
-462812786601886024348965075646697807989050215638528351650078547716731975164617899109296873741340083729181530592276503519364696998358569746545273009293458729367142233667537751228236909033718893275510400
310560870485977058575629152486302871749939704485580000393390007034190165369237947766381245437377521978891592211830991058800343970344120567580647206712088903465875335857812363703421316710312261519795200
-203369215523018580468426772514889963782144274859783736236495308357835576054429101010462070634821471351480310490493246548520189428595832935538189396439868002130578040063925623879592208739345542354924800
129931518685573914418157980918285786097691466978492836780561869859369103831269132751345647405980830351189642231738036302184151457379157563613934348921511037044661588947000580627966027362326391922995200
-80969944417570227131748273935325052676124714340032021367435479227035188803505156437431351694541632005788275337691595708745999155011082356522635077229864531013339522457472324665093196738990427437034800
49203685918820176025849366620252929150776182263268010695204032888496647320350744545115217128268883037513884310425258498957299548330261900403764233648257231089445852524235832190431396127372585469395200
-29148442055083380922342737028437818005987024073194484793927559165804419756103473951046146201270398398073701306346028986060305004538051976146220875375526534290516392226658982221655787388381151822856000
16828722503624429442912282127062861885983928186190585052966330064415372642368403549733612047291263009008926537551230409417894473094631477164988688049516723285717601711418038207260402035689879527744000
-9466156408288741561638158696472859810865959604732204092293560661233647111332226996725156776601335442567521177372567105297565641115730205905306137027853156848216150962672646491583976145075557234356000
5186157589641053588487250601942502666113079237700272541119459185691188534005021804108543208781388035011975277938075072610731811932654235226306273930752673998088136135427082395353904892371400088544000
-2766456541124580708209342408831631531803572641666956893768173387353699989021064670551305835603994416702496813362504060372250140486130018175024804914279785856827999774049004188926992370856427040856000
1436343039199349637577592597338218642796879251487441113043508086457302319881136876002841320811159891852026468809088100571855129727790598944307091788917574052220053965974604662720342171996846922240000
-725590901296499305728443928469317455248620693550829466592130531758233847249625236422131496274824834770670692801813216786223712974843463359875982646883537012105076558728897832983019218359775486760000
356500904508394910432017641679927979881332973008388170041316060709688001231016361992449070861864711020710508795318451943470275932510318084777564495281223052349021029598245455709297981183965802240000
-170291369271211868986559054031143108140858088971118168674941416845607005217265012069493021581415512264985044612459476844725164841846577115616014889474350738813549499051211389825283508771509293760000
79051042418929151834130872562068559030213391982089091290400444207806225144538025243743721617327306875745439695831984163611289798771339065116969110303307788597920519732202630951608849675546442240000
-35646466958535717743386493670808807868479489256386248293656811876763860821891371920345180254094389928990583085982087900223479335912902378020203529594415134011355688908167818605761635210099196320000
15607052464964431281599000443409748929374201966760785682347971277670776597844538341652737137928265888117250439398066535459529537052097714043202069508138105806572962298320276674630060959701095680000
-6631508921126940903091564570356374326962607811580586254647529959534610273830502341785365806455559937567229556274549779219584612357113428897384435873101210812747431285795083878001544244726496320000
2733202092288559608071039181041731146924844853227607550428437612874205638006595266287937774117982595273943513551512644028325649316724584018998801456998580643448920180048986288956537449776071680000
-1092115129709289931086899404908834258703288712977525186912861641033859790266147729867005429553799287560732093096186961896601979893794068578541672720252003812988428744614997730135714670969396945000
422823832934362126405989695530136325344878198012039381007251124232368432379585096402830744084038835282772326413536087963918988758881259143494652549470405426855766980631189244655012494834571459200
-158521684878614228963667802484661690305213262857947805366666375164962469880896605274841528672277775409777728845109298857018652904374211593288023762037136688833524197511681471648109371595019360800
57515601321402930868146737473136194413752783139439775061328466496228111100414192633632269596865945177690318432109364657393326761632871973997416838189103369644890612988383178286655141984911059200
-20182019154041837141540947950282343072892900070146986320669678311743939954267761000117078903440129770434154711451733624105718556843359835289452149611561914544714713594973406339005779565765670800
6844206415504662987455697228272176144778462173633111586865039932420324329183231853436855346365997365370626177770401608876567929957520095169573750094239566146015645517305296587267191392185059200
-2241509946098644352696974564835830845147199568207819626511092945731230983045359014381730035459185337524500917388888617651919459102344719259222404922168251105476768593332972842616334420975541600
708397963512819069430516277082353242491002296026248949260378767954338923522365293351576906691848007571319568052439377974212810072936064646230892161081040209942846377653478270982212920959718400
-215859746573531241783031685872987431816567491400239837559814807023244513315441311984601903363796803882602783807001676541228156547380804032826115902457828115399684591258447850817094123748891600
63363497603488623276435243715521150019871788814570576937376057115114011387111067578821049052394884169411077064384658353644603929692211922619996371669545374698546181478653593741295878650598400
-17900685667842163661757191632613716664062325611304555749950146605188447697918421805405486299063051779104024236777088904823733986931273764172122212604211363160417321960941128672366607254841600
4862114712858894611613542317595396106128291247977697351729329091495277781236330051264505106128488486854873038508942210454613124562591334768344648059088645494001988762591524311190567837440000
-1268343591337382932564872815504587583056915102374819822308162567694895340483744601314672412506119096982089384812130518810957233675127289264027567359424355974977644619572182144450010056560000
317396384479664129682420059013556998832950536398733597222018071383137476291896136945272934006053339514327269364227715864744162732781234807370106051453092410124548643784055123331185197440000
-76099150794758819031441049739833302753165405600437839557097440637214710569879271164708560778479810817457782734898252403768986548864874477771580578433451875254245730019618187803841998560000
17457734843831858066000306643629761371080329038149497550046477864709328746130109230271546024075198980269371771469454307504924629056307052690232872320021592292355456770313487736236157440000
-3826456638947520973667601933608085717185575592129121641828763594478390198262024809586428273506065748713555878729198969309890163920761745489829687726393621574496313224395968449131623050000
800063522036099493883014374438053631127246948069352339291136603903954314968647738289932765507785032151261558707449807739179872086460815709586469374654777645024762448943107743431663200000
-159305046282066733798405686434023348688184322475184714645071100644150182140041685612302881951135189876303890377835738816449977603992547844913049302948045934680584572726001970428191800000
30151115128933221848481463726509254093026943521188578483519020149350919331353721119800454007449522973421603733555051178049500409866732962704673051359842865518301972680075835687403200000
-5413283888960749938498024149634799398689280423575394978002129910917965209836736177263286967307644972166479479776436812049366935653478712683926535977985763059747544107385961563804300000
919874979881710110332025761370678115229165519707938838411024158123502626244643215461649763707421552954570440545100466187480928674143821230754696659316197971002498124037264605594400000
-147581898665997809855470257735936179204837861571227083451196932236451302105381072425757775726012225818559131589205836906177743679312287003922885680899282274116981530277576212170600000
22293674344864459598223440726686027103407460083601252292059055671968647252097099829136416939974899984327573910834811141427233453237096773068781891772816886660363254323757845094400000
-3161146168729886709093825224008663540075709862595709567492309841884081891999525357861256050558030416937447516850780241356446783065828579570968504132263528690248243056670983465600000
419303980446034552597339053277322123088057255689216552685549525647242616728828511524829756936004937805738107104414714358081617134132904927205125368683331880914848968533768294400000
-51825971983129870701031106985077014413683876803187165911933921369999187427683204024468957957290210312789230038105658694658887877778827049002553495569259820481075332510773761187840
5942617126809577402648350293807976891231128490440216608431781209454994840995912221595907244066990671570124248746452888211549118729452653164147338169113711578471583023409622876160
-628941951834328069463333999821797251920578460951258122720930988736883036128960790522582712701156530354352561662649752167892126905087101315133444504828251063222907368045100707840
61077398062806531578123141165965594181104465204471566355251715008646673945501730598640412163139386534435087617288675959249753329094680775748246200409511296989385745750884188160
-5404719225317169210420748541702795851880547334805756282505611646480932815966107322023034798179719104177102039914146119588270223755371265248104928360994171903286056520735907840
432211302908870125247026411639439268431816165182467245967384553044226845721241954240980868135863734590095049712473046087797080561752104256672750903147553923830641967056158720
-30924053945002624775441083437764445948437286354684279118973787982549738763227898001647328043961563896071711549404695329371345684113397474053017104871503911572904665886327030
1955197645298656468110674869204746873997700310635460788215333140776207195797660858678848156846939254644210622875653040855345873167762537686344977667237964764469558732778720
-107535283027437974426915159788452892039324271937329817103183922666632031485716549540641534496374085260087360890988609196734289430731005505524141626701493134467926424504280
5040040098362650998020620777491329774028942785154737481140863327378707935050056375960062975456539468071654606241233543246710782042877734520473774606065717785470709718720
-195711616245591107541481206226549418000384242766733519053177015301318170554828372587206587434517989699528008008627781819861180515718255223613071868948557828207997233900
6044791482519688352597238118945112013517247937951693664037293054916595922657607726302941236362147507050790928643925558183055501314883941669703956375681003956924093600
-139222879404807809647692929695999972224386238999790625296354529453748880509901489063646496338916077277654280901259342513364762362024816615870315760007453925410771400
2125509413920644320258551283941881054648062981737178509345955313842311119409793006277533289969428177437911790422441638510216846481779501602727427641976482893113600
-16132840908574679255865094542086419276699169498091245285870212939373602246438540236467158953079480972575977633342969851525262738017409268076257019378523293308900
