300
-26999700
607466250300
-6074055036749700
34160485526680312800
-122943587410522445767200
307236024938895591972232800
-564003830189359130479475767200
792566382373596918106283321857800
-879836747366067423199986296520142200
790973235882094613456787680571607837800
-587536227006998196387459668942938354162200
366622605652366874545774833420393532997212800
-194876185138211649155748515153771428773210787200
89289086378326321126443059463618823416068477212800
-35626345464952202129450780725983910543011322407907200
12489260732057306359005589318252734639734406711621967800
-3876899894579906611670416689722391270813887060575496032200
1073039737488727485519000886010941850621932518654840068467800
-266443792323412861702043546872949630326591160774795592513532200
59683409480444481021257754499540717193156420013554212723031212800
-12120604239589857768215018673978156669165296643977101445038440787200
2241710762626292785081685147974852628919422922277384737508390631212800
-379145753578330891822388377834514252480245157427372192532350128856787200
58862378243035870955425795658808337697558060690599532890647357505016212800
-8417320088754129546625888779209592290750802678755733203362572123217318430400
1112231804153659567489365220878872221566604583546119989137808272683822117569600
-136200336609878385801568069455525105749619146471530421879727410577170760298430400
15499042386462895494480480720081795707344415525005176171456327375067431824980569600
-1643138073881861235900576909062750087361618006889341857634809384582208268826923430400
162670669314304262354157113997212258648800182682044843905846129073638618613865419609600
-15071835301848425822842658973150657958200332430620802139992334533389915674047828404390400
1309601189274673375012937914838918889149250760104410635945271442815333141615312089950234600
-106921902056566101419444740997468427321532630240260104731432533748534513272873290385275765400
8217447635219341448537325751885021589060765571856114831106740508957439703473317137534117734600
-595513399033956764974613137651912482913362827462470689086939500965466701776198962354768409705400
40759583756101929691595743643730898830514611301875771608617192510525276477126506756726371153169600
-2638833212481424492692346497361222274833703808836049315882651854930873469279911921369915998302830400
161831380861845586824697670651191412583222627766817993917800635502256531125728448828832604671541169600
-9413989971910082627654454438886761994708057121749039634354426317293987914183647221516291932106042830400
520122945948032065177908607748493600207620155976634439798082054030492832258646508988775129248858866379600
-27327030614624773328047418398417136393061751669066256447666156412801366122695657957989072361766785377620400
1366909225233577947490698418255518393865190884507783562310811211587268334014837911327167680789599815521379600
-65167341867801584450650381972764846910551888404675840346814666907857918286501880325257522027736080766914620400
2964306195375040667903964482463617499137831353548229960899734931081404811974432638927416539179003211083455129600
-128782635821293433461161123627030493573654673248595323856866262005869920164667017980068874090998917281514550630400
5348739681719542583317903680925306189615816306134003516936122197601073754135915032211896470044115711894435145369600
-212571844906220173350865587167095317198986930435405297761584021661202293322474475596611409235691698715674221750630400
8091015846743005348167321411547565510886440039697614146050291824479512289586684727396021764033515282365350065383369600
-295195708937459610784718529083779754763907230752799375918308835290537608103083713217477763643303584014961391244280630400
10331849812811086377465148517932291416736753076347978157140809235168816283607929962611721727515625440523648693549822064000
-347171603917676331527903312310174678020521138838806975377143247345067041280680304037793874380291483228114714405059937936000
11208096277957645353942251313398302031242386588784206258329547677601690989511193720888777388277339245518306992863946872064000
-347897872043932024227689154242261072412265905682692676351018722519675699204866675584910426935311315826267961913421285767936000
10389690771287303291441729186568265853892237356128809680161904812038216251562623311603682996994050283749903702081062842872064000
-298725075977756430999386577190669395914802427784893627084985676372569870571788152901398455756547941629470371731735682895470336000
8274379783077753387222804732490531379701338675735650517573404270544295037419581031131082736236218240338748204753025624691369664000
-220932816424062229638339653231236099636956242369573228085567988265308753090546652518206389181664564040513002619430509685318870336000
5689873806098411214907013732860098313955808862642790186807749176977791062054875085483748137081656114807932370670922008649609289664000
-141419762088431037030318851236231785700988976439813721393972896019230538608999062775342833976491756793182275431794743253764879670336000
3394074290122344888727652429669562856823735434555529313455349504461532926615977506608228015435802163036374610363073838090357112088064000
-78698558365349582008743113136108630401476772254237171092613302847470196015990304566689412777152801619085021501616675000429433290471936000
1763879551125145314137687735524083028321964825789817302980018657681228462006675515152885808332043906424008614072134820847294030846488064000
-38233389181871347069936864090418842783967487006178829023097501924659552989391862243415953382870765763054644766248382658683182859096551936000
801855728583856493822230559771323308230943116156930207128947218099598203125175423378516616064973208522814014648388931619023471759724169314000
-16279094702788234498840668938316037103789146932156375980233242043193617958121164956282192365200728274803401682003682984525855216613098372286000
320065837173001734485470672762428531156317194641322466586569279510393529936944226702440790386880434427746219846998031571793467440682322542714000
-6096936913009701786051923078322126559970559062368929703783498699089610411770558647706040193088111567910672088513399126249862150661658739797286000
112571817881729303565304711231580855792397588777856778198576986361045540336358826796399413392104371371527149703486151341416139916714917078056464000
-2015439862302189478387525368760495813251035091332857365441819731239059191919951698655385338821588849262256398566573420329966467204550056042103536000
35002843322840066247097634465615957899523078831107379958999767169070191271915895827668018843615757361677146840411305728587784971246369340649594064000
-589923936890531479525325912827666369209597550964501466759901055131329970297699383777593178523061124715478817380381694781807106401928246937561765936000
9651811078570084484456026740430430318457026597724760108932825596454259791815137140138955059724527846039361762140133839624566268631548262395107781564000
-153354943860688238578227855158375861417540795469310032498301984627017945361752575866523825081992024254456520878620242509823916406699535170811816658436000
2367087888035210496272120385209379348147592804281950545450415805079266766573552725080726769764480251658817196994977607359451554119772007081391159831564000
-35506318320528157444081805778140690222213892064229258181756237076189001498603290876210901546467203774882257954924664110391773311796580106220867397473460000
517743101493795625445004503091780036924470714199730789664168509609581451215090645906853700112474683299114143697294825144327686186418830136140293574239040000
-7341403320236952610353680819603481107147440953531045238295886451574822429600925230567565765248078782195956345888897494469349452753991814534567485424160960000
101259237511670630383043964440803044146512928181543588464305984133851544872187909541141986975108116220702806167260473725491441268458904850177969281205439040000
-1358976522150299684386056628360394516049956153109743538885083307974246362273607933865808634361173002167897186630919727411222180612858421942966917004404160960000
17751630820588289627292864707957653365902552249996024976686400710413593107199003636122125286342822340818157000366388939309089734255463136630005353370029352540000
-225754964797906766988521465991049937387218877791101711329025543191007437169879235542507851206700008123079744239227423671240838033309188943342633238811443247460000
2795950393889126104660338132342456065713569194963085382604986783874826790267528735728418176247642753786078045994334166217467582995516956937210161450812276602540000
-33731199475470918810338998768633163895706263516123819020711722542403938070245983561492896363204795603123055955963870937509064928195733750618155570959276980797460000
396513691793290800709291087565973518447485873169128974610815350702544251601258908804487924596040046273446535319085503265412681604913115109307298140255990631415040000
-4542757209438013291171151525712589341105971370460159290437403550782436045161827844469410098053593748136268091493052253673984044269437107705593301530752889206280960000
50736873516551872620862871907782954290524291385274607629433651015255860880820393086066948585670505404414317121375349967886124661010354630193730270368619748512119040000
-552555320497144591360859742929113053920228281566861036002357680914064720341776433145406875262968084422153068388438561659772908169077096382811385905239225061382280960000
5869187815445909802037561856195392996289036354411637574562233135494228775365852567769704020096939921517125877241658358456389505986002794429820939956270363720178319040000
-60817708206537663254821492184656187570055272684478323504922804384324050454898852784998047754770449667744498785269293827009467777026274884989934721710732885215063280960000
614934605199436372909861754311523674319447757143058604327552799885943176821755067048313593964901213307194376606611748695317951967710112726009339963964076950507862063040000
-6068330032881625523224368156090255179532780010382031890718909220369446983057239744489933412053829519411981314082321638888140045507704709800357112971281295051147443536960000
58457863605982540012006389647326919461056799495097985850857393926281099859470120487562761186817231060346799199552950986340192196422047639211001602460585027562660439063040000
-549844567257519437220110047889893886585319886197909150994693011133876026669875566167616855741561864260639664895691075926669091845430685339051241919501798193692911247336960000
5050654646547001765791422807484760911137494708393741323147721090501348328274533776870581086397479306343431163602746773032160499156013597199949637749484376255420037175063040000
-45315984487993736064815563638346649837048048089992598741483292554387443865044916629595047476015056712593832517754284758590492678023069366566861154212132672275084488670440960000
397222926527570092693148925017382352477874296538841373343314486297052437629534347331294088031944481496330313163439902337019787380795967416312642304890725455411287471001834040000
-3402337429246827648021422575839713164900028423037704869711027501877537783080221339757287899732430407936099082596958780873925144521811862052083341055739021700186105704698565960000
28481291124711365638310109267722780050531308319298138349155327680231833361986409291037788211879266459436757793051342997411504156494750776919959630103831152499808637467195534040000
-233054899184851220572067386303652610679783735935046566418111225857250566656254263721246768371034107823729062161506443939333253938039232482216492436965325436111840926051588065960000
1864439193478809764576539090429220885438269887480372531344889806858004533250034109769974146968272862589832497292051551514666031504313859857731939495722603488894727408412704527680000
-14584882188061517537833863628777707816595284653567909776373969385105568449055923137489870302315577508264488133654388957878525110088495412487712090953746498952093946913432546672320000
111581918746726696457268762917742255994782610273490133271843758859752290106791162826955374527403951109940426517335134899202141932199527186886959976120185152882628777251208860527680000
-835008022548909337207938953417143505107153003320073067262225267191497225362263852200472630700832037191938957643298491354751366777194142981821344091258141151145704708714367296272320000
6113098673956438328168772012516927820673521025785564511657918413211123917629946456420324037482866497134476185468467801353054015059665404758925786845616184255946882549448822114277680000
-43789747644055303126270183191702891123600120001035370277386313531369479491594106249051708921560941642738798797947595883161672638488623613681284718016556748445660321935847684941050320000
306964727966925230993017507023076407659241709839938581748669953629831406432530988305474261436260769628753893602843043978403878933598963181558624913657536110232644143552430318324749680000
-2106069206614546582210893370090809232076259546653595557248648224960860058230565260056189074161911059053912751890726172377290863316720425965115865629549578041303557526437850810964050320000
14144464795040905441021308559622224966043027078759950409176106597267998415770709894698356251161476742288006629982160960163533699312295206481765813610802104376162164128175195569931399680000
-93001552506001219775031024608124618476754080663719263194548293180033563525089814515944860868991111996532008242368187193587668467012641127442897364991351703708560903924662747473063800320000
598745532249379753758257588179579155317284535843283520897133226340877239554090624032405343941686580539656482816568742345494163105808656514694355763043495679247677224440597357698485127680000
-3774852219754855116645377095381992468621974308884864915166659515374807490570749580733155970460698960290558877421332954845843770464743984206228622783658445001889482924869828922056702072320000
23308749484481190841428916477990083597702777588407692671328824890216126354404335102460724557398269983120657558159021472460114404106920443293817299611850168691514013825631175780199610627680000
-140978779186777887843558356058552129871891551094863694314307813853573627886052251883322438585043918009741679369894227217445931203976942028038593771346448459410628772947554337589521194172320000
835328555901711640158923334097626054836498691944358565480067628345689723125389935674312177654872411697610670837129506975392927549325980603807623481745299874457991538323597584775584028627680000
-4849327023013528255062483098324781879778615279699669479374834946407586275459494314661271640034240408928851361324810427072649679591644775868229133671908914772137035943651735695360715599084320000
27585232435311199966966610157414692643116403683808821390403341716544462237572200715029159959481339020589328076787031014406130876535586929552447295465412899250777146200273369282527542718215680000
-153777242484552047679099202843339368126879675762666006948869121903077248726084608719745067256043572357381270718656959875837990599701013527728600011999497680964720198969176790365911265422584320000
840186548352110139272849106256096363804976889781713526618943358079467450020512258902853040546593709469989769548444906601138392190667502523375536807876600515446140035677900998554802170948615680000
-4499605087244946038578744676884124859445352894863030304728059129538078662672525189106240501519180872289707939607691072079919110609987481383396464654512640808623671645065767518494290081390584320000
23622926708035966702538409553641655512088102698030909099822310430074912979030757242807762632975699579520966682940378128419575330702434277262831439436191364245274276136595279472095022927300567680000
-121590064462187174013837306574201319427323771000676953681682227422991282507122384745628726470761269354082407503565600394752460716235553903438953243936339390626297669242379869253302973347342632320000
613636071092559242355778226325430415889737461870925158072644597897434370922131487002999692124274624348377729241993660256129121147591364351701183275431474715552605195028930815562423148747580567680000
-3036786719464009718713693673290455460908224833613460077338685550213418519750869625447920546568614277188670035433756846918940011199769518168829353758664151194932851051425148991471622947311792232320000
14738369676982457157211932666208828584470302418286345266084942150047225781600474436096879739017707584607655614217525425629486172982023967470780547274099480929413961814616956187537616468535066567680000
-70154639662436496068328799491154024062078639511043003466564324634224794720418258315821147557724288102732440723675421025996354183394434085160915405024713529224010458237576711452679054390226916862156800
327547399240264728808818589914481032979183489236366313237315066716255900973562797896316877145928138783505885374257804744958034611358593608495067616657335956172874225648912582496748691586116149249843200
-1500170743956698851871550502546508053022832384734305655970841421873429205829131219753166596295297758080250682527236548720614729665550912545919718513862859719663115625451721829103932208826212788222156800
6740513274360128337364261584195784718709034963049355784298673224648093531269367912191718271049477524343001357722475938147996456241406004515406860236604509345869135735061886851276554778134184608017718200
-29714398972044027083751268887387691315412300694329528933379386400273991548608230314913302124026117523482857797077285760867668531543374982587929322762879045796743821187933715373042292047902508783100281800
128527962417539549101906376075031966577315927855354352960356990879291643917352759527820259483213561595656621595641987521859560334663947409892167662364879186256921498747807964128366363828501384144652698200
-545530461775605338676869560452727312716340240606966710289577697025623451506092748164261982430965130998545111613831753924872007180035386363797890586737103609799423404655415436113634262275171162502905301800
2272292171362851989199522797257641038091202324511662991619398010751357186438601198965190406158730793580716828540257884116822244782957311796315180625747935697015780131787846114060096431294927817367473323200
-9288920753203640126123957996070850873730167408432520921871801094207778252505042189969579029891117780237165164145773523566710008621201095217555940201733222804393016965894676937859666066107045361617918676800
37269492467353700670888529175146378945590119223274255808383383717481910025811609463921160148667614689207302689113282898854981948156928698142882610597776136317648168539257969776741021500702605036333333323200
-146777383914639882889054824776193763995595654718820834603386412418231225904122264431985803548456408467371969849717743762157274585951361169229377194823340586238639083506460399491115874799063345760374485556800
567429177088689997085801048377863262367056211884437984292849374651449263464984774867253076174785198478101499358467644353876176578388090886925680522201997473962351266600667409451381353353818418860824892693200
-2153473691363656944025717644893365551796461240808801857273373850807042596082600591324487392455971254344592034780915806647714525752845761732996065281952713627141149931868087817285489114004253811810720759306800
8023623148729239766870868578610252367846550294204439434188695387411495192587534528356454915937087603616617959457816738946399490092361051749972107128031755310198878101534973701076935810401482538901570163693200
-29351568786762276149405627051787900580043803542470657562704973929240570815014458513001701620181016238083895282672689265151522672751823755325101110693139922031444878905770426283236724090024656299726933264306800
105426042989186951067252864512544295960973661703568076143593375745843682927398871393638765003099160365362562647967210421768734498047366957902403989428420944439475483416644796445911498772333459362284494990163200
-371830828849595081831130406254971756374805703183566718530889991143444152868883932561267369008214376825051935532056376820280765266766426423276428013416399990098666134585368768270754407847555446759419873457836800
1287798936894481359589308820235181887432599240603430140613133972500176842875985831895887124680502837728343928278947090439452862684482253307673706940336625159121724269733376973862150606350023912908691047550163200
-4380053003078295908885325334059227123713859346824253983558319767292278331403378678379913218673463390231505137450684585415149203020608596987726245361990934346035260633000445102894343822301849145029701748161836800
14630593711671252306762788095017279489627544068211570597857998667136013037534896835421793459596777018759402577179022816560324768423005105215946694577205829308631669197730653433973467906438815546939489867123913200
-47997393639121266485563058685080468622927935890839147775850437957940856088654911259130473430472660873670858157475533829833455453126124952783349500997040289016069887415622916556876097448114972763384129064678806800
154656266875089372644699433417436053053911725873822294325225721556727798817469221473171206469252403802177201242636965920823843795389133339133588718637676637773491468720897185250163158056217338585113319603978193200
-489476456469722675021687211386545842214358685928852817399995942569585399089524620564193251961619748643375490313535320296684876718518127548553161463110247717801233515539399296424818758046312184884746403861153806800
1521703286146924547036012251030780938250044242011101235101813536578638026680070697678017881920126844577214088220895780264931216445590322020922027163621047689526698204627964503713680521727614798297648425736355443200
-4647086216723360991148803865034724419279075247246099393660999773275756928556466520961755523458523487027185170365682311886044391864987083586166952824933264821504464284292210503458575095383566312768896248659932556800
13941258650170082973446411595104173257837225741738298180982999319827270785669399562885266570375570461081555511097046935658133175594961250758500858474799794464513392852876631510375725286150698938306688745979797670400
-41087611948282066827447279188605997050717237516734875639834944576688424609718783440477480297472389781773582245963354985715139303837805407206723353740979403895479824846298704480756912569801360376969044210389738329600
118966278085711441416590771667286477610144577602125010422541484262558381782018167288529324877930790635453841669233232129691826474616249589703123505533957678453601902827129420660695742004390226964063416789224027670400
-338420411978538621699867404677528891902137535439493637876349266458542663131546489722348510100657408655026133991025253566931881616949492777475359791405518209487966351025732634935981466778348054327991242146662276329600
945853372726659386100270326009669635302803356344720707243883234016615022896417082339186567866080944311424872046766651519249149987260928455986538556819167186612428808036332517038986150444257987564368843584473027670400
-2597405879943448615940284485264847208703535959826969767342984239927000047267060021116663218104669731569042910854752542517480236021208730692350130334490928413600623958801125403190306400647655389367710070987954547369600
7008385096178772596856625593377339214016641406397030851528998895897704269548990352835493653584197618908186789051876682769059098376752551453915144571170789092318843344457474460679169933108466612731809422310693926630400
-18581077302137164508790512359641465981386731005292399820612260409988675878100371964304935119290068505548659777326836508403618042842271734758603132495053845509843349888581297962588520195487500572381698144242206937369600
48407264197315840049419154054704469698985236246602968864498436469476987838813322827693308781371130240620999730741393172590037775768706318769448538893940149678664160525307374390919203630577034418579399155140849638630400
-123921907028443647488562882451897416021859321413072961589394181791388045407229122269114483249141971363583342493329070239976846438431031377099004785755188186664034880148624182714524739518504611784978447605773531417369600
311741047368428550713416001168054437179989855429761668998319738568960551727560760708241121923622771711514345959780942322441754321678063308014683914165395282076712745373882709641226297851238164021586407258274039971820400
-770651385915725978980941473664124080091685118092808841778609256115135341775022799483946717014923173816678668830554492615244210299710991810280194843401271721005890050955326960807844602446259415622052983708303777144179600
1872186014343965306961930521068811722691871528316000629341449921234437160882805730982262874942975227475086313441580255722355962195868541146784945223132581917560262387163078254582568986189746810791023092108924539536820400
-4469668827424896058786639123862990567280217656389485337037807593579795383791533378069777425590269172869592380138991953055243367761155385354424926058508893959605743666684527711484321327976281755251811726281049059707179600
10486837510626882841079419812323399641495049635217210094751405799570917902244977776982273745703760629266907999564654528762569805145744699487121896713122592371615141595124198271323119165698069745813887833701640387558070400
-24180393929461986055050893616844863636174535935748773689550762132894926402697097518826895661581398475747663899822633169626090707732750174850471150272406638608930781033385548080158266506031086438694832277708741058914889600
54794618904460888997735447852019910904967438016108884608444904580726186104297342047671166812737293018565362337078113864281158664307731598140616218159753234914213735333456494568057874644455115458624622831660786278229110400
-122031932832836253595982157895113079931816577956131052813479202137526772029259285450281610739213525285098541364633322464927643364725071436484341995988398048469171691896314544591654152247902458899588868324331567877194889600
267100506047381391799369110903079139238516897669286845188686621005096863268123640092708219424094909935241195129733139476805913282995181868631544470811340626496299264405708875662345057726276300346549104648664503159778610400
-574573298940690638659761170994512770409832977693474124909762168969298910483885309465911567984208086954633373746566099097212230180803927692547651018598016762413995676125567998733196246687605112460755241080819943616597389600
1214755313677377094190706143521270943669231658722189239861123478339936450884615654268761135080799796295089935498795455184763573150419376540299705094683004297006752104196270059605477185903552677209416789966716212974882370400
-2524103761968597341607096698957248427427203117277162067806231025630320400099119815933643097239298068571299524331292126178005196164506374584045339825855636198551118330387509748352285774710644544118428054498399862663413629600
5154686752403149573774146638865640920478701444477319614946635128599291417400906665746585362452995947498770688953466234963844035001176890443134236442634333307587356849942258956072596584806594807242392825195217891518144870400
-10346058602145397375327834633408998487556419341481408219100515179594641810106915176519867997858729645567798925995645367386584083215466503585469501732282636777709917248584364253741753798854520921709972915977878778488639129600
20409169109345082337299497808353779418378239818689246415562133986857920051090811269734198583171976791910794789805916366818481562490438679486675271550364916069228005606898288105775944770867598346155582720103806056495424870400
-39568797252811894327417393710073653974406791485213845091395974056153110303135246339280589089823220310847459286358409282607260172175340296963962261169074837277074704748068109592830913331273915160913884865507379089123782912000
75397362120673077569133659812221957392348478196773695527975076597700838795591902761160172082829472999336920096785212729100301020224602456353335114386734026195830881103111186099149400454064810448662872556227645382116547088000
-141199483959973511253427844962905757035541433313636231297578145458319956365545422033899213389246002436850727409061419644069193436036823732538750821800378947650279090465723017000963786716474719711241960986511927677683932912000
259884771702115114324419208649691078376613881615894788042847087821846565314137950742610356268377410620735608495986168033188331158184680368221493274968782310035780691819186449293908729521460035181188808133109126829056187088000
-470105848228297803162479726417010867689215816128574202433612382980131864768331871261538455071904320781723889167593468151292484179558250037818717540773248460015724013518561449849432166734318597392919138934080455725016932912000
835743730183640538955519513630241542558605895339687470993088680853567759588145548909401697905607681389731358520166165602297749652548000067233275628041330595583509357366331466398990518638788617587411802549476365733363436288000
-1460185445254461121738499479279673869982968860637598704318348127449631115993585759715064979286928911665298166427636248982324132119355177676150467436081246664039696349509827136082897905935887844757054551635465269625835283712000
2507230629884456308416824549677295345645191912740733724997294049535841666261658726891499690916657673586387468715681659736706537206268720127663747913734965138990513512097600778645420278287934943195333736228073984882230636288000
-4230825349380408804232529252196650759286793878016411464460631372490069825976069644222447341914994230703823412003699312412464484578919992927062798481682839588207856582225432757085351767635029161065170795424906356107370643712000
7016052056226774335563301108675825857437315556691676667671245503812691408010410388268699301880772568780584287675321780366416765778558721730181171962299189090274748935268924170421786083474157526549000151770319661427582036288000
-11433756126692427715589280331231386039402959099327341596475199940837191038182049361743950432794743316982822166401492251276461507999974074638447183818765150372829046657841468096574875640782209964741285126807584488418506590912000
18310666679479340535163269958132261305557912647101746843886922694015022900897163337902122493310208079954800534955147320202366556516087513911103242348678008765644019569633735068292126546476400765595044547509752890401749889088000
-28815645229729977665663013213588506159917569586852819084501737046365086941556000905032791985168408042780537854646021109498596870703675025824070534750496139448716178356158714133752295346711167334824012596700197641102081790912000
44560545090428974063334021338894674985187151520456871884408299570114593477752512037841565152256804832113317026469356319622999959404143905937086893032003083909829997856332352865956469399893774384680320068052455926665781529088000
-67710921501732714178878176541918313135717740191452606282405254398428096060550617309201934853429274361923762909205514730069617726169410908719216692334595766958978260788999853901381573935691447043085666497965321666344501990912000
101097470053833609258768246969789392742802941726296273646028897841420342871570035262215631263153404102706116919838704818580398765665685539611240435369382599420745935083852967459403513438608559435521258289205840382713813221888000
-148313793476360870971739201490533661637621519098973445608997028139990003841549209648817696049250487491371636507575111515188847935628459318397356894288368941048735004516124200692410203550365710710497580175433989513512803098112000
213780428878035786674108458398464535719852892763754693084843372592407466474733040470366132195989960485609897934746938082440175344714458939408690210907844293933528190103319648654294394961269325203803152674746648947211813840638000
-302749910165246470585677341377685380111089155311037177237471415276170803619121120509336729562422250411458233132589753571553644114178432266980263022244884274726503947921829170881437988364839812446664879775176796118402383739362000
421224261236395105371144869377753141782789683513315728261849112273392708064397341756587004644666774379466439572614779892146748336561787310770392520374936766972543647810039927304591848834532679853256450328073061747901541665638000
-575756238731403960596061922048881513324404833677964101943710916776057488537726544057820106940343342495010340480911326361455022874235342418863672616607162089767204631030291261582016077401047627491729230921804007477900923815162000
773110418021676955002792018611242815059509031144421601277186170631407473155197991687801759590032043400213801628678932190475216054366823806087663688438771585759878271737467316676559697434809475649035835273592719745419649471088000
-1019771068797126053326494530256593340351756726875572320621001243546403668177168708095809216294502057092435896806763977885609440723520113310248488543246905517963202571787798948903341170125108399287531073809953488017928245408912000
1321301173620518697193465364730994676984691222792867350226109049259849013588599675962522317898569699318114830481491251420197356162430560037429400674491628728967932808808617370893126162577160653255010417948433766385029159111088000
-1681580208815447130624314055631862850063166408361852518472909016783594617202894751870790189635868141610910566436117208664592473756479326161622291472278568629864267206160084514927468131302904466134675135834527244060480406808912000
2101975261019308913280392569539828562578958010452315648091136270979493271503618439838487737044835177013638208045146510830740592195599157702027864340348210787330334007700105643659335164128630582668343919793159055075600508511140000
-2580526991195680869032800946922253332228255200624350977195422586181329342672408380920005773859230710742294534314279888881312408908431044351943764842873466172639222703594404589486878166521025426840107672528424939300876454088860000
3111253942232690815433233883560120942365974974265159559702627427452619310413484038519277621085646359319623613129235207661137272538456368442756236035927924758091343988972412709155878303111664711764188242763170113563521175261140000
-3683690239886316522502436710737505421121072701821723411814188522236422839049341156625835968123219964511726945768849402242096354301823016154008093193937231596787953227837438144396235246842224585689691779772812565480301916138860000
4282767891355717479449199774421459589953911514920758015119610185022277072389545427772598218994470270158962815841984080115378460364749250615040551256619065109068347005375014590024688729892690175749953072677041598620697037448640000
-4889132411369198003011906226719084445640426054213524468182350948874330578177000402079486009667096043090451899821991344284004322093964195080465685818829259931173205177462613324364888561965539825856133222169686393666340044535360000
5479939061512973273052556974447792736649100406320390182972602048549784607889783370829217470162262140483416301327486009509010782733464817014027473849721814482192533015855211145256187189210315210599988702499739929030676733864640000
-6030119878862942024264302875264017254212274108110171007896127311983264347980377038389890847758893374079524890286641294647701636366440280683992845095293548849444797410221686870404781492180811045648674818818764437763435288535360000
6514045919437371913045868601570338165515552022851260914964714452035175725018743095094996733100490956244930549011567759491840414136971915635333986879938038531519324421323057451350727344179049210184829565743199305734835235877140000
-6907444722932616690102598103434822771651630094238857954722891158714711302560453318873312279491807435780063141861834826398263687699695569247797324655842357243228030216141175753511007986424976084946569919545322878192619978722860000
7189381242235988799902704148472978803147614996044525626344233654988781151644553454337529107226166922954759596631705635639009144340499470033421705254040004477645500837208162518960436883830077149638266650955336056894359569691140000
-7344081883058568644701940252204636081587349394782439319882963149867136362517523113807337801656271096540048779120265506238101050638161213756429229650018763361982878474773478205786071944469083773688792457914191696761047120908860000
7362383261905635209498278301960931009522953327058508054393173453195391953310553609284963776954097332807681510146909101305266129796034880006445251226220305314113131286921365121927226271137394057211690837125797016048098502128640000
-7242622216978782980341591370645557801274414907534842579197728060780787283568148254005978053940759506723525611747375963771635536135397137463194207663326025402239043454045437341725275754526946464930127923290384329018551968271360000
6990847944784044957267440495851520592355975119501052086882181221040132786331697646521099089361458058241041273073652875852942991512994476906783054318055367867948612910355151372469737301360580433569992460501531768712028806128640000
-6620321661069152363534498814621964606390109483096994161238885515436058685163224758820143053256848599232051524690084470318281870275420945951204504116233071463914559873462341835151168206967212730763145915812970322885214948367360000
6150360555499428584641617725929664649763651093864800131274396728846461926648551396311305737747874778916196015221343906067292725163276866454668381910451094168636674450346187939445992686102256271480576915616370577742128702032640000
-5604666096052920639545466207338610711334027736601593544843076685245609966965023444267545297468603169276750137169255842197829602019184387360875680863033126672266736123910154615081377649840385628607594895326171247244419816367360000
5009338378418143613444432762875911719859947860867967498753356730967353946570287345734960315951443233275802517178716251855799389263674691472530835374509618056796605580321684358012721931121543219441465381152143125535602561232640000
-4390808700617592197109954106848073492862791604074737509228172131797431091092102118958153431377217365853119451631034642975875201210475602152034440239131999614054596484459108207220383587965608627887236779013259624578119640367360000
3773918222018426351235001876960327630229176254741923148427519848817626722922137358443371544324219884700201842724195065037115875420574071271170097395617586445137834994907002095462147877259696671903079545598173561620863161968640000
-3180334147541131635111513733416804015736833100651559445263780214522321375253419289862425613579586131208935272510496195447731461608800151500790115655007560051911880398750584534451107562910912047641507156226842726863764191631360000
2627434566010971423894172412340690534549567740567504552661311484751457615348149902727832994126013085754058285762871582944765729057379818369169920237993827917247871972963412058775896752119971896188856533011365320732591161968640000
-2127720593774816107535687772072069587501169186599247437917988996409056076488273336136913320325135694994906015121088329078981292100579996894062656757711786765378130511838355225702590804251510953999103972348140779650147372431360000
1688742524842320564941430760423272067375768528522170558985291649254509111728097045167339685678974089554311566210583179552801159451002427381799092050364999125964976672182929259175302459114161595823906182134732908338398217468640000
-1313466408210693772732223924773656052403375522183910434766337949420173753566297701796819755528090958542242329274898028541067568461890776852510404928061665986861648522808944979358568579311014574529704808327014484263198613586720000
1000966529743774853352437231730945809847070812622102939988349485927457968200614216946107999141972990647236283669358032401372739345497623114713662021690662676650536594522189959600456640713876014155263332275838197694822281213280000
-747310899993649447560046046729438107679688354759163232437885328128146005058235741817883538104578837609692155272640122348836784245000660964624760651991334662683591634377984628768056190201702422724429654291443096188893787586720000
546509910244663307910947801486348089826697300987310507932414755196206496773889849972081036176201698418168224354506903878373714794127907187426417762121086844732598868353983218822068792834485982269388999260224314110437562113280000
-391418274229692591327916868023602675498196524242146323819789206735461181372028162603714491290058534179134271629658564916150308993967507600018093185246389290847079210856147970399841379647040655366144456116679030027534265086720000
274510736747100097131677047328462367882478091670768026724275606236022870111573626325100333210986230964950500519098917927961747895580236899067509587384518765414492225383045173947714842814843257355084297200922344310425732225280000
-188485951981353431510045076686485123907837461830274352638644964241330596091114223776266395092245732207507756386110928467655974984467388162608168583275826597065676817259972491675012164800004537138227049064758789625188590974720000
126684523611724170227173578593383729237699316646328867810932302065888370321643656349030415964199643436734553266645900495056527776421154766842172760638122454210908229436622414886207641085853227844688275248341148437143699225280000
-83332369774692513087045177939330736517664357360736985363447538895078921928129392913485700316777495749953538133050742370995296716163050671014401286727476854654271469016029454548828695883455297013421927045875052991192297574720000
53637337284302413091530065221962387278628143232190341006453083877897609840656591493952991854125685956084492986362049165814855677267341621908677751286127442936575784461993975018608345345103705309756782759968229374344023225280000
-33775254034615055052203857276482426756257015498405054024434694284361962556972982692661209447301416552699651310108470072271826277536836666398809756468539281631859174371495527048838482741077072922531319519744593508244697286720000
20802684472914299922989103706055249343698661657161860335647223368478037265771351592377372322612535791148535595769192713286640488089335769249942004558617701757743771862248322319077767020071601363374647816814825763193516513280000
-12529609186618306907629553089418631995347423356717101907017771613861391136361882812970123787966755654370669012096842718994469090646981758790343213449101737046524409298220067873323718350977271194508139904407455542997024286720000
7378321517351180093406033699079300346670585648729885799210592294893732129519224685923159541547544340215875213041139145095323617463821826604948242140530992530963000433433877974411869735809580149071631852471843215383954913280000
-4246981550900534834668457869995768913327536029561630839660458746587262454902095349319296976007802915949611546184058646585128853111692684598380512479447462464339428428264079303945796905580840421584464271938896956961696286720000
2388927122381550844501007551872620013746739016628417347309008044955335130882428633992104549004389140221656494728532988704134979875327135086589038269689197636190928490898544608469510759389222737141261152965629538290954161280000
-1312859021354603422902974467523323603567124578980431695541678479828676194325790526478435032104665845400992642262358507368111506734397941234290654646617818208184746242333820790925402695011184389848864770605015912823625038720000
704716825956275411556210391384864435519024114897016098303534674747187091811104961928421618558197450925920440922059661867767798061992583850849686146285734123224091299672255829238627127934765256459410438643864494152098161280000
-369382893532027303816766885531557505525060803403572376477039437045507759295593654027105920777570649860423776304063889218602874186129019335935386474177204641025400088336059716011528531164099636787671467534865111322826638720000
189009682688787956588853574321979438462702437430906155552884463352498461085409921329645168814967620890687145950802914558511118637567764798608163355773554860659059867829039962183808202992863667950477418485993865078920161280000
-94386759493484698021672401337798145238142533310977293006209275951539214844400872833921098462784746958739645145777881947378105475403477714923443508360055092848901616629328994026816341269655784203507882034446748950281246720000
45986172531328951623884412073561380696037319917721834010758713268477463984273833938715871291505477548606644482089283352113425570705204193053123279801835289139351828684961597922642821832152342214558569533736994283331553280000
-21852269793895288179252782219420380398938155710381643524822663154066287897983620772628822380501816119124313300992483300187190754156183100211494976228671292226375598115125992646582275528789663052045886497935865221001246720000
10124581816578436068483143895106060741547569021901588740298949812016664606219778510939628683577974637918939123066496555055511637136358507147937708809381782376476311197460820214246366471585429213239782479922938594849953280000
-4572154743994123183198005611507469148926475138211038259699525746143684655240199005303118716012640310431966847417603539378385353916564278667039368864274455650053390061736189822400993771679818592304973623899007398545246720000
2011748087357414200607122469063286425527649060812856834267791328303221248305687562333372235045561736590065412863745557326489555723288282613497322300280760486023491627163923521856437259539120180614188394515563255359908556800
-862132134578226155175182926338306855491515959951212229462962462069787312630041721487575069824211065319521532704373998861254448579753660136852021472441393824894021530480449059008618110352164342731107005659048147354203443200
359710459778670323247695370626413744694872872179190590070714496645897654249269108285065335255453142899755015912936090227824985348468647313335083788955139373651927350585946999677065152618590111252888183767040496855268556800
-146061250138377733936334740082662119988820959877663182154508592265517754246945795020030513343818566718860357427754252075667471671047018580526053566822369158408774449984835702301342004744798006242463040889392890902299443200
57694601316362114384548864099859902439629136051868816015027233016530077023206129336760766353367728226539731984141753361899526444059802552950058111118191698693180111653133378347191388940982584026953439984271939236068556800
-22159518152651192722093162335932350071968284089126085043833989151677642040054949330036142094200061706387232699791469284328191817614664648364901212228786430985961911396186176458609841427159400785438864492229014723887923200
8271949036963787517597764944248184389658082610418404304692912454324979169737308966217104800300755456314960644038368294857862619417192931481917469115677356683968692022648599561819933481964532177962896437650918826373201800
-2999613186941811001438084879100187199150641744797517017694438162478426260721256749532405896713097759757144277511589259945505118891447075685073283513597304575962302875659837516164502518229382885348594718741800130364798200
1056110429799415339067708629688600252378078840380304801795067195118147915483795643020874115067726685560790116095210712939169190047772875214160469208951782195214418156871040683084419220858479317664648546187621354714701800
-360832351046835917116513082450068263506107376793372277579957738329971706965804211958608456093934614963517965903700516239364628832380354005356863997256539051775007077075884101543086777520542142805803133973466314287298200
119565749459306576085945163415407235244627296452241701446613215067919618876242815796935346397990168271934947281699579345588279376410058131952570318617551401771599978202659820629661890776037633119082695281148601183956800
-38401947012230715611696748878696655949225651694464206132476777094743373429534454380017152476352767745947133946599508176658093164757940456966137989768696982125348070684458452100767347929257165558526890240252642288043200
11947322131478339878261694671835058919230566656765013492296108205164901272669684280339815690883248470113148892307836032584206014022646937809114313115498699817448479073732514175514065065806421940270093059420130363956800
-3598066580705594963120319242854401716758836097486908818372684729022973563460252327542088228206117608768769312490632109684419255419418501951765389936372557300196175563979846503348804947097884535525543357873913684043200
1048197082395638202066043415790228599303710516003417651633364766099667918280775987982302562349302857099992712936320511292361807880450431353716776820306881362247232963886690820190457639547110990721284325331036837706800
-295166924946582348819594283335731869722048778269385319488071032390472525226092490741901504741295322166640881428490396736296970464021463581626902977879225047183183080966312722951460303624693767768079708557084421013200
80278595506699512701174068467873029862218139649161217256889012201399927574353042736123474436676567072401451780907190836018131319034838673254962418823955661823635807706989118102746086310045888220489088013349151986800
-21070470907515248946564939823849012635216703993259205993823034511641263656997850757278210245404694223396366399760895057200062493659061936838412683844843305255818563845831381963844099664005226816108674912227356013200
5332157485172047851035369044306633627446240974903644020713514636940181669491993419529527030247211547734077128565020446642742480017084954388157007985685452165428801187093885032507662556985951807328905034593512236800
-1299787535840435483816045584949416267803433404131028826043941967095367179394553308095263018567053585363405514997835790803489926963714729073018635229744001475186891062024419757720355714302942246921332705534679763200
304888434332941656697590939679492704793397958993698119689319720676691066771561887084074041392271828665490182530356543521806279164328146325769803325495506518870999138005728091317120476194517317179078042038998956800
-68744265248555723550270398961788642565785825396939681702801503992120578078597694587834888569254629033807436343734072305355185477895314265987965486130092079982365092063518354381342818933633968153597490477033043200
14881706209732759358525231263138069032948012807598750299417021084799459052049371168344014588629732626046981786349006569563265714397320410954574708394511715411407322049217533031082214911887457206261048435880206800
-3089198523672335869738542753451798172640699675916224099106129603281037327674540398307373635775209562151281450396563493911273247560559568461648825471581407896656102717377724825556131799726426631754950158347793200
614087042027890944109675689335002343338614230424819229248493236178888074460744324475721191063845003803422190389982332344981644554768381369833862637032885761757361566334716358045177033660786283929762855815206800
-116727288980508195987789593840537635510645680163395390683597887868714262087579499693732127227011860227096779991484244991194858055865064227323792071502118781160490215088417158967265055985108136614748311435948400
21183024087199975075288848787696810981137968422846800577741771711524705407197792004911690385242227942913593344390335574961637756829954944845149411841594334577329037142699522232244698250605635378101772963801600
-3663802638653323635446289046664551584546676992266286416703085565870066929829945622869880268249939488725335886997147667965383292769231086981975235498309614541773431843511128250649941879651597011596510172198400
602827420334295110868161734866032269927741118907640625159107138031206602656663585482291256806922914686498772566840869337091945950695389758071490794944685297256753782439929439926306362787248429163361411801600
-94163469172347403720995086576946421166883830690741413410793588100376936083842352177890563989611846195104618075824027572483665045599430172638985323617790477118033802760590203877955821034289817065522172198400
13932350030602421979126824034344113335916485153221943820984765586280260951180756189585848753565018059479764919382126528581766766950936096972094767269979203247056021837026101594187340867318391300510933641600
-1947787033951192819589177068617731121885260819979699317889221606957204197516297508603464804024825348698688275795130440964705656468020713700117198818319175601173382113434874627958537199811650328216970358400
256589419139790452920077196454395543897062425809910593710169075429853518097438920327572774092903656166282611252323657003499024912717984466606656793178306971453804524676119745014003768739334651657373641600
-31752896566250835681440461162700423723155310994044424256283455987529850764321156954969768183330646359225698412038853832132737778096217258906199047025062123313796609322941013033422709135780765555522358400
3678574012039374734767155191235280193279647216925598842624387680364497688229231434576938031951021121560763315340347279897940659077205094068879238933274405874877448888037601986018421371810348558703641600
-397408272768796716498390727030958248027441112077834778012052962698657644988753534483381117025179567149223737668347767080386941008340716533757036893068426119446594201200738164694510896123555661466598400
39859375394826253877363165980756778654422305289825376776503527140444365488382488103350514500398224471761840968154006077650428676615326402794057541575790599588486708722319623247515372289569791269401600
-3692735053696404513083299780246876590852099839340740450673170921204955177819893002424064589257352292051798715875914729795802076403155990478474342286113198721117678668674149801524721751407775706598400
314138919498478856147711266027946098874570993277250489727405165171949312002039508886769383461128927622462043538055246111101218305129589467786879812533935307872858081189293993532485010102397586151600
-24368794188654883310556881414195983939468462607527519102307899392357126859846194107797785412586706601524545684116089840325484529626496451931744044077625589488969810083996070258940510535714777848400
1709582469834290267922539837618981037370558018839623813360482834897824595399435734078560451061374184886977640146075268227352660223499751086769201665374446825028797615880818246465505495371191311600
-107382637865029817020110643429994451385481962922119000286538989842131399285903551795135426355327042540993068904913432194958595195247991592335061981532181748707834986819594386615061510018532688400
5964582624891879496707215322814478815932193849680469897694790953888326925995018076817430324859599285444539012170083679810047697090149279664323202577130005182495619459298168218813699937227561600
-288401524489815743815672294435612547204213638714762321580112491113355368959514030878276430459203911913712232402451016958747428515430694124411532037620317668377492066017620429781309839828438400
11891608048518016925344255372397185411585651908688658824002972353278709507285251585568249319225817275909000836252665838782172187849912002630879496761520803485785803638377518762328060867561600
-406521504674991098568217865359168360809736448472838379792115400758450569194755799679006512205651323135067825197950943641217607111215032551874363721522831259640479929033876682768468613398400
11061304637796507247382115036252024426707584153114119537805915762054261287439483957664713352564289106487418910608964682713919550688648621298261540267878352389779311436458660652392590101600
-224589289146159059507095285400893057944578027392073236202772904463707580471427130657614320697917919823589058586999691037656360635347523277048673248985592503373745839797497548191625898400
3024737509783413305374599807885546791830495481745412261818345949941379512677659207541402724592471421433860119702396631694934995269082899862058164111827942818285212652558522900288101600
-20266191299429140277171231696775679559585091817379021988894858267971122561200857544292572029741170472801000119704875587356585073614172738754296264057280542143296410318481395255898400
