-143
2924064
-14945622120
33943168459200
-43347547570427100
35413212463136123616
-20080275166944380315928
8359951293993170580508800
-2662775111375793473182373250
669572882327187178540476276000
-136251385824759318961201517403240
22890232818559565585481854923744320
-3227681787367027633425062946018252900
387321814484043316011007553522190348000
-40022595452782292240668040721861842439000
3597408757498084792334535358039706228828160
-283759668125620414889106533144124171401277480
19794446053330476000568815599257935278372851200
-1229516132170604412072368561527981319374239600000
68416953083221887616924486603806340009943836800000
-3429228730913789062079297579799283277148409960008000
155582785596651001256423097452662267141009946666304000
-6417789905861853801827452769922318519566660299985040000
241668005528862245240837162905203374120544183696979200000
-8337965753255346179984647462526226829683289171198034100000
264466932948054372275225042075391873074626439247727724797440
-7735657788730590389050332480705212287432823347996035950325120
209255379415318576779249048723603273399417388782553949163801600
-5248733464543673230056036407078645881887172130623626798859896000
122374751216138340897667968929843149170087599449783679277104448000
-2658115568360320473565012360677226359028936090715356829097905393280
53903596458070681986300687705387916009111245094548255864162310410240
-1022536485544944333578018416676914324684556578087499873204446171600500
18178426409687899263609216296478476883281005832666664412523487495120000
-303387872596979792813851738761210427776073049766122799749840522701860000
4761084459432113907798763939547354500871206782615465063176272823200454400
-70361921798999442651288368622029691940730110731044754903561075141017209200
980646799068597053167700564870947057873725721510835590620851215259757744000
-12906642947575268002390685066047332988151078488444203877942712843498404380000
160616001125381112918639636377477921630324532300638981592175982052424587840000
-1892156878257692873377149066299425840506241943334215102519328178566344410122600
21125520696692670938454689872877825207984026646339410496182481413047681076252800
-223770042073527526352055487684082859416769579300936442812454458731743719336612000
2251012862394598155840038978325549586345004962140301696220472110551883818096800000
-21525310496648344865220372730238067919424109950466634970108264557152389010550650000
195843121279135360887318591200941315233318420606122114908283785778259563027350704000
-1696782581479389683906999873576019438644814085525537208229473839637444503298875452000
14010554226430089558381022043470617727877505169753643584475148408776363847972606720000
-110339195502853287776399151466481926507090855601206537691103111057832952266259960475000
829405164696166654639088665417353523365254378130185586109549749425976310912727932800000
-5954797320452598113646800982230431356353180333223480434032123380978739521829021466330880
40861677268526709393451789285216739272661115950546973774165835487777217603077422195722240
-268154757074706530394527367184234851476838573425464515392963295388537990520195583159427200
1683962233819089781473642846966857522268220874056672855653924005216735547446155246326912000
-10125140550600171858222695485552096343596953561329096425987739912025042645189794215997856000
58320809571456989903362725996780074939118452513255595413689381893264245636293214684147650560
-321973270443442240496466478055565509381682961850125677103700340790205320376640441909007740480
1704506079294307952151192189152270471334240364365085148102076288578495386419887842670031744000
-8656803318889194816439690413693977705929101255998061758419730496540901806475559985736472160000
42197253293568473899841616472151512127033895464457084721880490395089348420648463613322740480000
-197494866873148671316230943316466896618998362411288172355267884074127897649862767616909681763200
887851151049188651915590223003993078914970332280577411222499641169581153422978870383140326937600
-3835267524238235578839327693283378011285921531612639935834965281379004956448637914337160543392000
15924718770331600488604716650367868386493319939777351005936061435405896115463228225819200240640000
-63578351086726724314002180513541443292071596917768315673845803870408354291057170697466157601363750
244140868173030621365768373171999142241554932164230332187567886862368080477659535478270045189236800
-901964874083696462267977600885441275503522388273406505026292470908193186209131061628053222504680400
3206807616479348527020922813573544833378529141644813504170110901246327300489581586897689781950256000
-10974855218595521288950281904152540438627859789474302271516437070117458808444556360868499307820675000
36163312049848044104400760872158171476831309468026224330088188354547929801906784328776521138645400000
-114755783482262701587617843020650491488418373656804033083375763413237910304050732556764515751999454000
350755229497064809772270526733224116812844733446545634149703186405707145797423861780326851558581152000
-1032846947969269737880731016701903191193687279332854765681948136667268437615292293610472490170088982500
2930502130473889742307497273884927050262441670766140750067753016777838014025749573914495036849642600000
-8012857633233300056897398955785064412633224824028748256165899547153865701973620958769491268581026050000
21116906943120078229946140821432496862733319962915940293227252424357138696187903483164255744968023140480
-53644109344944755517312971653891798211025970189727422424259604366792295029287587916978726548808137732040
131373329008027972695460338744224811945369722913618177365533724979899498030908378572192799711366867915200
-310187026824510491086503577590530805982122956879376252113065739535873814795200338295455221540727327022000
706158833059228498214555813236061799614485334296134880631699731986171312387470983256181347164020807936000
-1550128975882672058033796034398973784809985072113499834061679614792768869958059350588451835360520051670760
3281236277558077967074128840989627788971356909238269424698766421314124991004043325860755843543195012590080
-6697645435675880442904880776707709905358696249151583559486997194011952037705308543640522598547048118352000
13183346219736527624588500991748664002999553075699734804274013928117588856333863238752429443503842718080000
-25023321417365549103757623835386884494355585932943104908395956425634760140714204982512937576083753617240000
45800470923632113681396652954900506650983843374012404056557526335307137453398567015744095018149696586073600
-80832010136042452661339982560886467457448905835719836418367413636393194318443955551177348873973497774204800
137550044993027717040303735682945924276911336657956334135100051213732903001923391134781906922549696304896000
-225668042566686098269248316354833157016807661704459610690398521522530543987530563580501566044808095500220000
356920747036415028294046573323235676190704000231469511769891765892470982840018040719167228810674892112960000
-544149914216381380790516189378844119170247370229434197635357211976064711986590467264320507232472128728758400
799567220889376722794227870107689317964445115439168616933586107393401209449683951898593398382408025887155200
-1132184917575517488502932540553007617651686520384975883028004430187844222029118875650359390313464105654248000
1544662045021517674220673370161346963613123013127843151778292551302643290547300581879320245773948022513600000
-2030122264467506196324658199149357434182797368883390959891501969021909974323879771091505886619834584138800000
2569763628728730281087301414635153388155598575304582639977896786050559506556897784481923905678115267501568000
-3132178259712437852371273523285229818701371397178426301526878754091355787451566060447640107691218402760971500
3675124666513477934974902720487717844453516869470701070130379577550065670471387959118072780200983225261040000
-4150013224525059163348898376060943359339690800646579873548934456323455039177655395318148615293592573714700000
4508656342693891436724729099918061921257935684653074430522299162425482017872020676395025656121433907245600000
-4711095012480847162233669436504382901522416996893997472452750394818386160474474404765162308081286289680927440
4732800871277690590978398626144193311910766531141033829790783849240155021325596872858874946889228692936981120
-4569491037291849479659555382508498829117997866715848214172282176626043559132604823901134067810678798592077600
4238268621637458655844096989714735458433509191109807373687930683193540260332249172135654560020461813379776000
-3774707991145861615361148881464686267667344123332172192190813264719246794358409418933317342518223802541363000
3226562186717333320921856422578068334376149752225160157751131447321014221318244930977558515727142051260753280
-2645631668407510847779731507761814129993544648206692820697861696704210041029280041749398950284279077809302240
2079717443939872270942229327439630288229705811325027110339833633534622270002927799436159538174383064047840000
-1566385266204713468812370082438027441880826950659324688300363380538550809497232571848993616500510563928350000
1129600956219340543791295923434813493984927641886128602757134369535754846879243218214138313793146579558800000
-779424659791344975215994187170021310849600072901428735902422714979670844346677820567755436517271139895572000
514176092426268319012710068445575295396927959787583212841075548036260419028471497895845806997190148938496000
-324024394980042335921195240040040872936281530781317386599864652999572593464609948251487651810649563724395000
194886628040310528614204670961509429411123984368432729977833858175011161234881698063389863411840288934400000
-111764392027118680344849754745777914543021472414429758119790377422157447267126292371994817790739125379200000
61049978677043882556612070191568971996883713929817812677305533950674132253891896869209116349361016388608000
-31727296439400109298334438677886580051590949131332934308293519539020823933670186891080510599812840933824000
15667800710814868789300957371795842000785653892016263855947417056306579720330956489422474370277946140160000
-7342171763722135797916456970049401684510657256923737550995180716202271809477125186259813650248750256000000
3260191797915739700395359185627472480206412882673290143397902432277373429700738872339644674300130048000000
-1369506957332799267200800535684762571720041078284078616487077209225404991406928433248785460752881018080000
543275487206399709302796906717922342500512163286246062738675256552226773450682353685468612530068503040000
-203126047185139369945583498111074834454135325765114172207788753205666621489723683032762216388728246400000
71427759338022436916551273048510682748099671694785339159589937672955676272412584687308810310531712000000
-23566143543300456716809612914613338552361448654243367947229432480157657760792731667450415888743976000000
7275716892984409804920932652806063691301864211716480446555826066193954626436104804081971599827260174336
-2095732763392397709618507496931351049403087996987872580127223015917419659025718522868912580373523606528
561322185991391785327791703561500188072499234111700015261305935195192071857592164349538244603733770240
-139268474490662085410002030943450821808759117838382602663403846836453599371405770756889219013316514650
31869139526497279084267035264266614352968855280846160143154969578343567478295365365196451295157099200
-6692519300564428607696077405495989014123459608977693630062543611452149170442026726691254771982990832
1282268134738991973783853068543255747243047327913213487305264459789911221514677692288377465781718656
-222615995614408328781918935510981900563029049984932897101608413157970698179631543800065532253770600
34734589173823675020526669795370571855614233589146633274941444983662113572038162750193954944904000
-4822529004808555459243316317657542639565954797156524657742761324586191197097969466263841037962000
588494074441384216261022523482599441996964799389635711320707883998885554038182940629398215002880
-62139323496108530188028600149303455353593871821364540668757704230634920363136423175238684791340
5562047177444846860029199651064510895308098708502979824365333427857992765201619209036229444800
-410348471135791316863107829749298351601968004906883357132603101561671909005895557062376726000
23956993708460877046818779150003029895296305032605166753562253432098023568068432708781168000
-1037728962167514521058629770324110835770743008810295233355834345094450102514800988252816920
29647907575632425328771274560841756185190987827787721570651069262796019225813941015421760
-419046501639319639887909802114654855821237429623065892066829733182744766879437273824400
