124
-1906500
7326679500
-12509898208500
12009502280160000
-7374314780109446400
3142277464635525216000
-982891565315687652768000
235156807001778270924744000
-44403992136940724120913080000
6783153838839065016710682100800
-855181915797437494462160788824000
90459242648795610525330785662272000
-8139726053019141119873995606900416000
630413476963421235712690067922185280000
-42450642619879089521257632084840129676800
2507241079736608724849278895010870159036000
-130888395051855418103117891657539785776388000
6080654698520147386691760818608916220698124000
-252911441269473720252567281693664479373358260000
9469004361129096086256119026610798107738533254400
-320679320030528458159263350708463196687244884704000
9866852136145929336586259956095937861707543022752000
-276924676115989816371070324325437409135674652663136000
7115425705758071670645556944473044540291640380927800000
-167935431337019704341908176780675008022147179614505564480
3651850355997321973115458873780950618233082160256260056000
-73372636713707510206066016631371171063456727573763293608000
1365629483324515291998616472812459347140255827495349464704000
-23602169488848786883709738920724252806995979135130683079040000
379627783911750043253980200684893648482304215511279742502425600
-5694416758676250648809703010273404727234563232669196137536384000
79810809883321825499723493753363188130146925307879202115158382000
-1047067989718107365394444036046189043907630047634224206261953906000
12880023195321355307879752761744643775403546087680508834814000470000
-148787925091422448132086841903223227808763739336136228997104425021200
1616461408400638942669585442899215314465581365627159031079653012576000
-16538915228245251767693851934762095624338493928662977756269320487328000
159570752742321916639550377531236507090224305688457483448991809577184000
-1453552123106423507587751795328916374579262166544101533981447417285920000
12515083779946306400330542957781969985127447253944714207580262262831771200
-101959590937754114308463287214053586523688512874939239186681553652279064000
786776616692011907010658880701642528208870769418181929597000741675069512000
-5755936881553729078492797555030350718810922064856542434645012997641246776000
39958570086819276247388016084508219866125409375863600372742238991889647040000
-263450305792160077619198717404577404164266834852916014111842781620107988953600
1650922048584141129125980620408646682050178747707781827562871117335837397696000
-9840511821506286214215385617438049281373790661416189825043152558606143510848000
55831237209518304423708125343381154603349909516507132549029553058202911446964000
-301711912866930445605003301262128480207607278624189939535051416464049469397900000
1553937036029838567044009002820466524461260527826027864581328815356440387186944160
-7632274369581387041133108424079761572469282292571128785092839529480402132377244000
35767818347387328618801312851308705120684447193587775134872952114488038395519392000
-160019285571953207103053078890137592471214470588044702783890491001342534181734496000
683758675660677969994527216382412346430498046477036007094401755101758565124969760000
-2791769720028110283438811784971628063062175660177808834255522670169196706730083142400
10896448141946450851176994977057629940013083571612366113293238993262425921676089816000
-40671353221725025999453191162443175833345233755907406542292123506092163481737747368000
145227198245945604133600396029508747951885537418537386262191732329125763300426225144000
-496258983951600965575747403266591943949347448317581789597463561061462497689908057480000
1623318276392792491838889283574274092207643208718845320638814137516606214665654801356800
-5084594063788765517974268906223640028132244449776442411191985695446397589875895380224000
15253782191366296553922806718670920084396733349329327233575957086339192769627686140672000
-43839731281661714484907396381929751928121324594557731356362041442144412175143113078016000
120730509974888705905702009567423730895802866559231252368106403190280510091702713750005000
-318642820527806854332422037558897520288543849704612472226450769698181767581675020361255800
806116593713597689335007083080590145449897434284855244245979679080340468032612195679761000
-1955043741537076864288309671084514349189804715317268666541764483436771369006693912756863000
4545984063366490148102920757677486652787365981637385965107493885361627543157433596445024000
-10135606140020015316553771023471228905553011950237524053689571013046350844489846172288160000
21669512229152996011472919437119304900933337385854755507439172639321137029974618061406278400
-44426583790576515330008455144341998839743313208254096046297133351990468400076904912643104000
87344857637645803287701808416499547101594106523635367844108870201289902379163544535042152000
-164675133174221689928981060078921176530252578015193195858465344138179705236152398563251736000
297714356907376685591108928922812207386687458427759795288313898277571052198303277168771400000
-516091145636236455324249451720238548307127005711837469130017568374150280886338712119589319360
857769217123938706910109892055798141230682003953192469468173243835152821417737471666907456000
-1366730611261570073229854638261279311891761324227662212694523972762808012132461780205308608000
2087386725812378224926332889336588981935937906759276344568954101727812631284489622233354304000
-3055324105158800686540947114899814188428904466951768852369395244237072326034900288271381440000
4285092057485217962873678328646989399271538514899855815448076830042493937263947654300612469600
-5757214828034171062754378062341596030266516081213569427400517795583689080472747839149504484000
7408004564567466989136061718527586087725445736861957567797334914840880119608895643117417132000
-9126394939684147530381442271032606056978641017382411653055012544963644879535592585736321556000
10761282015047067382762698369471553627276402106664068162332441096102257000812943638509948320000
-12140513453930608475695329330043271088710028175974923126805775415132110285623017798961188755200
13099147831580077830725896167353340087602220773969698019457826908160389410393683347175538976000
-13511038065946052004819272212779432694399595399971123323808594883341017324209735221482287328000
13315630490612121500617340589867333461216130177244268234414668924284432362909181199683989784000
-12532259223268951620641620262272562928085626874303247025320206644431314640258546375917705320000
11257372605988258270591164077567304674660619893509929056324669573442252508953232522367558507200
-9645098253772091828262807526909796723429187072147439518732463545896966737232602915855310664000
7876526362248664782248644331994389762800394735666718094692673443908297978231539621265584512000
-6126187170637850386193390035995636482178084794407447406983190456373120649735641927651010176000
4534321423265226519432409555841043752087446192329640792402678314246288937219454301362336640000
-3190855995474510096943516131761381592189182356508094035739546811498967428285956151573650969600
2132777010864038866880648803347451237834783345929889242638412365324830659531411663812249346000
-1352564610885930483438923521051572062510378597636693496739654222966655813096389988093069598000
812890767808578795336262657591594538193451193831632118198800934502659033027109851236276314000
-462388126776127617998129202741877313583153801205116728798930232614256107450886381047060550000
248579856954846207435794259394033243782303483527870753402304893053424083365596518450899751680
-126105358272848654394690255108726795076308256764702592770995767233748615960882460835546144000
60264882865494378090196073471798310757343776685323076822125235936774136731786581629597792000
-27079149459874795018942848735984781542111205906205590273453765643378481459178681744584096000
11416505319621770089347206937508376833582387105426913059074442615921401206902254877524360000
-4505506997340074526870720851256140372146663609588435258052870732142767950225098500871518400
1660092467870052379961265959789998321527873562094706476356255324944024502841928425917416000
-569410701487090199677516938081520081111010523045323812791598799987351229160647473890968000
181211636138552711008482756700840409900897724755164779928190564605028100363882323652544000
-53306511935379322024631532250604934988943485230140636802375727909651814727023711906880000
14432407694239889169644041293634856778824698976358737699552304515042921078159477703052800
-3578524917287790066817835090662648117791531155975646755306573353904400932860742178624000
807906773418289339064740830417460098021812518632256984297529953623825210607591027572000
-164947369277271540993169343323542836208228149116946821055968407008952331745163271116000
30207351406579429637099341113421972158786010687775733619052386017336607383309370980000
-4913120066204336722071885272965645528434684989747115539854947623689303779319354024800
701039724071962433589329646558712798349776692948458816626151860692885200378504736000
-86394478377485618048447593961907260633798910147129083472008049454956339618565088000
9009248966109531557479596842336206725098823436773300000097363387575165550571424000
-772984781711961079184924098823422863568608888897645611194004414653190180350560000
52391190760477362033644855586920882975205713580840424758704743659827334445982400
-2630115785052309343264050874693453246825776892419760412379481359877951698504000
86940134792108048702359112493226215898836484215971655663175546160975022552000
-1419407316653492499800561886828400775134682503889549801626304441916903336000
