402
-64964406
2624562002400
-47124010753092000
475917165598164381000
-3075928788007432100703960
13804768400577355267959372480
-45514884876638257761534212673600
114882414108939752481222448676458500
-229088298445904637531166587377377855500
369986765522073825798335285277960331746720
-493773329395049980259442784070585688028558560
553643345584199790365900221639144202702021285400
-528860434878019486140349717635001445936099445021000
435521964657098822545620240938930170334969077663008000
-312373773930657559482620661611038275371053221263015857920
196878451860014593388288587928194545525658965407597979076860
-109894281874734443364815825472791360247306837386597467109978100
54702931422090034030486099790900588211992736832439628072522432000
-24433420419091588247029557309097461343674085498817348890021425216000
9846912763098100979435381891139367896114093196878379776167534576300160
-3598544221404034576301007827033319610524797283193900952078204931791978880
1197928605274004237466153679941339784396188715430168019419091691343643878400
-364756805471663955670814185248679216959576743549932540128412465374626536320000
101972324429672054607221990663583883591261673368678015749649309851294031059960000
-26264644502982684285785582136052911994620340667546269275780474000882338921602081344
6252539512686386711158139292885684943003346424477642044397633313630167215940206725632
-1379804244311964968666070862473229856249195275772072241279107351619002950431249323712000
283035865523278324312343770539470440665810694196000839084829138121642926643308056427760000
-54104274493601418848305970966987974379022264721797482632335774948691654953576852646249680000
9660859253577469349553514175865372705118215588724158498829875974838381908510682808514342860800
-1614931751376113848824479893604101006730806979000431835304399340505683855284996481173953777510400
253247793589820665863510723940377480137532211609266937610527779392971399884438217721595212492793000
-37327887592350839468394328607244895522751132182241949027138536739451610883793021595575624915776555000
5180955803129331739640945706206945498991672713128335845593705832847346075331161530248198846441623440000
-678299192449044159242347127686337724230845288211272958841202406339775115277988861273204802280376429129600
83901841777099823364060326655201719055554279677911069047774286539750516342580122201377249570958784414280800
-9820315279147984073586710329873080681422016073184864973608555736812946666291691658829571647189613455531252000
1089211700213532637967899949052958865607029151164326851920461417457037076228031396176000135051169315123189280000
-114637920187562751665887789312455499068356375809230069320173060546203067898627186057884700604468334959148921440000
11464078613556744073467943650718831045583308471862530007190606487271672297532465173753614772198344666752290016303600
-1090642381984434968745516925909522675373479738694629022212934777670403122449901503856156653904982673492579700343438800
98825554612467168596532554102822054666494898771513323645416947201154895177093115859619092721186185108307221827038128000
-8538602745870574645288836225363081310571061413327804769590905570643861697683348147189533887329961601934894658181977360000
704205383898586215115691065305409331971208798421086741710248300957419478071128528907778149133367928232304111716218988180000
-55494514052914809689850303461912057178584458688019062298952944996782243403018577538061397165705541046608818688179017241864800
4182754752963741572691325708191602162239167366368045466888188701156335744735645980335697595068074352760655611975564792944486400
-301815388795226612937588891469986612335949335609884385330304589416393904948908234964059990115833278161287777850088343219278592000
20867704615919965035137981949292043118540247032402162579478090752617859834358108433061960254102535247870287765416264355395433900000
-1383673960003459472506902182537751412162000394960233856368450846351112511124245704651713143829190303651267564813646619813419101700000
88059224692956166365495265940194560272249164335901218993458401383138961987964795437162467214319797628852509852844172719517693102750720
-5383191427856251180550881880157153274497667772741753757638164627113896337167384224873180997492691573387326268408989617424633508810716160
316342129395842571223940506936749872528727592118589005949964629899555520701145470906933602256504693421318840255247207917446103753706656000
-17883071711432118582237676325746242793947774293510623424643870916660704489048912443099509209797672763203390971282299886525757937191117280000
973192346962873811240786138813449854761997396120923803158397320995560313428735877150402920948001747409883301252004665429698036878252407040000
-51017477417859691276943016564263822981257119034532223398696029344183457501889423690126857785458898876863432736939387715430110740534343291238400
2578009442427739016988075876564336575316917455090641702023138513429229637566777166239484342967506628577421702473632299900758542356822803786979200
-125651180441872764553754002903461224495017070975955237526584825883067300479189596232641903087294402021661315387876898384359685741740435547456784000
5910535907586785452730687699002290179575357107977157189716641750218956488652485644427245762346452489865542968780511415083554301953925838593805440000
-268483674034859315180159302220436406223784599823232412039518685282927910616258830093010451502300519119508546639609539352845980145895034580858459520000
11783748453389975343257191774454953869161906086241670564414475097067705996947600052782228716435969784155230112012462682196410068603333067753877788332800
-499987518695665003257047892750946380468930185061567770416944523448089391538854592618494118902730507237780219235383941320401991631631291248638937612294400
20519779123160278593608708522473803585530287719904508704728711763571951719346956433791267481294163585284133035008889329528256555620747270391591778802176000
-814974901002612878836862879299611496146401336539971587218420377639371279737782181264975169920333957361114716798595683915390960480039429571221609990295040000
31339127614042858720663232029473439339606294364193809755761464072563987189682274366866139908157217030281849807986623286656591651193859978736321617761570107500
-1167365814146852322508700306169585895817254201359161558710528628231017216550297433747461830202573883789047867676006339936266920112009109962968889912827962591300
42140941125565710286925644110320257792807986376337336268161892959612257866873547029825729539874733259426124677758642089600114934291370184448331497018450748750400
-1474932939394799860042397543861209022748279523171806769385666253586429025340574146043900533895615664079914363721552473136004022700197956455691602395645776206264000
50072442220198028120556999661620370326778745576883699536799716368511597836929785779838128419319581952263182702640421114379306116668917648013509460222420836691030000
-1649550946259718404644511971839429477664977692189701761489241317871553148401087668781170253239097078794121899733297956068597670501302888188906293692431243707021890000
52753312547486308751308898782678766707757686587121433639267361525662013176947763683405000686444789517419199627715657736280312113925748528725382009546682778339828214400
-1638408425386252520736198198792409393387555382888215238021149756505102513196285008047002008028537111925352539439406173807826721978289420135455660297690397902245293539200
49436698668772688906935980373284852876867556518397883397235386750101877915540683055307109200583289939692060999057082119409771576358802295059408638843505408925387502971000
-1449750438067639699555530180678380631137638843106141720379613447996279033824567506937158658345121718019398917738345938864845571982636860322839010139851530827512653786225000
41334301752122799673521880213468628776160934495338877742773610008904867237575251227736432982123295031214885724735660106481119332086400242601206898304371768633655151631800000
-1146183653865664385826892329567399688511432249181948944256015096102928406551066686444640192021086121897576295192629960488678846631023044167234426807220907395503803892689161280
30922352218590503794084656844153178438601015326441263865222700899502619067873895362758897479615964024074708955553521724901289354712440949877390280560183441417341889368069013840
-811913844093283298725607851950336659374129374421275721406399723820217612310890312126411092113208837822201099115499155763873877600752107416455174890572871857420256135499096598000
20754247375638957695234472901925765494060585192307166369678383472800828906408557091041987680053622363265732237745303863313225746954136710290451807853697079432281103581988741440000
-516654724406568720462219742583222673362239175970584567968649686185668191217169148427424504396117758568186822248489608094204885711269915353445836280015051971132428953021713961920000
12529199976062045576659117644982264343205151416771657388594735296056319679635862580082811371921103218877635556289778302289527356551864991018157433438040019707443359878872202147786200
-296077541821153441905496048930191313910007055496193884545022640528343236105743490627004926617400336284780559297947888633116169782330559945500408924330748174897293224462731723456670600
6819822974012529012838076748707321638664766917794543253767564926387537240936578201711856489366889364037301163602940064172669895283664057757153975936993794962536105681854236961476672000
-153161403893794226480075924542931233462914706588268654304927973230664512154376933731724470424212264183049941867735356659671160233533471432123396340120771518018402321174056941717936320000
3354703606714584766729418081953080537021902221344068025158447903465524238156837635256597711893588010907313267541774929285552504502853024786253778000706490443127556963266461483648472560000
-71681077937853409232238177726482300377149376197768287564835436524443483233552171251664816354937055160672680267104729662031046379604975379027968442072120039878143822343545059845559521846400
1494564043623647719156974704008299428956118307829293143428629393667033621211413361868135208283144051138049307548632524570373661452964310877385743309228973378789724520815764817288269705907200
-30415533420474114998063759880026212516746688274076518608538635044722093254498620319111931141219988626905724017473062613581385512208661332540376928344178215669424655379027128237679828795008000
604304490195525223863906262285748070483812688255347772870577787704150473674736276123264685613133709986533406163275492474900823206149875080664048837168809434775010004728449632057001350516520000
-11724697256245285062375546787887971306168890969466811233186340884703567383632684651363677146709156413566521078069772441613455777400673052900100115824089652867633867258765600909407415547459960000
222196040447243980026530362238019153997796227083584369325806922366115605883598966015176530460301524210878426119508931960176779710384310655849008417217414577011514711072784543456503199530530086400
-4113967336009272883662325169595436631856552460468108472182187508506212177380877220908695952151287356186995885511588935506603598060047538061434309570465602607310284995267787049436232346530547571200
74434423184836962358701379545350326772508559049632104374997660096011499627139359358454359417822323455396567805676362190864989958283988655331763961202871264565630558149256723623660753963573730512000
-1316350699298963762004297549816054946408723164462536538868975268815520745227089919143529488351602900233574058124318184634495842186302171901522714381522161437349522721900747157111461512602430333040000
22758744186340436395866062481926107068013560478566408099811635792939053101726128651846843919929569020244753475728365825061414759972500022301021053716203888463219996285574167236034829374971489035520000
-384765255313865644858154897222138890895339727895754457779629870099816928887343045270929595397111768591681356296194828722664332704913471568162602920217692310008824799252811175923208668277426573468211200
6362153616185911229236600312270757520156144797588783671020207969267676015547355900905644442640523892377293676569502773371242657577729395109501164692505826360419356934520116045636493331321666740198976600
-102910826827018254812803101767036660726981024281966726624606286734264422487642664612427947278953611839766416314751352385294534623237594355265227947749593393870126902821690834473976629031831339092845493000
1628742781935315986208462252039730573771461442196891133583939565140378198471645670667331110620673573474020749671200079400746487164943184298241841738644127016686723160026760395673099501545019111007134000000
-25226817725347084241853198168185615783106740262199231175537473503418511546025020686084365328594032289978244246743922625576116619844900541375982685588347557750647345766915856376325224327419501694543002000000
382448647443351935940191225508961209518211425071045224313618313301226002442357723609313412127616967128986174078336564572784158403496630167476447906593584314522914020764751149007640930893410613489949727520800
-5676293752462093241559922764016591903213975530833394774703926427678219826270001610393184838384236023353582365844759424175398483949083452332755283050876232327390721643549222450073900584261841693384850367202400
82492850381802047109175348127576768143594108060554526137565712789787277752020784649312720834649796879187010161065707894590566202720243943936235947452180539013982805892410845295191634788580398312167375578720000
-1174098213158657753157689856774762381547930280573421686694479668460168725060456063542555781169567921554608596405892785704939442339498843841516820330430954895693876310276611894179230926091214746266916097229600000
16368335925089467944077453598682772743051896370849214986435576945984830040164205705385993077939793616436420214021057819052922395662754406913335642010449595674176055942491656277690261915998713864653822528574050000
-223558063969528071977436633599642016950205125045451604847390724802671176654683531148418816479192397548243058449621484384142403756598811413932260103246393620591542524060267674434314916013530189117978044673936678000
2991810160463687889560625820675593699249594539234110619232150988530443172945127555333342879703026204568726612046340634022314432900698653852809370523758785683615972433062863089118820335628560651236393967740344464000
-39237946951211901044368571063284459071606504326901727664495032900933591984765099840254878164189702135297156470592914481755666317774862989716882787229889113837309489098310263529272116996795049749882150076517724080000
504401385962338172375910797773394358127287316424523752230314234667865464865884693934140640598302806770100792284010767952198611770161433185712397558063235059050598833624883480245118417566825253729194923051531854300000
-6356408442928975522484512446345082356863213439696066808785400063730058159760529755904497864851417484895194084937205976778640918278249327570441654708012940219361401327061562941902185408076574148985460101342016986900000
78537891557987897232522689981683900221527096040357088609971276952718893811308945506342648660061679310890173262351408458868919987295155989181099929377418728475653466446364620336044985723064474509910927850498917984256000
-951576338402005296855992592203207343297640571235502577628629343180970264169599327329222434860805752176578015998994019070313203673677686188858220985086372862838322898426479150850239721101877603137978495439171331340288000
11307554926833777865860511463154503076526331596648916950041732293889941611696466496467944526494874475401843037692127589494649724138902734638967348536110868856399905232736844884067022706269601046217081834356096831121120000
-131800449333174510820373500165917492786811540699133961489502797866795321464237104785167712710538385350961963232430715779030166159622021184900204034722535920294641702193937529040654344466100405021044668714573550932720800000
1507125359687934572483384511592541302559440554033310229996309001645792484776650328402139385232970788722357297017933503423369877858503333660022277715608388584421830877165025262824989290737015157692167292115677612881638400000
-16909319753885523170549119882464248463702626084454331842466717077897999478160650213835995451151831581083905737181395486159258911664791390936895693396163106976780857748421117842926963022326470478881367912047797997864999936000
186168393497222985037939284508569670139760452523761916899357847923337754658928656947040357765847320531689838521993859875410366323224993681964864981068279724464635145192708960032249087234811381428754228108951930572807967488000
-2011622318952570518802453741550521057690311004094692376226789106259076921643321812573706955872255564062013475416810708121215891204604057306438235347703601098998210789771316080295867027418885636937262155799227468089479911680000
21335563348385206421771500183293662008022488443314002450529461017835426586346291674869652631658625517141493108988408889352281155781092156206176285273546955637751778902142197553726920612555374236059672160904187912055041177600000
-222143878735679682963438690878141897284715751962964936326065625369162403938327539256959691615679875864973742565396368326584873275321768998482257611015294384584212664124606456741343009383306407985830537562332898687743198668800000
2270865800375485559093752017501805544993006774441409061593205855336262674259553270054270447541287531029694083374764375218513867056976783586984878428603846846412113959013789504038378913420849755635152670230948056835454848391808000
-22794430067658116537196576582755129315539051607966177168152606523993113270760653454476179754252458125996648560549518262088549514670751932674957905095478938876392562240184655889761101034974956808784163778099229511420596331138944000
224697579919833301420147925035059968635843163929104912262251439747397848635178921986075322060193540462659787476741824738889544799280618352732452555469542455787712760808915124438709267928750716405859480618296086664581422581611520000
-2175462887088213551822074646011660315019837889914445239183903736995181431610670407687909498232986240945739465308728850461289316840149948655990877656315766488961942404619329952552048385211432426832458683559053426809079507742848000000
20688968981083200523922888354383003677466236665349212957556183380159429655408761210678175735406680023479031642375442400185575846962893255207351330510389041502856849241849335347410310306496965459863213344138479740858355766013344000000
-193289920184930849874031316421406495605302000778944816533190021993746776426682595377509722603451631561436515847828781192748171300082956448122492152100869240930914559710459143979495020046855713335383809328895432581808762647479164401664
1774234913624943492721267049600574816803316324610359676476991403697702836678483324462946387979075293788424072907054209225044438600307953972788771500463307680925945890494191870360534787187464688393727120551856487735060932419491286843392
-16002655097004690594806021702563309658035987495981900547801495719072683995647737716302754404566679791919585343552217191829210720154987885435640556390966562395852314366646572158267642021582021547775897629256700511703018732948446584012800
141839939769715647471785307107314686800536261240630590670882153828352976675290800241789916664500319786533336400796690710292845506647176557798078710882334240181010320576441357960426451072640452219727530134317507831391136498948572566549000
-1235595408258956156748537556288543894156970016118354204400161628833575659983184921305846504983832693781337181940309517182632159316152554254436805730763524935962970921322196296738014519971346546188832519131126067409527872140921935278207000
10579621180870058680836708789655470749117762675289368449320768540753475284154247979446225601016599178753527548845594578366603785898493444428048729968307994812638209715917579462909920301652883468621823718837305707599308947353844243934773120
-89047970527848836666633455375805906498153778573907245902059307169282339634583767897858584260103760572035183249105775752171047762166312487239708799184914148052089093059628397550323268931393709390952863086068233105458130778080025879999442560
736853557776930972830303695826658379184103064439046528590387448787140021149809897584552954466354465064051464695596346874886459271644796511146763927139630501959952102693825892952571677831057450642078960040709242949090524310352280267350759200
-5994927908161400924578730079987197729678342049790569346039098292283410941476335090218833085082559943450334475757066440188777476741407704782728618382853746604645062290642882773716397366445623438812527193976972734412254101765184488364282012000
47959423265291207396629840639897581837426736398324554768312786338267287531810680721750664680660479547602675806056531521510219813931261638261828947062829972837160498325143062189731178931564987510500217551815781875298032814121475906914256096000
-377304480019434185202819748757633766050392759289732583710612839088857361811988125717634488408692394900176902847548940083545339188019224276123060225016268788774717974724866233947954277312968798039397020157025788175492820129268756875580747587840
2919295497762823711937993544831717830446561796952587077728069970605979635282763662153937952378414319278466490738918345451773702450208431428818063510036126396192276163869277519886669588976229387425498959809236942810252297959526019623194724578320
-22216291353985450737634573391019149465173139446306290971670780236107682945581200260203406011400224268428779434423432355085731620729688385270138425140178491864250826675170134506527382958144798580261129731171205643683860993076290639505515396938800
166307209379550822156962023872279455353659040089551818993981644111505528288282708942165383374565005865742847940107357516331752775216570899186669496323453360647321878324525014453399690953220042302143806683247588561414157906582440325977015069712000
-1224713455419006760983335626655946262930731804826960377926644079970878374899939375623317490951981405185833530017198651700027471668968446625380513221126748849075249666872749476293828902639460032031257556353838654483913391098921865167485514992176000
8873173955271461024830489404471989444959981592482024566688528874091051670882193423265998825772712625612709418191952925306668422800009964009721142829228716508371518045642750848552493851551728693294219287370944096496614142327107170471612911783110240
-63252996955029287803533597398017391484737360858675618312197493970263372866175599744757665690105434909698205164449381038842964080503285153128600650127598279247318376941935897515688601485009086343732037627084769890236388818119038756639424410071813920
443686961382629560946825630627632406843942289220942246284329178097304674578053800233015484785187101449499808493340629544433090634119453087607085695003347580675496490511178999435578049694489445172458807874175255568093376038224401990630836568168883200
-3062674606776129672622092615347618582231731323535728044122670308295028673287944846784258435857650022255569732890483474172059900653290204928415970525609933383062727131796443428301091476582016608798397135580185251098548608473547139859528374775288704000
20805982181102422585017792367804221375473549772561291383076404368677859719749528099768755658873237043552160355556357351450122207042230159522381410879707759249868839004721324887052380117821928802479388874175807096438577612772552010885997448777265102000
-139114585923291199266550118110513656919985548322325506841450551711979302808212552234834335399226672549132896581391541503424814732165977341046223845900520194415567729771449185792957742905269390208026159740440465436872237918000123145700006437653229525520
915561410677738588980380135554876144773453396652392601978486348215901315085312559951230964744169236187500271890141516909010152427570868325234220815054052215902193923539926035678478881436218437488439383452191406230434064225952396127977223828368186511360
-5931510930067565077713374847378633249459003575563501425978906766554912518180773373611577532942754047853630457830550310503812128700901647979599460549006989678616670754128925233227296543415400997556299295959532413125531807178129746676670435922643540684800
37830171518007616935562384321530088794257797639984530186689795256013571895080991613108901632217984865100081033552222351049240064806243618642715697529961489139095548956894213617688701931844937881602219304489895823303359818425160957392752917202031712640000
-237540624301824954896995768729978783306424024341550536535071281837487498891490269530301347427416951675579775520034253069830963143740587323528241808151399552743450151400293863382129548912435470272014511855493218659337789683704459841602717666623792929920000
1468571155683602601155186640596220829913635888089202037074424692832082713146749442344135050335262562039104404175059766178922946539861807068981002154715212594881106216017176780973677723196241051409702518095401275039489950940534452524724641702134937409937408
-8940050090888605405383245089017027316981816682358032996449338653531493216653140776531423068798975895737634692018368524403887625480129748984508137453661490891069785803334598865378246086259718725442784905012761860414294270444235060470565082328908193382375424
53592318974552971288330135250556539274670256687438866430411764348775615066934729810838040816683611563351038990847647187930160843533499404187776014427463490668852377673209917886724683299297569402433591990316287987680910511449383477976682128746268385710656000
-316382182950503988516843224441482376225513952877979159569001400067454659497417445692202274794377876030471051020555794913751487794101070108151980277406267550642148504103090461034470400638490649048199848139679585563568004960901685238113015796577835856434880000
1839488380952904957354127109621652972380825937529043276886931398739297861729629648828064904151086885228942160698363866126976098370425381812820891233386550009400597610632776922378185807186717769267928008951093721293188778379524859761887650622302438462307840000
-10533817771617885999076938756072316099362399652832809364862731942025134673003151611076642724170754738102502956367126007820322357448689015792969215192428227419076995574328691621388904273337833256112893550196983270834364992327852265605858109675993639176101990400
59416341957365383601302318752816185335604777923448967615712421442221654597871327060703015839146579610036751142940608680205457320934691149731644404628297087498432816752833285728337118334670352375086483885948368656348274727435060190466178952950538086062835635200
-330129624437947832006018867491254844522607503773214059791873693805812272524299874136824274179492872347461692270738409744717368144290260311229557362808569419382038476951774215867759748530357341455230208146377493177418068290635265868201368757407641023032806784000
1806958495561656455908605113523676572487145061511455260773979391188358793371268018028187342728965954076156290333027411773681348471231420001858945603836040917495663254714405898741014742797148979988890227572545291930876656434561878233898214509380710999327139840000
-9743681143564403822587270079937034191335986559883949033443740063485251207972444524411873862696919653396774414266417303715183832429242548511270006785797263003669210152780030668647258921021151868953976602720307417898536388399540323819457549011601861696976926720000
51764828525364577245592151560615484303064824847283461107206344671650316612854857230395019250868432052366207321792571053690619607254168108114326796988108240529337002250730284806980539152131278858797524760795808205620021209683245398466465019366167953056080075844800
-270962047328692640500508464187299516094778157854788081224068456621408506962770942231846278963604084185070178929932541887963594775319906308139199984404054257156052331174948390627890146745057224235107617457623457612096035561646996080402969531370694277786663822030400
1397554592532077267876422256987992017169226163969826043076128116456098746474648481195805224832855084411335902299789242110758732997534770533063637779642310023191710240353643276763877848781090758743490592099676544062388331566245137534040007459470247578158924514176000
-7102969039202418377345503386366573903362808350019400795166734171615389899138249751901673323621686413620563196471528484640984060759611115922023724173811559862309179581698754935368671960184974617295617151724935907541292798112383309379694094895914971648036823808640000
35575057753304557360776995470355013287261941820880928105120479877675711724164015005174398054670959748884548894641829978770734713593311057541045948691471133474566662815715194818324028197969867666071460264521217513127322659433481961627001492238210663324053556722720000
-175593780930443089571491345245577092030448943248784508276877317373082992315204267121407913174972595044824859354015591210917633060714620628147225474351191898812811518182295396308230104140128295577558007672583900392893902356364072452579424555573131707137667324108076800
854187659535637801962522566681634418366149656866492443224664343127704636154322165738513860693813558592273288818663157593304067227561092537446627971615204371173601335074043158815707250681373122571508775311893115106207062819926374804883390289790505119697707557774694400
-4095439165793244959999236437442530971057754002219621967291261523945678418852421685672680299855616192303984467510041382537511325229779894892060520607570262558409340690574265157626386569072387216631980203335716156421043329089119552763992345820909225575688585682091264000
19354084323040781347955575256026246489501248186509820648997607074258595078888038705889388406843186214905947005261101176404948290786140957366178863330418141299625774564512311746180819181649482956149855425202587193290772365146923396671673011819475358109599757592025680000
-90155297104104011514864801610150201733227637774511609138496153425320761355712381693485588803320542823771293281781194069270807585555847182902157995660824928151189101410539249033546960063870038196668366490502006510870915856456081000783914866828838628513549264707673840000
413978150411869160694415869649597659889489288693037667097404620904974612973995013849560954206084751380129609123373410995450285461370351022832109849694605926137557041992532889403038608592242544942930065977701670312062768782531064814118638009953432572950243654801631462400
-1873923255804050398994390333929403750075321320039552160665290784748987883351352621940748831489347010941079150931810635737176776940712142964848211621870904695507864394147177963819787262716562360257209135221316856041707337791531046543934382644624540735727680342002952883200
8362471208465749515793652375789612056684150915076449305402639582293178081396889303292917142145199850745040207748027316455586739173634975467119419223884425294109932981182748606797198297182279705285179489991828398276980892889329663491421619684401428742927540520255200096000
-36791352747326257726356683370045680362320343871919925900928616625963253829661378562968855113500925201204623253540763035660709809238143118534964399956730318440373063760808527608674565998913317524589061089400715170674645296241186923727252556782503863467706368338554695200000
159589601453324837319559073643194580216105367948589642909141014805605172378840319854590230028598543560040981722849825866932543857432516166962604198623248753472628937692544005608138902216451584220809625272453993986469805042435017714336524764735522109310574116170092185600000
-682543229673633758931543768382432095416335183299210541668453256431783179526795959321938734331944771818795354941294607093059842021311135837799018296537942807545843775674505185650560825254158760805140372524432707864614811253978650945504773131764700419767826519570367489884160
2878333451892027074564491844533197951964263698476539083066461517987182760047336730833749127980155012046280979638153148739418292986823058245738964425366683660385410664024059381171276455362223999433557482635640359082480099576598760837725900847629109195294151685125192551284480
-11968939016413987907015518371047986312749990530148780013613050983299187144982820792536201846455829876291271812772843099110336050268389476617946426330704609590370243999353134025410579342536108127492313864162853834449554565174164626005769151039767697673623339742081919615008000
49078543018952951296536300554429818891316714104182852523942923360378436872748645289935088495503769016783298633867181398700128129367161999817055918093837358855602262984344122351386897745937734122074277781594431579714875934459899893027065020296888627753981324936601533783040000
-198457079028888025618212062942279910895904229876728033505808713190621747652817725092845412775598602575496848441051578401416457065172672831131900250179203199819243968635204192260314616667923305953569166137658604249636355628614213346657895359842881972400645498041912066462720000
791402729594087915493070104333158444672666978919529902502608301823490502584403128175802429390692649603842432283260127647426293785449691989924877775436844760168074003813053162246965732467974161185955263631174145168827644834551568556839096051640114887717685213858247118371891200
-3112441680323893327306053888849459219406014210949879162056822485023167388800166424820820866578706787122122966413482025166427946955181302922923324294759298844184706171157327571911291043263978353825647386588668550593304851604594723835316982161150982035902741552734597035267225600
12072409947108254277631982962183870320893753949487998875167870814991442643190598425944302165741826108243278551044685744275530208453136511276934811779696736973217336338313411618136779170346453897461634350589063379429652437331189775339980855816467762708996022059393220235814912000
-46184024616255307616794215927623594199925446780693809187856662470143291057731300347572464748544717723956750920215292010148393581652888534809773460275190285088349578816418009778064243883332913526032347482030453428159393293579544867499228025409142327912539202906601045433169920000
174265027666510604839030821606866106800923794167653377130503098925917566931801103402696338217659812139651081538151675440466593314892285105886074551135249543344354973849237001214796521373110025907478152355104748480048032090861285968020184953626155307956375770702754913515967360000
-648581591209129418080084938654813668902698962082732491614502680440743718282129810090052793742214440044897446756704814198135695832218097428857919364472080396834495024512548136676101273805270474508945495072049313561432820444172965531641874045520702322050407284042256190759690470400
2381057079901986042649885185821209806335818874326618345906311609359983182205363132151619413446964146179394580809213927670158933294553015326754151423368886201906449996337429579805707902169608984461560568797284056446134225314299919246235724903847073665134065450677502436004357939200
-8622641863175612757327009937558091561821511142736461272379701182513125061585294410478433024160150551958238232170631294303828434263368157393791986202016611975704861313912047666181355491756939968180094444497814249422523023897634198111100146506868202510344944903959092938986298368000
30802816931998440095634570923384015408430964148990086018862071958581574532473949532226317157946486212376843571578313354990985120815212300603784975607362421572331818399007897757244735864339951346265808187027332139318915714048078707942154382581405026283277295823163056656756734720000
-108551020515964268485170255355346995091389240501870580283654270719244263790807037567964096268127362724241600160157689316265787071010928306511751185139878606836030522536387872494477732560978306747346903278395387914500799720934864421261505001049662913233610364494477619918885474560000
377384689164420486203955892745636267921044743488830063931294891754793132487574693709965815458034806962416005166216915234033832148480763052090050436005410655743744451534815056774153278319474277285845588616391544731897738730642914801274346915560578788434100697659693052916892038758400
-1294358829591288190984281493599743613143413871318025385523297353171102248190641934186893252036832574533548362556195254648392729911854349260345477939319234600987487651363467677661039462820854143165945494488878025588367664351148088831990628248010918005132534239556859018670548575027200
4379837250521302325938022827463976190958915101676716758631079422595575478496654591755454217097289912850336988532438044293633602680249336120211993222403464738693012414037515139741700916674081646552735486722619490882513629860086062307468287968122881726351788222719254394231885559052000
-14621994182087480220731370740403306376726781590620100204557649375738215485743281209099559965828169537772924272032842035977739178536401143473085516850706941329436214629859464554822390332438600315634390760863146575443501367587076224281060402971245428255267970265946814147888698453540000
48162912497742075353481415876987912767299013184875985284265136513219127891822273486280535918901756862010677972031229713999584719013725607239649945609215594184492205740100385320762623146236273884806147142169267580629715632294469799438688915813034149483182584172837035186668779091520000
-156526615741182588562994868972052314842078757406279799748696944251600436705943582778726163006494680111779554848274749160456401840657388476451510864653287413904677509353211453453110432762359828807638628735887861100503343277404820074814825444503851338829249719118869900626780829752819200
501931506141316137023589439788868715138640097026363910127094938787644590715633540070432074355582742961523839094368747385940837930729445325830610172712129579969008044101504907538051020177259022052149817698785762006684867025638925847987523866554051403782216118253210779842041775707785600
-1588154275982965679244805721839628278890188119105165202506032698818027197735737085545845205248622302093852452307274352218727748555848443371005946459795046297825100950177646811851245201439524894042457596545193064639925487552200054098369656347587022137324775908704244317315661827102928000
4958424736769589815824003171951089208656234715296199897631323393922215309735083646332299079747764763194764313907008996826147240670233891149146205659598858964743198558865013003025007975109627768360290016761851625138426682899430839241925465180712465809829419733328219172519054372956800000
-15275944879172249849750659301218371675555834548882156412987408096479685725956652864914509346391923042449706587954769289658858155185236368320731409032298163942212682855917986450040656750771443060106069617307547380666232433367320539381142711760876315401040849870590205391400272484630400000
46440400027171556768226979341633971730857292612056643711123019354107892575480820374626599863966085241351352998041294117491894677578637083331855556599089648200720777150276270606768600588020264047028462243576674791963413220679991171772611958024240086450704287691581283410395968380524879040
-139321200081514670304680938024901915192571877836169931133369058062323677726442461123879799591898255724054058994123882352475684032735911249995566669797268944602162331450828811820305801764060792141085386730730024375890239662039973515317835874072720259352112863074743850231187905141574637120
412459586556390848269911217366144283777636575889847262055459813104810809463637126354393681764074828239038582650969635040169165551281690005868651448669495356042084345634254496321266073255037341697949091193809110494254018017214704456680584589451637274035271881664274510046257693880556224000
-1205029773191697837303888980921569100085140516738046570292098429924378106854682031290184845931369092815624018012169409853701052841528769643926236772611902579307596515145625229551768518759014311284539319912607630807729197485562967872602076770778952889113459637287251077119541727650502720000
3474363524262914266205762952778191877667623998518952611404467185932484628154546029662790736582398950133628764735779102977842222422850682719036459483663902505910224208460526721536370651404666695079039405941800374984568698286662086435452181554503676452781281116849833771660408804722426960000
-9886042019460678763560236243432799679705337540009466610806300574101619972637536220845850172273329781273746438033069110172216421537229310859242374505581101671724894720368859603440753506824952736010861466344189102683634512133748141198451788652135517585892511949358388401698513372038146185600
27761802605690691085303662754675272698442965028934115304848836525934156115073756159057363402051752365322599102826015169219593894847500766247388898225117558771234618108137342379650007397052407570104211971470080285337999753557227318558231283582281208400311972475755029433820540143251998412800
-76941185755532171575421514397803029459347810030830844664457130426318250354631004519798762883863237231764691275318057164010195640099301115445136843537161560173585546300540271518479699139698911549574685352562005747749402803652092936016774162333165415845855172614490151938513343245160705536000
210457191251610511839760124210336781301294837256114140107060299894843328101124100288299408276543442446538312812526324075188760910904014746712682462652267451713713793204649032255382941849851358930673730228878230403769053434360869962283308394288711060262539319693018781906519717077300247160000
-568158773012606542608457524490179809560051076984335242870924927188013318826694839364875600883561098958886872136433271077092654767439713627815289348763611975651570972186347103561079706319910757518871781547583790753500562902409213812924030488764169189334937940893291220868627654973706578280000
1513853253153590004142045191784446447676740175736220598147509357013612630734964861785268539823627287348413674002708732078065653192590387984644166885195452643695287880176519955937440131778113234727834689772500810628102724337521366437048192257409182231827948929857716363196082176191165935923200
-3981188213179887658744481866752731147847886839822194386759166192296327747452705260717517496196620778612661849312889343857868441246783773868648345531756680709817286019512308483659920103972885421747918262901410849054831456472451520553197670629011910856654427001966061071226766906291194745753600
10333869191651070093207797583111730502579531833696537850643563723595799105950351453259736363169672927041499006337701825704408427283948804279025364670139159211625235560615563984152863103628444582171416530573126327223581294768516251062122647196077997519964966492732304302450040656993831858304000
-26475286770516478923582365757962308954734111016106087351926527571957894356942826625441280525756065433989478212031624494936011671964332237108433363363389653088303891542422140221252574287514652207646071115324722578078268681201227411717380279416256167024468863767831325147022867503486478565760000
66950170545898602305490143543062692711805570978976630361863641039682501303363500433206040159113425316172886120599143364257787573299969161390808169804948662434498582228684234752878376344844458967225875703631877725611148122817533061755751056831116127844564812979845621945725046725560357012480000
-167109653378371764962793883652894114059392427776816541579696377274581445492282905710824871985253605182362605250591856402913991831687985762511845447786374726295944011226897962607947088897605383043365155496145860900017061314495708969871645239288639215026025820590624294526247921387743178620723200
411713829658287843770216721067662736258981498372974704678989608516773576741403794702672697722928056595126387781743670906253376480385600725077409347825535880449806502968738576085783221334918200661624183255550720566168577760173455818518644482290605720353472565698968651560424084098043186216025600
-1001240400163920075375275920343676829890149849990044348070982501630918603931743200118426043868867599672766427336031270016980726022029711122177993405386422335358780005679991039106021907264290126117902128851948241959582804523482411880856730295600006669631504403597812549288410541538096274491456000
2403448885840838359540684222557163806789586206692708089132600029165373165906347619508249370519325304491818744855114200899275339293686336268371043844930625789448060412590972513702865482297580540096167722822789652444011580255005335143677632188411092518970667922785086600934725077406489836587520000
-5694942593640883086117511667898162392255977675344121794234817145481547563501492098241821129958251195312102700560241511494679997984870964169773160185764498375560266246910529166921764392000666068642204885735290850330368591458050735008297515789654131213556506635580275569525759720850393538485760000
13320047135754597704149727083734371393655902825612726520548723969774651040880638667135684280904831989960976737897140084033961869666928360080062000530357113101382735128414453384549822649422384331292813262082187302082624917921842467063622148294462939460732454073847717263896572385106362606007065600
-30753024613932878133392757624601030311885927198963327545231173829440408167785742675666369782921552992034758090446452924713286835020819448162568976184039211823083502821101103724370746942462609781731977270575411779954199005336105364621838707400104920915021676843825682148784201631042541441435980800
70087243824302834022049235784335437964268877180982894040263887763224304955070501934316343113743787680897330344918139609280829017724584863599134554926371322781607398686512376639909956508753354652303702764204006394051936374469429318933628025630626262421378839848601992917608991299381102481577984000
-157674805502702237250231419360383822764434849577157418624032706137479521342647396969608093584228242007689453484641092094920323078242834796902273891137722289533116043516933220788472046178623771878108885092105677076445542478106686341082660728496979893188919095659722655948390393967669988138240000000
350155218183097594314389082359870228854341645780522497657021611517200815213817644880610065607130591327184718249493534956010478315578017294109266883404299252194197514688393553213047336606977233195829018814635510707792050128556916565970956625776496243986265883912061067183857717215990342758845000000
-767602488073915810753907871036366185244957659399044074419330398509973911538059622937387150044715968294313735241689738585344925886114227778428687989201495836232293253977347716385793192480113113340047578845025863562272670246264060119997842871546662255039047931470155559012293246398289229610545368000
1661084810905978673565038945295392781790952309853111901038056039754687064266556778213319894277985091699309040034330868242638498871102540682398113126917983628065684642015981838763586615601103105005262330538472445920018672115652636011886631233971130975897797199654110612156604822967932335546917504000
-3548369084602371528511550037908563342111026325119472384613790653340782444820222347839686144940697645380299299070018248400093787250608631365153065311678803156656062352654023965182747515230092264228963322284972626766404458326970519688106133111051490270953250145586489658893793318096511708655843200000
7482537300979377634569023452514941396626090831017169952319246910957536388142366377542828470460127652481309810019532940705183921175971802290090778306137088373973483285201871865638134476368165474083928889444419424171538487261513318871387240528498468057515683305616939758539889649310164925801276000000
-15575908533147952951363595414787829135216604439013888436624510412479883006403103313661215162198259280483156743600661207951793298894616995354649599211167654662727014280095572900376721913079042116806009217185430438032029440417394375163655257104412163546892403590531492436480806502310130123286068000000
32006872612236579917297320906788207529576290528139238726178275612064521783138807988813397599085058163055596798797094063311753095709649260170734027082245155623007133465094691050331780318324086848114941889318053503512924920437286165553685842500529675353523475234501613493671258790682805007971431680000
-64926067955366730758194447385046681052152816019890474643235979218468545030495942601021881080147747432462415702333049468620417352352833808749100715756141421264615752097266629998708099492070128608918604503765935147031531121285080234966129132695879643359221932306518958591395552281251829285018115840000
130011363039339815716375548810202349951713557346607375093786672119622097640213523586841155299091933306160804927122771843934092268069790946547600979938260299938694369817245046471105063972490310297808546251038430628475372032032289456834300645101848765629773704369734939004544675699935384964685874800000
-256998092146968121048515206037445250144009659537865321855066711829601676366474134423582283352466444818483427227507971420210118288196681011415863234947676400153272049530064141208101824314461449826103338446650135071466310847824515888304683706259185107177497560913594005770463848528036357963588658000000
501492661073110705635761427691740632759645410590653698399630506712858497998484701491908097955371734530742151223697343310442886968683595819777963235584946453422032506906791828471825256124471783750081991130609862519468777512388667427014004760142841155886135937404041426118827549264439125861887664000000
-966016981300071412491202624109002748254202247772261652911802511065770469145872413943099892302299497467556709914453593191880559037421317151872520616356559869055362536029653380190209124875784226048890396278554034675573908247902110497389276819904668163368243637575455371101761083987356627796500639360000
1836916950149525336722893699980901017346058094963097657580134665720224411920085026139863246803216302387855430077922133506278480439083899327070434383745521089699715158464315753181281743704117994333271403495207927040015108351027303909751212464853195846129056793456286401943502457679778902195342389280000
-3448082369973031456450680931785972667554730104549381358524479668148121933286940567413635304646639798505644345996291907390811151793601647270730674379999804448939619144593728416683018046385794312388122815565832537297512737435072082246873170008933694814517208834375964620856934993064991161547578287200000
6389215548908434815144825058263111559680539364690047796602100592628113800540168101753674909535190192273717084876964878888135345177890489681800218609645849074230323166029195230122335536838022933201351788747083241203780399004045719804953886098045346510340481591273590258547134681027142721489192448000000
-11686847362556677838111670953983730766094812668561654451644356300127154885625923631860948085169469667186057355074314550530786317995510093195559115579062468248504172814835671735944258397007180373762308764616542047420293542289870782065807616834125311871989365349014172213087660805618930918039867904000000
21102063769016401421440385866286873864529946124671637319250340844417094040358308357778924386284123667812824811756059210302151045430642912026231428067444669231205347038787659778214351568096090062374568763110743734373267527297147930867573878146117516248860797808313714702256407542145682138885736484160000
-37612109770146604300059796939371154819609400882636006787086190582748072972917359482831693483949851663418106833343477516366963080458608601465049777514610190816653830710497665384894962507257304996938800676013042537379242337913993306713104984200005572125666162282158721219016375027729334069039239993280000
66176350500578958183835828779332077600788072313141420315233950509636661415364468292995316176937926292579088315478996026337884635790844721927442269570135818279967398340442583178395890594013262531325968541363019996099261158709409711148800245406197905741217153226446872385893164450126879695270187980800000
-114933625050159614160159925154776562149212023168457016383491977756029531600072872458265756414602601753381909976357744203645815489229793569023503225385108619006283875032669293601253036628376943536726019132576072680315665432631264084520740557293648092656785468833312316847622711310653222698918425856000000
197041206020217876546949799124861162077495511635952545488952216904098734066048070849070633326485796085799932603246476675922485476933394416875351505116354248265476057458251972912064884147157650378032641104941121108815831419272505082284045740423408921010695700632869550456919425189057933593677873728000000
-333448540880095155048106849567751303334775786363488939912074589602689634447231936506084895671321960526438506520702604819050897996858263581370784348824892098035131902383203284572005645427474001961685591850042717886087519195973041128751871424680873882338116760926051746203472191441554616185126276308480000
557003868406488515987557426285690457920315531296060049537837862941316176994543294294518969092844774038214947239817319650145699925745392109749650476799700780061065069537200965543243219726559784359555706076692416314178318799697977090740782248961269400122208128899674778905026718362811042384196659056640000
-918418661875308762080485490619564844768708565469474351050808894139908879423791287999428538345075645304368742605016034850700825845864671102300743983898537920146910138997438593139086883712129054855013297264090111608529364186523594968661492408239094155047509821938775990164584942118490334354574946611200000
1494759821372892935162860913290492341333047076669718758782940464090219804083010989996468468527934314759484117045429648292064787122318118778295793327072119631352525118913299999564623391317379656461154251042784537136020248358984974251479828792675814986346509709548508659850984532811863983950522765280000000
-2401292922504544362526837237245736498988653214908372405784700553939100387833746933704589423892966912678648675183882989932977355070793238571548779902846152991751835606185729582694394987909629940202582972316808894249431860732891088698087859667374545573217712723990905115193909975994904733688552103840000000
3807643740670245832061754840960023519932343811364469422446191419161289677374010497885754084247817486625676772886776637349084604750974289846316324535866642337513182654646888713013525134108735449501388526215760458491131122017159015269364787911607791431810691228774314568578836068175984619639524283183349760
-5959351371586296245754594571247777005696558734495814010277008499921598800941406598673497404312432304784870189948649017833554852815992093803532143112173751756413586281108985060066865903692380145191114630727331764394231869720447776743308458317300726314674839879221500284211027965117325303571626051883745280
9205914108601279631338588552522784773539185119898578899095718912860746447032501690127709992489443327969824981638360869385735245988423160779265924025325098376545931188221079528731411330817310598438654970936496064611270887181530720876142601425535419051864477704579698568296514288517410120313311219604992000
-14036325945241167423651198265610479463412282206822506329691866570336117569375197276133260271477561305335422660610161524905885599403836310147830115378331218673295945168873693646308208046229677511828344949749993491942335956419901743565860069460937199805757216978525764842020626974142021289068374892239360000
21122803852867109908045252917285483138194737040361824888975199044900381030682298238347479280135369086930459347655145423306817240295735316504937228623154277366125561481734905585169125531532440484041018576497727201712714882151643320716135879841023480295451619474411145405513339817494893714940020793876480000
-31372845418009267325015032395209760492175463415933943651708354456861728559204393411170491370952615317903219274697213223184146132264849229261519917004161737081784553669272978800615901187387490496089158525176070671498843377213741795793059394681525670179998799803447197418209501672185149405539289015790796800
45988868921162632650444704164779835067173956595488618449894992003811531665430414828862407913584531377568458088403501585767433939123833248240595937908261257293287330656428780020409674000090659133579914569040142170250715416903224896823846892215954713178285594169884725365792089945121504716359686541274875900
-66533427754571535722164509780095643232203476547440762706168389542978862788084653650652506293548273187838635144171699708216735303380488516641132263120166913059396370586610729531866438539246058736835209263495749898988737326260619464579368193094453400017427666594548515985529881674303704570421200130986400500
94996348984353085076535589951028933549495499234853225280846159217665872233933740204284811581918572858785287604442015808378681017265813782548723188013650973757061340372445822587413411435159326698347729829977706724353848859560862837474057344385806909705791800870528979016657051173694851306604634043160680000
-133858169899792887116909014012031840400395985065458645715201346249033724022720575503191861259636696863954946113425152580542598735782360372800837225154877401834181199982479338239293956397274415072940511720442193358866129839332619340596596985187752516004838305834513657870208769220660968531390256908240440000
186142062178404298232809392798624868713000357693688972364079694567961038358458949402397155707853373550284330687077189987889444549681730835573519267950578332574265821348416977985896288123807457315335796801308401545959344222139401604932581405260199519445544676060171921515253034642293101861313753112459087600
-255444259459252932453982185625487714535861370770821423694767576625368120680316172208045878760400712256150527526314014057895053578748069518972406478557624143275056029375876225437905237778040435874539955261618492120211350037701408966895854545704543851034598038081253236725978764807702265693416032973855534800
345931157265487917384216886774449885543582440225738004001305196711937248680761484885204022049514163092648345650692715267494962133331690205752504315697172955521956886119419816979017407258414995030843689777985767546979300441476647304391332652070019177090149665229784116398330312576831225145095775672303632000
-462290137515872365415288466350478901967948688896269895471391025720596214804409314221166039383926927748976417618033817689295736887832913359579186288965695356932615546971165851500751406553970565797915778233429924145282303290605529841134219573712099678097529013076885523851431456910456914170899218208581680000
609621240226251109971710462083043717316205063405050125588048186293740772931641001656320712059486284371454955670888603595440091050949084611056643902752799713971574117467658274215608647175768003348181292267534398937451301808324337646908916617606916569309396472306450796690446544159295713780116582689312515000
-793258516349371309050978003769119997787646884854255257046781847138992354428201112002177719434443534063071305008901811433929798222067303704859310262579538413143588056676071846771777893489134985802114037822926676262091313747851472407787680905664683932886056820831486897127466212299498512346219625625727138600
1018513619951773484717384386997809564687265308881782203518938849693074473049539468358497391813843719014103424691174059657833318854632404417703920780355389023648435295563736999484460371808764418426005654759133397663215439981977649461567856223045751680915151931410748510801006988170400260750033361818729988800
-1290340130818841928940658038571268650629555280220765611957145733704078063003677384797061144660007791984159558992037834700966715655376363884819952661389512542900144955306413431363029899141642587918819182616829143485717326122856421202731149753599812917306343849476942470128532398218655045654157907568609448000
1612925163523552411175822548214085813286944100275957014946432167130097578754596730996326430825009739980199448740047293376208394569220454856024940826736890678625181194133016789203787373927053234898523978271036429357146657653570526503413937191999766146632929811846178087660665497773318807067697384460761810000
-1989224587392827459965505336718255140685821814802548774683385330373976288619511560983197574192124821727905078756623603913336821720829466877409568610169571106432291501057376450282798698350935059521689520499192991599339964469501451012896035113191292688381345686192679358730542295128374266512935388972399030000
2420468831277000919187656864036434897111044420579496385590055039032828432177025425314863616202170647277806476077195338292573791960554966116512186200226085533950205559805123739998427650734174808227873075807413101876925270347087197676926336058717701325516857170754944167857805538368550218611295209100242572800
-2905676578094990972867218476110676731444302354972701077637505241026827699323580732452367492207785443770553946030061853867569657556656465431163299410009836180466659941573496062001897808740036949630233438847632266728058749330894849046048618155318265028547305711322941445117137698005017536844917954819578790400
3441222180102226279230991604628264154535437018040496167044201573566860983655008431248329904671904203384190321571610343261738394722024214709647062801484940610571052444861993470920824583718128751170537601533163105681127103378744142968949771879987380809381959970076180382530866202140998548042167376747560197000
-4020507739704025993425895879094125793398182966977635601515837486325248160471224075875811113114439459937452162927826358055466606561476183711609145345292452651524566163994660890129088014427351245933456260697180660242109011615668347207413240301760404459699367553494390194540047156830595453726357851712672975000
4633791007793568665873993268504668824273509187578465199637199451445882476813549960538416857525257307121688166042662889736046333482756289948826737285383682442206799257261042377072429640795591781769541575544856520984458529451230096797419319846964732765316038090318645036405258676357794280729318186810620800000
-5268214440450687475347835599772071680558175820678464256523725905928800389738211068524066684207128568714256222521416364913924333309274751120795689852033105886922292804496491405465261858987956175930755902463090496763276164015699999901425662163599084408979935721884387194513556836159560918516708077802186654720
5908068462754953392722312796908849762743171655231566956867108494692364520249893603784314858990319514914428173933516556682770530691355852745580421559014442471487051429617284548756647632976569000701173797989089673355035131006264697431986340413147744471885343793965808512561753484029602107580410334888747132160
-6535303611103059719366944683726343672051332537082188552751838724432931989941348377030767032762102579576979906718544719056030298745309179081978629720462286811602698980682232611864099204328041469776904770091151794315169059210425213342280502060054409832674328539572365044555237614943665092479861944944967520000
7130283117957274410447450646082051892078157956715104533513211547593095924018613104280760263476275678147235465743332264256566362897940970707940040086297034624946167098637827413596356877347710479938779180866491373332838039861071554125318202133737744385527397423227858554900078097562882881293695450517049600000
-7672741933035998721012189058051295752060517528401835806845584445999415396559282247836863888562110965026745343932615722446047304831903874942628969023374552116357264098395451467029863967796871480724964485642783583259188765983003000837592381461289997340282516801709062269679156764252254708775629963922092800000
8142893109647031091621150234516581782582184954504417684601785819450706105297430103941561517652064805281700505058282634826542346316756760340899244115061941763895278087281825814575928591537894064824489095196711291600733955163900276552181588100831287483429419999609704299571231625163834193736830555078747568000
-8522601224155717259214634045049503783613929803258679483650731189788182832792081104343188010578888206872957217354537705829079407893209672431364043406251998495378699192857637704613650619805551844572513675033773777836646651595220558948112903653917758026026235192408211552911757642360339272210241607418509584000
8796528198766426143508087651748695620932439996120321060535838439437327686177430927072190431923886424477294004331528279443323245811008625234726129002378703743532564128436131265966103853850909101686433308771844370062269970863333125577952657460811447849406888292752703639945136905650327542163581197335537280000
-8953152069852854038482959768910773308947643824791768797832147615661748384157041316788692617691263493004864847395828736765629417052084157449945690489691468686761689681847335341248198324946707480727311006062466678640336833709056171652621594387719227003014177966808633360513027193048813814624534221938172800000
8985565286531055702081911170573661944712034719416337292289683162970978082234975457639990701458941643916854290654105641039775962749604597020162216744687872039972044936101196454118220070519069593705544179214745991650689173962019923910637929261271275384844173750957464457285366559498554114588211617207042400000
-8891976019280759941860781015445249288445781947823524471738411116730615540436627790823574177809396988567470988347015787271605443026783230580284626897153172874126352722916319726507459662028344658325120782777495451682249862898038774564643473266749447142608677647623392251303668558768042858436267917260509216000
8675862171093438425351181124757377563845187609319524683853722852022555687945209921390383490422665593226963722406946989468583881816733288500065473903467167352172183946776194981821939223276910001609018037946921084256650655999886039909715222192683503808955368791891140016529453522643649621571735414210067968000
-8345760408971683444411135699354742819158584421620179173295168451480620135419134724488181668633101145811391063930780326464364553117663952631483784248214995995451723282094135043337437074097609100237838801451083442934547156432043248943732297714398346760341616946005104823534475954141358736481400230000785920000
7914707679515246669287470270438417126676001285260456377452232233717515189188719345923036868907693577950472862278105474533262390868965163411368085322200419379367194171604029978165060766885102380216874036966413768581590944793409070721378068795989751593466333779089042551832825503384925711463480686871405050000
-7399386019559021152500251926181953335116224762119613214887305581893951683018914676401246247469731416615064145607228239221042938497161275064353326782645985397673981663310514395003202067272775100327752007620221097594094488120397989357615015933684555664714643508490196592171579767732727749047580398618071150000
6819048918667091265200707791757504295895932032857532730162018214258131168141473996192653854505280186841069340560554309781066728957003418104490371450204452464462833232261808652441476492531619041329394668235405659309544580348196501393253200890895217624709200124637624217356315318886531884211458635130737056000
-6194325763401809867538574715288701160274474554663974093388752224175177712201634418690467902482371108186908242509412018886042866659103859553521012305760171666889556343515961159785024931625863316637510493081944114158643588929326761335756733767082731962842973054020381994446213947340119886741985009508174048000
5546008031268696815630216665475927080307672493702474459200803912478104083194229352632181456130420932620901848765815743124419596086929872376569174322360333846058696885719746609800018803719253208764631626968892072561348887911249823611039466313791233792027497688871223042034433908096556016066371922802753880000
-4893916509321717518760463878357684492174722242081223458127140681775894591927440559687951009437035233382991293471727936497692535749576261597537511220752799572600456412744463003941809741240457394145123052115090670326794546281456165915203377681758144135808723309769939097127730558397355834047082726786830600000
4255934057252705613982444222411847238509296143884046056047259368408191548498332315130546317244702027198536368500194890215402754954233750193943491640538044776172325276888979072149312261436932544346112841656105505890190342622107652824216848229700543505026494906622087811246439569318483540812290184727572800000
-3647265797826481263834492475303110085616602092671396389703516879477328554960725374663843881571877420125706909811847569288991922570891110091515215892670920325908139578570562139865826591734616400169936795379151881916512560326505793047713511337234551382492053589669275344727931245506500246943289740727350208000
3079961443681356096473092006742221843209016111584314235771820293996171762285817077025069406383994550769959857139780153813846036878824546355129517365172297903046149460592571580583372647339079599796535833826158343672832945049277650383653981884807683387598407379844438734999659616879735896078799777859468444000
-2562706414980252929980416826342497615689167063561889867637913937102212092790617106738030916137279416542089851543200403464127581955597814052247853699926547229807300158262669241879135184067972057579915286690370502260172703487078791845597206639180354864387818812634567685330295293914319582953026445101924820000
2100862877917238112050970057179111598826306948192711841403992327159148690995416032729704187815795927258503459217433779696730867600192793826895677552302290868992066252888634755290313965588806425294106491498794790375890419506546282221065229531691475993507423196700559969055960287790667826212561654918924000000
-1696721539739581698240692956885307712106753174800711100377987472152123722731759418923533645852551015490271084952924141737151249240352124614750937979540299410675877894624423610879369797400572592314519647494854422763843983396507435209981686646421400668440134641350438266302921674918061196810165313252772000000
1349911657016811199120295316497950815752132825871445751460726832844229633805387793695563368640289587924059675188546447166077533895624150343495846256522262211133728452963191424815626610811895554445431831546906178750914273190261315453061429895892866371810971120658408684670604484564809488182167523223905403200
-1057910810953131263133280298863191375049377899088865053266144825249598091512057808586727363534248867135815378609644081060175970896469150967861674504164967095033477791037024765026698780890685754597509920810200543149095110863325175010361041344997088232996262541032758930228881913196931248986197069033089649600
816597091038775063863239913161359949163152976797685405792910351493045323038999054038261549853198546624724821873151871701201573956311436210445395871817175600745108070797405195582206856878034703781245322848100064007020479417329199604506571100914378882537354533668547746679019414598745229689797307792744960000
-620793102735584807397257673420875052030217756598965819225960178004957012074055255765779660730472966285142730479981645431116381338221271229487701694534084578352937269780793774310363118820621422196211888901775903967693737661149685612483919114556514874431642428056032523820781841016887487133063241048204800000
464761872317235561528322627127807988874942717100602137082385439705321218743288337906020203932435547863318637859775039864180230609730493787069285673924691003798941999454570200581992333199458480770770301347559635168334426087469966760696604437520950388809042550124878573603188344185816432866196108051021400000
-342627298485823139737176430484256318936357931696234280666196302816997837787648169043342752652324616360317429355393845297991035044178527636908621792336268576721608636179467560179655492808230724566284939490613192369892035545848995974004971090790102195260793647353013143769234651501414728831291189401031944000
248704475025464854988000423204258335314049894287770212186766097546517461646705014668908541717642781887073935648974848105577498717189181152819484023041474460919030028876137929111568462292172090727084185220406654053962384894487852517847514578781896556959776396079388241228879285672691660143590067508323072000
-177736526810259899921662495145018198337147668725957438719133683118607981296499870163336850548990754002735996516002301288620276354086274618809285471166362638491668533299581642407979859496538437234588752087772710413952789255782335158353079018916430334475970452290498519750566735843182917261419314762205440000
125043597142401181910648453849495220073170385085705846897821955761257133071854458326668719489370497998635946275489053676869173172876095969591538543026259091888745550603116870618027658783089215097786866612602786020273329766095811355925161217347809079555218712956104225081725669908226807830442792494830400000
-86595843925461540531391666550310244309320654088479673593957763123570191033925412887740134045471302554055829699879166496744067801029378554867474189425386515987050010395051338338264606379428453513379216608803154763969097350504847396736936512758445971108699395238806460710287350062752602236804901165003200000
59025745686716261716631422744136547796438502865887331312160346676860996810470866241399893241566620213328543898656450803358204133596549561478033603580858671625553838511107626082306813488845800405206994846441642556285450081659412319207661699601761133106183612754659504707249350452763230561078753859650048000
-39596028343288543428626633325832152590195711184203717057587284803039381892802816496321887420441962131299261936668629330489659523786405487922780516135449935288932183332639200412509310073270355638289983009084615481430804661328022347857763195740956644361912214993233864868233988538441875998950308481877504000
26138650367148687137610406984693192445820763485134480380101073732775627469916060445981719321556546747177952129050851832442323317292431137552575155806870611867878678716257756189470827840527952963885954020420132631048071864079334279188649151034618199033288943699305639345339374830295395213804105266328160000
-16978156520057433535116600643784781933977118112632900805231571486747614592862114612582007665968325207531657807389592180766030522878705054028908328550564070126391610816779413029805102936969819910960433239998725514976615593409021597200846070962119947080028804339181928566594240191548831512319450424346400000
10849929875611371375924244121096104711104205627416668160331360868970279730080896968533887165983733971724559770457254088661873211748361475559388372401658697416971100392953438843177815792249121799563825891373277792685774223188726041588207526057662112313059910176915645209987929388505707898172582379987200000
-6820940042436500227349744762205632812032947773571421951860014710461043882919791101034772965753583687802532768166823409389155848583028878648718440736135730775240516718690275249166933447263370811136224694159472869034476293961093895169874500054934793690867867341152139405934361777027942080928269249495808000
4217867787016994632654943514427509762832583511481414864239026080972085179483769236767897383125223176919071396498608114514516857658076301862692940620242239864500394832014972721574665583456363371715666584030595364496283069615342351375474789991508909237539147097635217753942026227847313808015129482633664000
-2565206040497403964361341767598814389191984608307244269800357043443650406951512672084208705128899824432614996636571514479741043853290740163982914209576217191124815951582711121406678214858697444122271724099452036553158453159466685948831631226612534586394580251290950581975807629838973254553678893522240000
1534192291931519636926683577631188385134401616929928933166464874683279702270751615913659887723941511230613454734581753053031311382530595754891881762936292232498999928322874575992602136334144430802925061049156077397403418051941627765766158939376667178762155508070059443830315705991269159006828245324800000
-902218623304192466982473888190792214420043002348028588039433157060873096991859248151267663064079872019473088626109962047862666120269832664380213248095012195924152206745470103980162239410424476690868254324983511754923917281496278833607612439039689998905903755558972173004761969650804534963744682982400000
521630384512709089992484219496559201782463143662233247327017584283514949553769872339332526602009616631258640029494279229313098486176320049433263136134932637182553781720300898789468019746628620293028946572815662401743316393883844649071338738680720768508057870547982309868886012218810856328061916125879000
-296466845316114774092156067452538276355881533392449274203590131970725109332376675632110817590992800717931694529820881731604535928862722906949274454260634699113186955861123063011884741417705688902676159957141367390002948709494469135427303797064848461933962141991066546450942552319661301609459244320997000
165612434712292810032576669754745350936814343718323578969483627596778657580063047843561769943967275737650975533035236583219539379265160591513656652817946469779674669992248059581501140223308451653514555618201728320946055218297130245013207784479727083399705714132581443332033801072053379395276797105360000
-90918653472635323779733619225747778421206390710799326989400595909147960901552886208436775714717151682408147529973383961352060481241189629718915016823202408310545166960346668831585444184167312717030223361026215046460574841395663092554625040555132021793730839718041984173549405787478623439930206886000000
49044938927453828637009939314849538908284517348452449024117673993515000856701882718062773730881371603713311407629675230180655396773796737842199355782886621492622615784850929380001338718002463272938457252021343027463129021095808657266263782165028350576659331576296310392658852984809284866601582795500000
-25992772887289352646354361116269465927070854406144564676175936307531135933323689398101169331891202849744543993256346411458299725027222415031180854318297847900928013339835930658112141444686957553191213240339907799615228397367311458699249043898850859521238463643166780208006153195139777112875645001744800
13532012291655174293514002143860862384856187968903294011850861944588455426614975036867604132587568889219260510923323556147811426721989553416059828255888284548369764782890232709661904492563137373470618447829485666915496977394130456423953207693511426432977169976750457444282476231516933156132933932934400
-6919196588822926002280747666354241140308167823507071048059421455548764137419911905476870221822193502399377796806597980270848785231553449794004162667664449846927558375225836521437258630782009893429341559680508831454561412142861924314074214017177166533148414073626717361671243422815029789033547146080000
3474261969514188565615760605075625617187009460754870408389444034696090856478878282401291357291371328446742903995876923094802678634448592335961712404328093217681316026822758857153858484856894839781501255334818254342424593656653416413651556376486378421704689621666003047641662047334807305952485656150000
-1712817153196899921720547973213944898974976079805823575196883824276267739343524004617290219964148965732980493398360882171339467853863879979156926294400089045510740543226160889998257132947944672862041661555528002387956537645624082002953483457455516964158011772627404778515553365470822722143573064450000
828946880092648424925250324887674489950203299449826682343219146691059824925262526532136489926450937465482129697586886445897844938200568690739087634711315822356272448027470923291718493433319339196703799179270411734204420202708646628867404886517314656372670821529428296114634752743565112468823459952000
-393761306310290176051558516790913221679963037150695320681521289977663826257385727296318757087305575328046352952706842136379382664623106729330093169771004365995997544862621455270314304850724604282674088596186325771791062883777677243783338528390765022787332240166263878704045567647551219395724567376000
183548554926537861495945316743332861535749935121232450070915262366203071863700089531180666090377417444068638542514130760697966697890978586813944214171452717419748456371039795069937118805616110538937025258310834465766301449489195245913666112540984784355613391817958322033439734229670322729644435620000
-83945792306715432962393625505127885297780284425626560843243852238743146656273841774872417289122372153017350717236192422411577172519735763062785134879972085273945503745703209578694559245974091622994086302295394222432684738890643227881138588115286848457420782638925017827971179480901896646501614700000
37661076171308526559771560196498981707692169627216448394372945577509206173161400849338580986105601505201086169244477736355324808439418188799941468235440881026483780087713383708581387833397677736272437441798557585825155131162814301955925490856555238549221873583786791317852034768727617728890537600000
-16570873515375751686299486486459551951384554635975237293524096054104050716191016373708975633886464662288477914467570203996342915713344003071974246023593987651652863238593888831775810646694978203959872474391365337763068257711638292860607215976884304961657624376866188179854895298240151800711836544000
7149359651244704091697450642914468683106920415329877569559343737628437697387259296437577816533286571452905171643693394772656876581681899284560317241684523371392322691906100634372663203118082114144677123039386894768313569095614352755230090311455505297551902353922178765096834610497106309427013662000
-3023884077939749060436272588755703609198292862932408219265671762866468884942167319465514800845093471455593515130931963985811031765720311283306666772660814836309470194381473324341069103027913201251570108085806421560425312290394697801314420203671470180840771949833597698152017280377818784820915930000
1253555109513204330225323603895785537372913675890890140965146657061692223581641436310762761878292311264809608177242899534050019820949143433155384425906097393715350551502981133720747108989548415770406851291479571138105657978301642868511702503815349845634072332412373402406074178063561304305859200000
-509216880965227571530954149377981015142399814930381953260726424166261850083638039795123067261547671589832205937454688690039740998610948937879002194155762172542996578482728729000666869318567439314049677942587871837524790346421068334166356087970100998457509060084813285165659547467749431077961600000
202647174670625685127249262006787531320164023235789717801093930945888496118059553483865411646195839825420768182929632339935884471454135769361467274566969576000588361561586958900922825745081111403144821661512218477625349957584384322188486552517097978659509055364548013587897939634137931032098144000
-78986058750756941607161258519737801377901755446854579681108523595948644314710168837120699443937823448435647064911032125135783936324212859149558236385985346643687845056851985606131055213184537560949189912064036928315148099238887269928438661687914893119124611211525611405511634042001990421201952000
30145494875635151613690354128801130719790143660849393291651144739604899646118993338882630751148938466008064746226432697804977556491851014264528228106685697087772523198059852924469839478100592974939056783921023635306489271485447896186907953368117718518841033518710913555812381105596327523019520000
-11262698597170762940439438632979912288148439549954823943548403021099485452023904599364091787152900494465609447767366056932211820717552306708916678139460342336042305987902326711617368564627931934937366581418019650739885047285934111440773309507905841252332426355642106650678996094284580202758400000
4118057420416310935868489984212537561550218719979087702723197521607393663282266632345909304408900914299435417675081078888444269358496596189506209688836618545462737421279727827189192663722969839785610272823104332140796936063140524724677017609079823040375873982185663454583379554890356410669200000
-1473159142229834936680062466185974684589344783684012394826725706973503169828990808138260636609339147489650583063955280470414354505485625449720520078479095829004477182614320782641366388814621573688145345990631878666019682761037264459164232159437175259283044220016663425605593094456429200671152000
515450651122016487584403559955211563935300831124961669238045761750360025207965242501382117229877361505951448623266387018817171318167846226384887108217217131255133317395742164316228033802222497232191455217812056312959274211419767897903967361877312951158142239032861084330975671928488308644736000
-176348857419058950793042917492504217926523081648321935771090991165993249993290602569944408800710892933565347490930568422959856592546441090748411035911005487314529786063480291830403158007146938962038776152096335488313641846867238649554052732541055128960124820710733519662272278692573444465280000
58975167834851759703380880552635923058067320705815153906800643597426399001917933380257865606658666632063322213821905313861426476401529794022580979607574665050192036064630002470036727930451934105913681085347317902601916491595018870614836303242772598121325928448149586688482851821981309460000000
-19272326215142770514804223188943995907096440637216119497806963958492647510885292422347959579493065803696327731929567878815661267479003377570633990946874774369609392463776717665001698523130174080817745734764733413332107963932615792210920512787022091140656775642414249463975525250780552380000000
6152041178097493046619627294534416456743667058593462341569334845982828475638028366395874378746913021940744486770398549658837699620399576134874053730502785117952699452273671572018174849375365936786099013977470493019908161809151085213190495771622137567055041263028300498279991342094063022592000
-1917653569065819477677401538883655126081176662942384674664062516459107977613227192593410473673246976741994062754714779121503430804313316631419942089857212659675956502509442369625359930037598542791020855624360186552410557852264422573210887972643119365813708895415425394562109946432563877376000
583480271450327627101934061982775360385946863643852516745505850259139097656400642116247860097183392167913676441864243066250317514548457168489571093650059055960933950030717146620577780882114096907456468370983818383796148881637144329562003458876594783793717921593826973907150253264686032550000
-173228680450889346392604471772125403923296906487527577117222583684459797589247500221417310020105286080876714041255187604714992468045808673115679305745041969482740022641914956698378728693222889318519144262328935800050867336036451255303760707181179722383203416361287137363232379840357115250000
50162168886669480368786356663689286743660810611728755453651354310237137595507463436710327061265765116209057096692108332534533871815620552284000212637461162090951434307110105243311048124897636435813644761972871958187668564988435181081927834771223545004960943318637585309433564745498412000000
-14161633063430378433176352182006753684211132559053341720178230787573315758861813462525028577764528125924237591297032512305067888318412724695198917400739779298027860196093397615169718557712620565362536536292265910734846735756584291273270465648286947095667569151627110872639054156556937120000
3896192255205233202941492929256182043468894158479610521865725216995221356836208431789883667225520504787324172558270180840906349655081546558769377697962651689840577494298262435659463346407679379758402694952016220927776132924824683342668181071080586978693794984684178938164203859446623560000
-1044138804357309512404700633184606373488062518990899084138156005825638376470122943199110833777335662429764510617797848760062114041454308960562798415632247945974506856215091161876114921235586699116103257350674497452221624493306240610509550678959877662887010237050805668408527197697898200000
272432208870731485400059214550835157528173360967632606454073974242449886935183914520288585574062174648507578064504541544712064960099810333956649129386897813062853135606197125972482779611419893405655979259437558088092530843732722808397360996102012336123573096399760787362918990442072000000
-69170779020002532543556751404372862251180677453960178622113908637702125605636387325109235540848042310527645479200053638376586942135350389569164030857360333461532290690183879339837167598206820027104698204596295911085822478095808447010706340542408498343213370733384845282677804519176000000
17081339596883958730894986666246520705916561737936277443072017994143663795391874536672808443281641559460854675280235467921329386543979582313051895397831482346472835117659296870309789443001628612248910195523918629154248939729770474831254982428389209729754635161660868737861268949318740000
-4100302688049668748540817426816782462098877393880192503523008102384084180686489599763165311278915853197979733172639913313916768588756326865963294048774658437586495660605242317001106062303235456119755508679144163072968819925924523017365962625419538278373510422435654704357042046497020000
956207458157549196875914811540557919795959320205264513504343026837227286726436328017782820370895794341826109137052255356012457251552099668995438678081816503255725614206649714657319688531995936777110957733544806503998100919815126395796097630054188591519600122933011872082286903184800000
-216503498653935905173393729954029745517628928794512114081476479336480326172948325071986206511134455176774370042300951199042503639703245024432749075735347429020745195758147927333448177548225294065714283511146850185148125438780625913671474874914939907170785766513416730821172125132000000
47563578061366126734294957519486609652571721858400695995981896514055287210498278032509468203765409682447382284682526925354193303529782455101953720085923295525418511940950442796929790726314317863669932408846021881334467721833311640314796602607052822862027775115267888847532591311000000
-10131782937162764575661899789420232654008878923772215062262865386919684711928921991252288970948835138886652368977334821652292375761844220629298890015525743694620769002606362290366451724691867342113634917099953124191336907321505355905375213251158206492786535785296959411552842250440000
2091160788965601503388427583519145035818011022159919690356861224712259569675198089030303125420237943204769959520180903797086950976913830003574723873131892275589559417898867572964642548928609007993354371494964794243199877673452328227715174355519887822214474464689079502303838443520000
-417878168484502553762367590600700789515415265251314052862185626614871788474247760145599184942242530877476137327366518614724255771025367584184407732222712178407241806923713300465096290004480777570114359070057520933823287035919558495860492822567676504650733023610737141151154227200000
80783690120837346832900988908364445515666142222053712074167205995815685714908778064536468142928206657404339520546250718731399279931504927885365920587123440680393360890704854428876867263685216481462620513750191236763746858757487900384183764287140912185108921299984481002903604000000
-15095213958067762541913615945795907692034383241572201998391875956783061902045549315119611041050832191187921728110532803348117242670788844677898701665661839302232271216737565170892650125879972700977911837687341570912228988677864914692715149820857119356686028191886848291044252000000
2723974913222103767972490637873937937355861238859018832492862700046521265362551134263804756450838264799900791608784531584454991694223284287237469144985464412873236144180312709873864344117887842256817633588225611160085499899912161085236194749265553517805490434275914537486904320000
-474238132864054116084050487539128419532395891244459632544274372325214064718236665167817390013378552461839296934207857617703264041736637785071827966385645873872475190698940239221652060636706696144318342308430266564680065054028923911374626272525268335359180529613659738463093760000
79574296487334782745632821140150320134858311616200952911305143119085086301577171964943344578207379380303420011072858523261864023652479545101802559396134648451546955775446528173248069487688818681864029861846389681118273142520461998656772618568886076042318273049118244357100800000
-12854489815587327172682170181090056314865632280646855915600508101125123551724995794637362946583464637655121252570366316945499456846448100512208184651856379503543602204092322382060895727963301683149408614631008690374639283529295714191943912500885613776071869896131881505120000000
1996785400734089084675270909196179070100663860804533196074865166442039267150052250749811419424100772448243262431360057011866311578538307700600956819722721652413533334457076129696439291781196337981285927383557985819298252398728425733954054525574384570094151885263758767360000000
-297888433223114346008195615317522778393897437410263480323232684990489186030513394975859866795365049636918722862560018745258263826532658896006453142193514506993660556967644445332633599305085994485400159790788714556466190485851901464694201670343288987704925954851188587949834240
42621712505921492976557413610816905000507563970792848007995351063742185767211018514965010932100527841045099069600668141545129022486862155871000269920569343081341711084919023315050025794641802685396916253452312401314212462849509554859624769322261555308505278227774464951966720
-5840172315662680211064987652559711423318849835932080820632731265022473019696434827367698273418217110542910344690197018599943626655585000144852424605133983610024202121866740630417432419496718525410753217400979279496754974100951942115199518624285288643648659270704132899968000
765152331606095668872208006886129992473117136478881840949614577427988402681316732232603452299690828289824484565105177543958348667398387522127301787520703320033405165878232584484017348989240018446357186457170376754424939917484255454750251873174187476618116105005328573440000
-95685990299707580008155557450139953458933056178738344267847805670657790445377660007200282744198009959343900531484633943109027485971813305810825056977007913741620129313153569768286238886485881129704709242696385277460719402801217484796672081075931869330422508853396433920000
11400150811053803368838699517813073125398090709826970046980980947077538966913277442963114018914006671333465822324526609122214050336974211310037633519615264182900503495176551345523521148220935588334070760466403132364502885081663058230207385615168503323826792536799392307200
-1291343265657839838481511812204382453971251269567479340060403756606774362486859562793329364037193266075159157876304179730069134476139369090671384242069383573821019274951178579469990274524127306087565706452484253383963467731675764609497730393633384312271780641374697113600
138758959496141338418561067510243118871941695038637071709568891365328677967941928295547027412236440969672539099123170541977221215056230005631200521611578180679761946158510458362499982898894740820242251289540809551962303486970450296571670270635203708892447578580324352000
-14108691727975158754322671242664931371643479616748849092626032045442243330391875740703692259498029961773997509448030108826089580149593156501096576974665370715177344088201456731429672606241879481991922897991677456847601091480371849105021249626925422616084748239646720000
1353690392845272800402541454679521003187472531587475022803230125453808991416993937035290785640313909906538335257098591984534473876657741822492908874766477219498216852212688597522427083557875643657916430398127255991481257068307162279851892359224045675810865736860635000
-122186026418464528902584598564056748197977365492385416293367622522830227668530692417575681707416156523120771714654896691928397544245599108403660838829486920017990509467050502588986688823888131128347201364793689039703341125430133406254939908072582270849543415034295400
10339347506537093481729621054898302513356725174689222050436112276623825541926192448124742912340619220942217843286859630405066151023171854001136646996980932961870280701230722547195523186471996276854422365750213639376759945967832169897596461388085030946274016596099200
-817032748698772785798596940519876678388564004850449311719457222748652760509160691622140311863945332344150980345064624360474850585630129680397493588187604521654913714447352932489761011370150538072445490713390477482148868995114434433948641711756013201992087724528000
60024857852909627822646416742944495051131349596436718750778489236370094664890777774875596830263812411828500920770105387307709689373666398296818731303505327409284632278853514144281783304242380640086932241006607244078584939193628738704112932644419611635352390220000
-4078981855138874993558548406154454719508750721315341419328812291866916577600411495159599541409340296659633989785152052244468241260825738487626879375591922348845658393239872099349393525799620674737901046346977235749566080912286360254653308439559392724382793060000
254876025977908401964368468455568294899481701876272221231433478119021532896215061472694503889246352264649319125036719950896950459848046144552306782285507100614261258181142303959346719718603516717350503251030056861037975233335763102302597261075427143014688134400
-14542576086010001179578797563712444557585173340485230903786567523971094063053512086042831728114650812099188327703869729604555823557240641537730470508934913028160470922574448868318374658102566547350216441930227994314756300393036816487238806054126745432834195200
751432047343030308763637889524396148656980661205309853811337373362209020073959326603368934306215687786778655520933502011272472661420311158173547062688353872368245907468510021959911851737130221691227083434805876944887319249275772613680993076255768161291542000
-34810819744636623475735220684802455461936928247667463072082816375674854085356195131383853083936919281538898149242010028492606244731026593482196253996692577852849804582335846830495304593614505346106027115591787901123793415487106766964418710775790203847490000
1427988998259720801189684643515821306794908133945388987367771487801138078896314325263807212492658287928313686350930968727878305073869317344524631821555169778704344066971029095162166634364046806436671781494553488587417328904518899559570063324359246683120000
-51060731429520796986619135562728838779739096165879347287452633426967148483656706429397727534026858441609114283940675369542272482019656602884812824434906535461570489021832214849605689172357103881494580156757660072611448665010805580149600277433746112771200
1559016822802173094403201338347781349335468271364084754185307678096104395850859034690059174018726394107899954032164789749568925644769129518751172095923454824699007125781378460743240739192721491331216519937733881923168657586418076712556665954703451101600
-39517237004832728537969210810926955253793855326152177813261325013127023592714767834240344144083218245538391312415524082060845877778887452032630957135786674775377887477850928250729633162287193991892658396102042765851307901564886627455690223838995788000
798307861010231631281416344252457367314842662077264267331861821936355619155370174172174321741031150638385723843650899362356422873743338845637856763935995046092328728625053473411876127618740819512490258248065306751876122351756503673254518296790400000
-12049759674924068378774275759817181133645937632123328587122341933235736916416068545648173661872085319715585294038938895909840290988154868663310970431958317446246354827457135926336758780835762270893487418861068285530607986201536914509523228291200000
120798840741113785497212114492167240864800524762036369085901477880688262587071087170122940960267655330148742572740362431496148917156252558349692478580382132398619707145257787661526006777878516765707211374082209562444345061670407567957970363619280
-603239215646136340907465301442219230069681291682982098220650908503011018945268269461065053022648660332394949570652614302718313819419473786573485614517614021779041329579057365888305318018149445357074214298344004568645773872807614859797204009840
