-75
421800
-592734450
369866296800
-129661253671950
29044120822516800
-4509099757695733200
513117147936967516800
-44585069682460568139450
3051600324932856663766800
-168600917952540330673115700
7669251672816380000205196800
-291910891796573463757810303200
9424058139894111350666349196800
-261036794089209849605957192803200
6264883058141036390542972627276800
-131391238824840720237598515765035700
2425964188129239042172407197654776800
-39691469633558938773320773317185098200
578769795432283251254184351084937276800
-7560180452834199969507783086046993178200
88870692670051003723193531787001389196800
-943975683918868202770532948175566408803200
9093572939982140569600445943105267333196800
-79710850302030950930403908970032108967553200
637686802416247607443231271760256871740425600
-4668508853784037587628034857901643873141074400
31353936005660696884810505712327089715910425600
-193602556381892134718581196624203369023880574400
1101301581130763344225555820035896453519910425600
-5781833300936507557184168055188456380979529734400
28060843408499345730184141320914631176783066265600
-126081973166509267289626205290554900433963757703150
525167888230749344743567003854873304286923420515600
-2030255443341884793822665173207118336382578517546900
7292346082207586198220185111927608718435384063025600
-24358461566262840009332701658591526344218192599411900
75726524781603102322658859210347360205253928198025600
-219260803401580727708474162298104094887927059415474400
591614948823200070029965787029203948336655260908025600
-1488281355633362676169132682995341182534398390721751900
3491839182997015106966721773785619050514971596077685600
-7642852089314895310656753270173625370770014360802689400
15608117625339667221763061302420556733384301907188185600
-29740881156961793585270626624292062907776182714678314400
52872677612376521929370002887630334058268769270539225600
-87679690804267115052060179646831210874510922197694774400
135587969120586901320886180929640297124187102864339225600
-195437346115220963232058596730614334526660316238051461900
262428156549551180949669685905664562479780449625771725600
-328035195686938976187087107382080703099725562032214657000
381383480106614173006440373980550575230130757241605968000
-411990068561915680233658406951622866215684889756927157000
413016743706071397485931674608675682187030491119795968000
-383697653875084847664399487830899322031778326626724032000
329789719033130778157830964747219251994255751811399168000
-261749556974956156516212140068822933103859236689595832000
191417958563402840222382285258086577117503707717599168000
-128655173695557021921167166161870912860486291067030832000
79240647056384445561327895504467462560437405356999168000
-44572863969216250628246941221262947690246040513312032000
22807506852294474925069114777018181242200607669267968000
-10567161733594292362525518579050307178033111930012032000
4408974510161790917697722037517588482444654410707968000
-1645830572763031814736283446133884958412567527825313250
545363976773549003699596881559157145982862612770518000
-158876695712955391573642893181489995007404190910419500
40205820077949949839086283505050709362533116701768000
-8703725323967971407639569590950640153956671673544500
1579504028546172504978069339756637910736938526768000
-233702126672647972675326585984400507200873557532000
27074398329066934346834105577244573736423359968000
-2303204024521319067699429120286430751883237219500
127931767922370133991186154926774911344987468000
-3480977615126579613711968057722692072754407000
