154
-3652110
21649708080
-57027736605840
84472334847400500
-80049363394790609820
52654692366351156681600
-25432216412947608677212800
9398793478109950631772455400
-2742475109322576335579530659000
647662921817619627410461960429440
-126294269754435827345040082283740800
20673670323969175848453366802724570400
-2880490622002971501204327976945298575200
345658874640356580144519357233435829024000
-36088322774118295218555129870091738042679040
3307156454221934397762903698251375681567383900
-268085654854869401856026107055138332498543607700
19355122340633040272272107087141345289524481701600
-1252185269433475500163199615014365981265496593188000
72989879355277286904512905559187393047965796416928520
-3852243632639634586627070015623779077531528144226783000
184907694366702460158099360749941395721513350922885584000
-8104829318111020687496880676198281933071323379676650352000
325600261147723990813676768831993479047344484384926543655000
-12029497008259351475005776430559298279491570382291742111260168
409999424660200381633332971834447089289180150307694879058334720
-12928198593503465257346262035059581949918222380141264999881948160
378149808859976358777378164525492772035108004619132001246546983680
-10285584872380450900157580872200531700717117248112538083846328480000
260751004942480408597772627977919256981735274592150743245597589555200
-6174182224210345158836957491818473145285521512325067807027651561216000
136820842804473781586258046293305461535956107575859803395577606667103000
-2842833067159621906292250517427569034135976901853975914997001382972029000
55479510376402309866741497987167783226736711856250602631775390311288040000
-1018603810510746409153373903044400500042886029680761064319396166115248414400
17621217154051646985508212119024274082532025297409462239229060219370269638000
-287641592214457381435465314991844742821287924997231009978124038511517469394000
4436532923684483933054489955331278470994269158960061671906356361307837311872000
-64739545194725260285433533569084632257539647589164082056516488783187014554240000
894862363454089910295405017758672329379841778801220524226199166205602508675982400
-11730096477519851977013235910953209267034392383036819899657524465996699154476664000
145974533942469269047275824669639937545316882988902647640182526687958922811265152000
-1726352154526757980668891540319641165118141849820624227121617799397294626886930816000
19421461738426027282525029828595963107579095810482022555118200243219564552477971680000
-208035025465777263103827368894851869514320082580328667280527842704037320843357868499200
2123608955605287751910525126714934017726518801387097926871172685447639948117452721920000
-20675625988321830547912930692737929343252258877968454102860258463523038643803556220160000
192146919992164512019058885413587041275050940579453359049671811727845183785209091052980000
-1705794085644725769965114594998170672543819574531881860951168124522707243807468461388700000
14476050928415400774231948498992475595475870437307362224775993171949502753847700350729063680
-117517037813722102017649977914735148865233757894557844435273008775745386638790539371643283200
913190827863139351921176529565242214480877115710225379909007566714483011854388614377577169600
-6796753520161856329873989926529198639427446727715799935121972658348058500832930851118549620800
48481643765214887401021601670715820198933776384255363048881012103442941295378930625262631040000
-331614443354069829822987755427696210160707030468306683254346122787549718460391885476796396313600
2176219784511083258213357144994256379179639887448262608856646430793295027396321748441476350808000
-13709045961707707308665060229792996402791532648939240017072632348121381756146665812665957670664000
82938913023981943860270899463955726156246513814272120341100539104924602110908722538459444266752000
-482122638621164790006487115958961252160772251373684675409988339209465476505095662328562727589120000
2693994166250930809936248562397351263462804057953622480707590397649335423715695650944824396717427200
-14476327157803644596795294277112345743869596113620715265183625369792652995752575797001280250568384000
74837037793931848446284101944530836270077162843358702848524714710853173863578352299169989890555392000
-372337360875981912640154235600567000207914773158932805530314321339183074901507110821796369455479296000
1783510503024112579589801294551544078144357385102114659302921627117864240617082400957921086112427682500
-8227787743063426813913566161444768195766075690656879721768815487373796902690545106999015358441971114700
36567945524726341395171405161976747536738114180697243207861402166105764011957978253328957148630982732000
-156625504255716944977714548239992631964549726298121161763767248707443868268638014675151672777172623076000
646689906412229220050719324177755045299996404516377426555762178270440815956928411803199770039312223133000
-2574670694401135237568028731314712640970685118170118487789219090341568087894051259342501919994783278615000
9886735466500359312261230328248496541327430853773254993110601306911621457513156835875207372779967789881600
-36626618694087325958436515846070357649135046854635099582690037573214546859563222358652945385174746771680000
130934509575390880528886094070095653540465024751176247196452888948073299074349081163301771581415587803390000
-451771969893547029514848679239416172199011148451844184124822531260691264792654636019821668993711467994170000
1504806561515394050100591656195571764227531655909722045003061170598065863735942396092320533682486701280800000
-4839725422999998890732409538174949117624937811033383380648956379962597251706121580036652582195531895621502720
15031972660772157219483972838445046255227040223327371511226156069343662516552600613895004730711191517910276800
-45095917982316471658451918515335138765681120669982114533678468208030987549657801841685014192133574553730830400
130692180451052601624231464047072512609547915787824563355985988074293618092630894489248877422041286412127219200
-365942293443702005028592346454509238559822116390359596962963490081442233002519609229229952403488460190982720000
990102617698616237355485167375981558578418713658666684532918092851602141667442117720835289971688465104227621800
-2588814267126926010034041768988715689287116755496788137961013547152756399985515855738596159040438289721540139000
6542107678022118792757054987902477244551857214366660327220931319634092318345313120272193030103380044459906312000
-15979684409649904619788498226365943474245043017295368460755786226663212576686976901556131821389109596186216216000
37729810411673385907833954145586255425300796013058508865673384146288140806066473239785311244946508768773010510000
-86117965882201495779389583088562344390122550456933961204680938125458509347106188262602016296250917108074147587600
190027745159211521243866684154318207199405087000697978212600447567263774005512843759554476197243775987529757792000
-405387501794925146455901089845392534238181257735535771462393899705193309402433067536732213919526390655389483296000
836111722452033114565295997806122101866248844079542528641187418141961200642518201794510191209023180726740809298000
-1667262297201093680666437354544590152629390290649712692827617127831369418526521272231320347196884375656971478710000
3214317041122503570035442682539298743637106022072334989036551736816625288853105702119049202694635359291267482905600
-5991182650612950441190322159762598249974487555933642139328484006492526425968806486198227803839113243649403888256000
10796020532508119107872730810574095995818866281084582928761582947427222713714111120923366075632579772228344530208000
-18807219489339788484023405610234698158053284571291641922494018992818356414328883369054498399994921890179727949664000
31671732231934818089890026650100985580786880310187826143810661228286231716298526995419979197818519434797912165120000
-51555614207130682831975000722064662511616626995786077992102207657036346830375807212156777218299376068323116633548800
81115061415298925896662056257588715974223208706477661771428169599286787005257075149335207211951058267218445224225000
-123340757112199142608517806236297349287194329574192359120397791737378686543119669907698885065510021323104931004675000
181235398205680372812515960183947125483224321006976527687115122552882967981726861905190198463606561944154184333400000
-257309515971027689795547350878443449760133295256818526963188136957796806393809742211072503991540180537996681461000000
352925732105861579323572746464873035690998827774252291582708848651314099649749442416707046474796511625916248291907600
-467580753789895034267041041904985695261626228543183974192756601266788555706927135992725785031553264839158719308414000
598273259751161351034491575340173930730754359320152351446941164558197736790716458509723726484048160470865135662592000
-739142955562114414931575179374461279110943292262158249638519921186190756538403301129884898013612898415649857020416000
881559183316501105086660485755413322904139096725392143152450719610009315767881156118298371336502070040854581690400000
-1014772571017661272077533625825120225031875671341673622562154383906632945706138753042841236338462382847028162923616000
1127123681586010384080421827189168779672286256527597615661773470198894549876522929688025865922393248302857909690880000
-1207653611845190792341211857291425750741543847394885138555592205339316922293240176302123617544763558121334437783040000
1247825902774197481935552580939322972216828399245812387677640368548478013329743707543998100021389780733738223950720000
-1242994660325951283453182795675186211277347370177105429523177658595340231273252822050603275292748763149885689795200000
1193274873912913232115055483848178762826253475370021212342250552251526622022322709168579144281038812623890262203392000
-1103592824303031107860649073813001948089047833117554720772660096007316440057168027836698267111633574372959137879040000
982887359144887080438390581364704860016808226370322173188150398006516204425915274792059394146298652175916732173520000
-842639824618927000513670741185638977414362883082145573646384400264494705133565237148459095286986556924564215451760000
695067630033463946253197164166670501529853039907710106916685193200629673671269570808824369150238218700471559683200000
-551376522244315331579757387468623079890335594833405423944268004678094964573556829289631490113810899991428894717312000
420416402959770756689083739255950713412220808783497298578194837098487985770265537196166698020786254006544326679520000
-307949103110352938660343535212171656321450657438244386941599797763645192002224599420407880857215557668465188371360000
216564034591825335777225215225336459257371792418506825404491900294571511066201039753277360625815479796725877946880000
-146124521610401178119581027574188960398572662704528826830020486357928874248820770767782302152366846229624727334400000
94534447452951206622362281450079469102298814288568788246421586868782318923750993088379161586906218019109997211616000
-58595731892325128071712157923602976716300917947459992714724124092220445613895243649821794372049308689530990007200000
34770055366367611605036400079364518298734863431333422175251509270524790087471297494976221976212005801258915865600000
-19734976894110561230249690493853071493901531646827952688140968345957853954730387440634597006393845846745344076800000
10704325396519386099133872185141429257228068023838782870648782258408461367224989025422251498004986626031228512000000
-5542956594127254587397898230398675463694867096376293901210835024178103099021912717100251959702934194637994872997888
2737262515618397327110073200196876772194996096975947605536214826754618814331808749185309609729844046734812282961920
-1287594438960678313645243063419536491452875899792703483365568968354348871246539337842950214459689179898135085301760
576211085599346520730402962707033786336211309648443721926046855223027705321022120670441343531398990906562893397980
-244978873301807381417438913596073795945477736660221100452303437335672196090753650846906586472246130681084818868500
98803313634622432647412049412475680068898003140595681697213031294671105831631768294231674165374534125578350615840
-37739975576886547753848026565979726289355306251768818456105787549476667952120869481305787783580797808587266959200
13628324513875697800000676259937123382267193924249851109149312170644352316043647312693756699626399208656513068600
-4643445748495043848753693019313756720273863857846902178463616058141981537045342436180975274387942112644739909800
1489543746454190942794679872535488901134854968879380516147829610987848833447380955246291912479090363601787808000
-448783797628530176509497238962544282915308018332876730544182847403801258955257548710967840407280394323040705280
126657192021027655783930341013434318599584118495762139567508351181219862226775757151343648730860924435892759600
-33383405025735191707768309286241119618101264542518797189006543411662563718677589143145454220873194799102854800
8189837653866562468950511498914015482869623395434143061701248205171576228400635185716003051875633590706182400
-1862964468130197300918042442820097202381449967544798859074426057746963279531121144931516661300833788683488000
391222538307341433192788912992220412500104493184407760405629472126862288701535440435618498873175095623532480
-75465944087754861239089858725676036514154254381681191145092753161637587504169227607796234755727905624276800
13293742977569195949278277037968720576189045405858539523277596668822491113608862153486025880398012337702400
-2123852428369043139825523550444706837616001337030654243363876390876966035902007562982974548939327414899200
305221847826955466660882531844387846069429204492252587057501526080891145205824775158625779120331582581000
-39065493103559436898189531186361364745438001868663577254303762505763523032051104397234814345436969737240
4398441708038217702929952845152339809957365569750074376540112122998332486250828042473426272708234536000
-428873001010529163777750504175851727501511835599213601340645853262875956709264412304665146772004728000
35478354539402796053930054490807310547513670841205946202942398014624325856336153903216455713608134000
-2421048922444720328890772152316250415723760701068736025289749695606317448418957396665597513901010000
130844243986345774219163508320736022467559689444425911411214916882545867434553430859794070084605696
-5250755811039269479870821898753276635139560363214319939531671810338558339661259998978622609859840
139086848872750732413475718578471489815850542862152172913494769214300454634378943878761990877520
-1824070340635416927290232201443493843114448146383045712522657702114154366814231097901658814960
