-251
15813000
-249042890250
1743078860292000
-6861738875968226250
17284994698119000652800
-30231935865751746558432000
38840016869812325496865536000
-38194908464615286403066034988000
29669427661649306425690307672160000
-18662366693454030234823460428865361600
9698261303176772075749580097248379648000
-4233358407873488627537439973421815274544000
1573907547239686612103150463964730753432832000
-504332977063206722822134514741351606986474560000
140711142080532734363921405766235948800813008793600
-34487971132199321944000971112509666435574266549822000
7483770400147003037204805883763689278573471985717776000
-1447716905463005275811375365360051706522066369286521748000
251204950022722023481508456748348030184327527346558787520000
-39314202690931053479914777252258337593922718848554816643848800
5577089615293983459645053208392928797904320388130588048161408000
-720377916279615627988904527746075887724347929142066059931625504000
85072682770926554842576264002557377803242842777624103773248598272000
-9219899690928976017444137639513271370429573715960390066050423172100000
920160740994217292902552847043647704003064144170792465215937913252655360
-84835825713705018905549713301768259100578362108645917743466465153064712000
7246771658222001285715215016087397847340488018147597516764257500701846016000
-575092337065814099481305526346823510035692784470776880995563531787202491808000
42506230287765760313624199188725980242352750871228883380123934763249116398080000
-2932977119000601645818195993132302332255942424282427651987862747480592641596851200
189346410471173076073424432272557790523578218524955058823441212126634721628167168000
-11460080548605364976369751991168275569609186767110487969434000003879336076512613839000
651530309389582512779618076471267472052932939509039973520291834931292428989025663912000
-34856307944808590400394013788378492049406260937661398929379280736440986393448349640690000
1757782269059996310673257629217036510076833612804057616539864854509696633013604283594502400
-83691323234835703973837470687374411924607267035551215454160772258889529892055904567283002000
3767760141423954789857962741712388426396928474751711110935600230723067572174718415113795456000
-160617736167336831716957487875061976706174325568068615551151484350844785692769488558975004768000
6492293503989394092017453224562005475276526979569269220305583995982864841808986296256267779840000
-249145820899032991652477278400832311367158770670332937122489476835839927594945979735269436218722400
9088412693354374210666214581522330358735381212079009937151133087194351195789463103727972533570528000
-315502907087835495203269264358663800554352913426350528073312889376712292617097138369041867368627224000
10434631570705957924645928639297462807733796301702643316787036133674802659881408439991156448526929152000
-329127467389028574725466752251394404108607578080305740774586963586183793608294528093006182091578992080000
9910556272352299443190153424830135893790842311617147086158624539077107653856477602468713560106726232627200
-285162674216526347636404769031560880857020526532518903752725829424248440219778657290315512810537819788992000
7847718103653721016528890320944612525604342167933403891777142880198692248909363573559466118052609841834496000
-206741729920776868290040822834364212876131404760005996536109913801831607392383524663341542954617734188293578000
5218054491128312460798198193986868513241800553292946018362457632815908124938959431319657435672567551774506800000
-126279005907101612876300715573759812767856870109910610822778819697198102986772793821708237806250403779963774362720
2932430587000744874174764790717067547550386372410073392424390891853427689504450883056969459245491883240988839488000
-65390816236828370443090159979980407512812739311098445023303808286274456136852764384499292708626266303173781085284000
1401211823042781514314874656288707970456114063586200641809434969158929178992325238103161775264376013286093353892992000
-28872363644556079316738423773356316325396300929553108903676234609709965610340830566333496319190683387618285037263520000
572445911387072863834943373299444108407262328777149507308061437008914015684562530263278603385051380778774963105757644800
-10927766098592830673940970995717864014604833964363538027741421532697269626580464245603052803458578096403495907629522132000
200971338849836509211856232359536414466195148980809518077440880092867729986899322746467716562713745280486822860165960736000
-3562820373064120065358938801791222696052461385186842220447188396580961002743375419331478957387205596698095319533804221288000
60919008504675790373503027142376781059765154164412769020688495651967480288217668761450625551188301383358412358130430120960000
-1005180562273957395549014809801200881036419422922300803499421480617366749055671595027480168990593414020242514579251577670873600
16013733870357483044382047278961351310894636761847350613127037186508331331367968866764048486364519640720230116704658297320448000
-246442365912782940805543384724640129942402192227004089547543220302360394529067360627253073961463550568701002344926501273305344000
3665403311807357662290964244662372423975783877940162613799589665126968709962183026593097370141878638743148795773671258041260032000
-52712544453616309349914367390585216707591198566910468448697468072339866176836521284537695456105312796671186478283228870830181197500
733309470486568567656938901242375549634409535377214128648672753472153366724199615389346174704862926612342167206526641446607036701600
-9872574356447386053774376001689420135057379982138825200780857122905058354348183297637329296502912380895501927416610396610713881397000
128684355256059134056236642595422443961344935957876351113408222761287764408469793074483272844058456055013947154600291273443103280976000
-1624612155446142748443106938752806230781019317995879703492091656603740446123105776450932097495155815121874825485316004253846894514173000
19873432458135550025063337137778499239799740617534138611925943726234371682883780806658745086771240216907790345781307306814543821992320000
-235646183520435426940041826743279302924817291759051221937042705395498618193312356866873418017652209763787658546987701190455471551341996800
2709393532403181381758544788343675540075859994119144777518546955906189230407535053363218271831605252511234415668202174369926429501246208000
-30217786624798367659940930560892416801806712438269018827505754118369626299088050574903779093844120540980331830765517962103787880878385804000
327025744084325663292196162001836641357439804792616035620174864236181851739727163211831628429382270564724657035824535918643207856261637472000
-3435382748073563510022568338048877427700278446072906765714126929362008952032104650065853620416401591350581792546714103126360579242412471800000
35041514765061116435743089949136425118529986866111839749264666079835489001207828693720607524446481369836618831850714378840544816820028085688320
-347169439478985870504743476859302619011059296816698412335815532620946305071696329120180361077986477906665601221027896525129878314149256787312000
3341820585249566807462762643163116726631670802483152603951705865701239251653205075990375032457892438368901870954040160310712163121120995676416000
-31263379725616304073037156699690189797780211549134384740157666462543957016164607710411600217357965797936026921283876364958054600322952615206208000
284330945878221666269121777643713374927416248602606581934201113349462425931341633334876210276756631740241770237473613599586473179671653651514880000
-2514596229320816333202900271314346989729169857368146116259018315108269182834354341935520059042922205176472568314256875523467807569155510676467769200
21631429840400377053188796115375970751457757468352105898743940512835042322690284874080285342536584249376636451098408482631385925804471425480847568000
-181045802666301609075298316327336928313472370173475827433612840606903283282873462501281412585058202231137562397154243631327558855814729091580258564000
1474646839775223673745556557665775834159611211376698451002305662960452465026650562907809932206820415676236159272625768419371749530770224820257144512000
-11692051792974048813448860773612787562650148699046116048940474817789471819149088115345440285900023831491926294006100994079046560019691075335783156140000
90261021564694885345179745122356655930017258662698431660305041306162710060188171449343567804340446951597741311347306442318740613378309954038566272230400
-678605206071506097839199530493326372767524292582388627970695216580472889791341708145044495370517922220604706005606675868730877745659941183655283608352000
4969803644200782932411482147483956598658925430892715870745353051326301126557491553163708081302490350711132258330398897708480646742954400804912099481856000
-35461833673502409929785804367706739381727304046337655070993798238266712467741130004282930972176098826090526239483839345387075813155401772375649261501668000
246589799108258141514026272512724050643295026748172963175146876273668794687941098426449165250278944999503368927000362472405016511627260399248928332724640000
-1671361303807713608303895850274205321526856822654499240898609710407492653970698054902529089062415353014535118205092209888581211296894842367798199308014254400
11044184342996991745729885391499156526258858270215456884672373306786378218243762536440815330696216413108967717447487709830112774081159977583132165938236928000
-71162178817819817915509305245296490958480547434161197084047403477340348403634224651449993583433312207197988233274295514060120552937644340436115185937337824000
447196987294038934367413777164106240787991064185631793723221698901653672844759784744549664845273139679225928599251301859197094726935697212554484054349194752000
-2741333727566955509281458492541174120901033951065498654031043834428256132824401736157597622945248937384028114823273739837416323662796745078996562789024913280000
16395150058632021115676011478493342310222072968721479817172257286105213631615502283749860309816371927339645598415625859442036951359902173117331686770128389939200
-95682850032934381044556670721654125016850498548468401906099159953685863191887998082843558676592183605898745498131991845712886005739186022256476212340641867717000
544992592088959437659674896090433400776177268382348665634144561615254839003046189101472207099152758402309019952799416196773832162777602009221922964370249651896000
-3030088446457118606071809707053401947235062224053755903672055097518717475868977234428499733701942923824249764516829490489289079133260684557103604803048544425478000
16447373263087308421897793736888173002030946874773983682823521190490334630775389130863808369854439704871960766482535342723209775521831284403419220030831809349600000
-87172723031689043366900496584881005728064221530989590917332944661717822576572639932491270741065515879791879258434085569967284131243257990466562208085411672733814960
451202801301164737748489973500805519306125957929247171888557933353465447705424506267575639165597415787963064880435223810829585543539263003297175236438558604092288000
-2281037460595671060299627752424247202897376682930085880413541101556345843229739788173363696000858062110677943436779264396213351675656921970820984804974900701599584000
11264785996373682551721943369310129084192606199648700108080520821259314866480585067582135051454138522961885079888749101729325093881705858789259405778324535541352192000
-54350301148369140528994971775836638892251401121363481429380730312261219148233111293618132180115959580322297789755396807853627036262649800380686213992406239573360220000
256227778003413555386398426577858062862916900198094177847935858386402641854745051482729799382649171441889501126560227164172346379753966986357056386255719429302945196800
-1180458430789133383283812259861411767897729916229471797463367720663237162300718902634701678982096329627038984141722157276021850333567470723457905289651772539859999832000
5315310771599388957554990795735479033860055257355378644670410755142912236084082528484945493482839547989616011046734269533887538509570290045916842824013291813683527936000
-23394385209327660400720212832705100065266945880217170223031968187308957944431459599179667935436259762958069029415826234144477414648989195823665377233913782736545891088000
100658275557682854952008861207632751059376001464245580489975104261866335335353607836887856650071677390995411899986283737855877909002300117036089056830037250525395669760000
-423438585467902066108446532589232616667214698391038371282663039837459366521060660537638743086388301725541938935636514755421656317861659360103633808405431908181253304665600
1741730988678944623843524898273054866706796600475434190131106473416316913829019907154251400017706284510223639741746495236163423601106151803429280205339443966124983157248000
-7005940728298270797614216820166097688889097263248483970937917676113448861692510957850929758505533003629811399111073254953053082321509335263522894716263737579621195405394000
27560687184891435406512439447927278495440295538217389523702206962685469748652064408706077502486485538282769692234899502138128469823326566603279978650431518999101878581232000
-106045872782432766043602226423022742471875344597457722617169041179523462202319673804043352224671953627410733953540023823054564029971948673668591515267376739577569208868460000
399133411237684186206906950656512667620420956724616680604325610113569743257668361683936627624595173062986517449633892311256255512732228142194919566272131916008550846172889600
-1469609457474068297088377294164456013470106740555970083274473272374911781339267165549244962519364435895189284114306717788435729739768002623740137478519082623264242841381972000
5293986526916594043832424657012028266216517173664694042401258383180046004923803233805564145792599829269017019376484247759759128126776225099121459517914603135247742201346176000
-18659363457446544519474569440690843954403046059461518925519000120032111303048369096917241567298435925095916996548385336634997036130264061992931906690656059901504843724178848000
64354446102795652449059951379375808116167274171605153896077110787541015185430573172335151341491110132171780673075569510716281000254367402565835345157237622031600633252517120000
-217200724655692465602552965068683586823183728612095978090503032040644505487993839357545881274153433578727827256399010679883470339816840981395983584026868449191515442826776704800
717425520411808458202271797740696554796063459851168738505342984050650111699978285044117124405304285763764614856871535856783322562225423800308023094292695731364093082105247008000
-2319293453752686615380187590156483211980797198176477169488147565410180826704370810364672378057647562355217815981462489305350922583082552875532192100784845505646739238891304104000
7338833777384401721956529864232346111702341428455569770489563107364411166368672049294573077029261954198492120210494565934679051219335578773050241274953541149204884714403100672000
-22731006675854066857972147163375746850274714524596547237224599569994152042033559205752734312793873606185170865311186505114404904677475087088092985218500416052997049591795504000000
68921867025616785373650460416773720497831352020306305402288168270594748617176441659631458611387043581864233914558897399443202992896003822456671569133547245499314446173497843040256
-204581946559724805412778908235100880477469291002578397712448345285448320016656576795800736146486169614219704158704210125268388828434377685391197259726531490561551604681663256064000
594529419005978118873319671820673846471569260826638642047112582318775724212333502856517583523969231952241674829610250913979783071881465116848917971225865461318187538882690813952000
-1691600215197856565400240670243185589658517104001184910663467239377097652319723565836320812447318950556497201875728824881408419644891251181161255436073984998185421661382714701782250
4712612581970592534820933686225231893309828312090315032651784220751291819093947750265719179439799684381900743883107284508268393410081029070286389160290243646167667100637140410710000
-12855393647421673754306500820631326361744165385542935699424846411884929239766277232840231946233976641993491490754741356397377586070896184684572356608197664043312166923459929590185900
34338980525482753038716275136515354607677439617346784713107334043517578017066962785000654531517131243457936596713323453018809425178595717378987053605254992118491331027993891522296000
-89822527284775449681219678139173571909671411010090358520964931341907750991957125967170272703337711816063038123760510962938376788990177743972801477397079130841625309588089852726795500
230088662803309693931563460672860698194981682157793788529705634516621856122311113789610458292364655877067577786411683687753051561010963532980698770072725963971718357626520855150464000
-577207831141405945820186906104311102149306631365438917594151832635399393463438634476108436944729668299315495733399102902363344150464404786317419029735238418751729417425185560272480000
1418110169941706042800805975732599940183119546009267104208271191115645719710229261854717770789421982319349829188404841237652735126540147528787311631024693302498076071035945604760524800
-3412250925240896812005291411655458495774747804668167845630899078752260637743498772645124047847276455618656149871861886855630134991710059784206277256636785003659000623997337756264444000
8041487715128954541457618931234708305456265378873802554635085942318183841902628680890784105939620234691480570149299109137313236238122402065907190346611874595441681261689500966225632000
-18561209593253699578809733005685994170496799898086312691351316570388595207861470748052730358369454245764199297524298516086372501854607562886530264968810027913874710314014145871265496000
41962301901212235267450397892881539535598582865711409262368692500107335990859119210959228924671484988094830770449840028086162770095194780129581386772818281625073616609706427806887680000
-92918666572168990961357893823926107009413984436466371091635899142712167823432481269124566048962608161648150523892525870355487264535793298592038865679953379633154083391727993532996540800
201531759096218846650256646128851352258233037015262306799021174540201633546924631171704204417849588246580566902582652559213752368934329612961557058906473000844102614347935771899945216000
-428140049811779742806836141153620580077659621435369541576555745575214113085182028640264481484200694887858150387122251918222550596510606904901518534634823642985460409185802651303211328000
890909843982143460116215535154230667683728896832013532845889778752824633967463723541519595878317177801757543903018537024999069538007694509138315647991638498524001727794722207357535744000
-1815890458907469779215463425602505746993287125029178817791836974295338211546819747081516479542683040113391328754874540285570296779701736517589260747606414021031873699134063179685872310000
3625389674344825277162820107162462841179083013565983831421172358288757040089859962116229999775679585816871078041123124995343580386433298076686174037646936263820876594285442855195918006400
-7089715170532184353468387885488237170883377529578628073409249847779453800719919896829379224087502511483217812354298060866527357309461063535685079975572928230314000789678583478084154724000
13580336449565837140023301002180994630811456462784884687609591822818601125429169529805250814171405615961560076309366714581299475855116495065439253567907568388595359372778746231887608512000
-25479870665988276522257925551800234493355479649884514518201762013439374107549423857122278702976728296163816401391802587159772852411327729990155086006222486215581787990462387412887374316000
46825761144647614166394458020514822184987323531160226671890090092713231998018850203620961717105108530403302066428789043561944614133695391360674181750996686527441869736086906285563932800000
-84288451205305467615695197523949813925074292903800904019476468393110160406744953426526780911309955581771739421885883780146769725201279868688829557115427413379907696274722479620961104103680
148607330312410850320202927084899018454804025031042337686195957607255315484020311729589780826922512801509755044068792068852249592258736490561420472612612693209608762345679736887094267136000
-256621652418380180714384356903835532344672618882595920475509007992411068294059832802780621782017291085605726151022013381708717191064179785488616369279146841282191862504569964620169666548000
434028128606455129003541606157317971574619946465023609870833980282606647695263227832358937912496415424037844836228098330070123927917168869540146921803579039687493708414752191005244027424000
-718957456244922826062748018126591183728661856842572630872647702622794828584433121327130244387435557426772083588767955932568933146745909050425226506284938546724708649648909589460322635240000
1166371938172824643855220260333070467305237233394218974438806112692031269049193146174660911768769543653105878458098641016766149358067369454708579742308502176780114228042285126277025391513600
-1853129971624435603824050434162482315021244149785810184363758972190885479034642217161541097696395233618809121900985533979013114929720366533789745058200124780785795390666294970722435353504000
2883331602569692656004705353198893332212047370383601452015046618583506020201087196745483556284317822213824797888214418400872691946311635251081354313444406896535227588252413676706837627392000
-4393257657704830938809925393351478355926520021922810784741881438513892745168592921911871416054582478911522746245554071171046089711659015784545003766242785816516201400991710423846257924736000
6554870410530684031957216322029103420970228045841874245499140376596813193614149955085470899631298251831123689267920555538620248563101858130336519206624654127565805025331565886930139192320000
-9576512040010082557782494049226972540926074185255153853746615204105367588061047752740300668637116637372494418058964714753903746738616117028621724798709714415042526318454136552229458434842200
13699203983008906340132513380862472196965349746894838351025210901131400415312050101138472620387496042350684503747016381431069439028891077482400121736667420643870872107105411957743463553256000
-19186924279967168508773464195258416801701545520751927041176408973208614733486702696522894303748787990728704096335508349804215034689260377039345422750902468396843531704041823934262173823618000
26309534621843647977403547275458415481184489683918634723329403880911447625819095661851107880393535476616664068564689683468220939583692801998473124380325895917565717454238086852084742246304000
-35317733028021449666275843039129465011457688877077718124844145118988244219593934000265253198304900296819030941237660656663448729315482919993860505493443875375658470727441482963805756201770000
46410549745105431892036163840877713140492572167725709591714385152504074387518552168723221246007570726133981669558073375676456996877528629777790760129786890190617353489254233039967483337907200
-59697413837830673298491139038318716151283176821201835407109754018381002927333251619262395741934182914349650902797427449588184723992016340632667785338956899506692992249478018946931610063584000
75158506747244813397992788336385197085010394942308395597347975298267911175894622641741949847280039818159308060490633318151971817878291719039557936061581794093693009568778808894713424380672000
-92608680171093143266085430838097647357759584215868022735578604625420321250144816171055122939301939652640527792647489898858103880043698664719341919728374080682977671264647840027333076802956000
111671263089263255981372579323696053184455729154948870943360776698976781760267058889084360982793277603618212848947150033845912174948530584115897052464731743941800041957721074561162114950240000
-131768226387784300768885340052503775420177329408751261177838956616325509854908891874625113974886974379272826171693659629902403151485115621070456933775080179936308762311427209813501359235921600
152132120066057863751498549303119847412372580993790998165720843177974392555033144888592860975759524470580712409164459119233443808150798651459889404748356994447856906933202783875510614814976000
-171842856146817726912649642443968224073122449265464906223089961346618789751607037680574216983063684060079626371587639615583558401060547543801890354194018580430774549046337122389397587049488000
189888968508388381317623341070764713373193412479784001423703805728737231937757624717563249826719307669315827570622019358033326988535347935735110354302000818336949977816180337186747201673984000
-205248926358733312809460425305217837400507148348557651162330130878350043439130607374892897033273528322049162942548737729278657210325646095816207106108236780951139120888971513226195738366400000
216984138442133868914909085050832088283390022365156000458174704238937502249315674918188814182833102137295141205810871272591863047885816097898629265872988539430990373155962178357920431848181760
-224332290599474985537188902658603358318555186797653696883814724407669599352218959492994472307761818696632131234378007247699974629020637284839992324366685755916757060315072596910911732629714000
226788352895610193173540391490417362975686420768466529021168245122401339036786328483581375943420866346188287543656683761025043775745846470856147240490972302384229615190366091779577911706352000
-224161433140759513306898259067838674293320655195242592139752743734952743801762323226875329832726652927773595537327874174473592220838046772118481351169542342941766155122986204275376892466476000
216598669518364424705270437899575086798826737144430905797158170657411970540949456231205649374901444232198449419046564852585824885526229770131649531294561060437473242489549417445325320394560000
-204572095244798449395246316980398062689225215535701547787001147539736534275419577473182841867943181942885949094822343551048729238332967814685142200837804413902688848562429065532234571894874400
188830016183959742062581991559697122057390510601007747171298638674082988812572510692257536036342047616155523354825178382336118316510147636399337631736980112829807111520645125047915919968896000
-170319840403579435261555432973948524203256137097763206805847404530418350946541145452016012684391720704862896125833590584743877760607827585216248352354961805066300781031950078524833472434208000
150093437546371533740602106301387585364940581027477313722540792573731863391989079535963945365396651480841882124446860919614241108156654653614677099187782041599231647699689770295466733508864000
-129208212349037049588547034149159415626807456109576627730489467142055031857263755998218017121765282591243403075289572350607190958684596522908783201081873452339603212789681544047181532021380000
108636830344949310123010356601204129848853509335549365655882100992834933432421383275521451006454865503159099105756982730783711527453848050934204394282892343740669745835964239927003528574060800
-89196125735584609609322152250468357855147529560535314240239654257760327325353491500207735456074414805677945719130162286620167821058115212359407903214405047518606894741315881463941936326344000
71501781481309381925949228513401269907503661775885096193268265839844933958200379585742321493456432721346454699838620184121265817149506295085902437670685529813308601143543332357151201324032000
-55950791376996762560151024586779620921000135064951734535344625065996812428755882135663065457914343588000195157125303260305620436422133759710015949486706363118115549508459086209872418940096000
42729419354566548602808430635406289261915503053438686434427965952811876572785209391139341723129343889606822986097205367742709484773545224514689821169545913772352179126865537689463329377280000
-31841111081916751356347634141913146466337643978962717556026224711816960988490163928837657387642727977127787954265953506860017391963798894312179248733572150315513738800327142088206454946764800
23147015320096276033286896122462011575539988441163654219616114672223508275945263216270789559504540608904057908147613470078332864638577524661028855470363570800346052821596880792172231714816000
-16411500092810231301053049152365169177243073944409028600751583908092063688378400192156836662238774356958695788445479960596717287409356031957066818452389666070112976958498200772162695863990500
11346048226530888788013587526422396216069253945513203160529270283797869046232665621853549295980373090295050442805122283693163939578666179896329692308140854268236714613419035847532383255644000
-7646734861992666439259343384198748007774381611434328785386994918390183557171101166391627109484062159510414350136888264583832057801383453424125907253586799035865242485103992036153122044835000
5022612752482020696566505203517368316690938990852959782875097569538809323442614667502887013450991097854887805628373998586345548340495808881550786576346716442334524557737207234581469459350400
-3214310040602105342177413849137716057524123674774052901446904252059340566868926530626782518369757812910308639665076394086976918626381962238466422531744169714046082003643514157178920935499000
2003674109156281595453528713399974924981926871090053538916321154006018371864595084359893908227503440179499255605079443576287603788024232277898933079645313038784890510761521669985633622912000
-1216238974992144503800827027670115378272495504319202225935917113097674196389699245549239754466123338586663192164934076083688299850617606762502829060716241056625957542204671237135193432416000
718668518845892310520930088823027192534945955937206941413107256041149874890001826869326791103943994417512656161699385883141996831000530245260629782600440411228186320739105248578660294400000
-413252365049359225857297824325461211387407298312792421486071999905062206808623300495534638054545395389930215109381189367453726727746079904280993640739818247466487839083003995563944135787360
231170105940831130525851608369976569326388083014507282631252374888106875420778856741147071112911213480171848753051035363096315042871745893338047481020764149222608974116380542554519379936000
-125754407449481144110438392093627338234923935856117492220515365292405360104769833425233838287748510087721167698546069795967280291310267218763470246451767028239737560005423461010750580248000
66501008205467084677004378667386419345663869790009764625918387741806343454176131670331621829372601417933453529246425610757819216875763625210355592484091025732251714616665972538675450624000
-34172531249373164307423554349338201117527437895505546340956956984297593588224638979480049327689664583874156663853681557238945692831800392279975354317384817985491227342305887705199310640000
17056585734368863640987899489154505809429043124238532779248379053007170091769185656955943240871348109728597505794046980241383101792738727625574373162676119977719547524859210006050225817600
-8265828203112821207863987015610858986966449991751471076568076991825159132275268711360612987758489817055533219593142052706759437467425580488734493922387463647417345999828675034744624704000
3887441245983093490650308439837336467720317865849276415668974481067483648010717054571613641609117757551007151654437644895951275031939142057200343567503376214678390547936882057928392192000
-1773447389792167072507515201485519366295208804508764067493956854031733652939800353783282600879233477736321841535771907297323185912199122752934614945261976154518939400994596920703880286000
784391464728020600280332265577716493597294798725059448821758806343561140422539384059271075501632077788185663754747218447020076276268561882436225378138352585913919306499750749937019920000
-336185557252252094464819958088082073593706779834520377373697578201806102383818977281276249389032832251122386182051636640977924301536328529250047525446553338466190222497772991486612551200
139545587431136288621321911580327412232692466282022788658519153773935373690010887000695965695050127804872794785479082795203882237424841113643918112132528597624833119466293319617093056000
-56064762198380828667568746827295569657478815051052098051060883759699871901044112374767867847888931954712265384509518468160299518538188768001696096270404701123878863434559862769799068000
21788751946964904914513701956377162472187318807559139342641572493355113433384244514798806363243131835074316455281620261204840333947526821340693106954964308012436512157600112419429504000
-8185769002697423116739633202888223432919530528518975290203254754742220425831424728734244551480436789729531282494547047646721939592261310183566794155824982953838112317047557301429920000
2970783359421351437672776346385134371241926320095929247559757745063396211222238642493146275730358195446243738131498567254113731932931871057642326419861977588611966949286962061412403200
-1040754758439257314145265976115934098464276528248627476666757551934611005496131057346332216152535680396280304778792525758069464772886047505940582676025463470633200441231468511955284000
351684888536292178272621465989015340626549047919729881898563277334059553599661011796700677937929192517692289274355935990622041739390575036941250643269493400682016721970632779677472000
-114532173635977485967623988492382594623287173105244915877116064373774087009972929037487088469937928469748412614662209017062060011795049445474701965446552254910267923700435222857256000
35915929431936393923251491564509376850654470997328736573295502766446952078355181349926102679007244306520216962209287204533128637380320336522164207591921476071191792757752043363840000
-10834886066853373712260227858128128334636486178347043031129909832497767506117024853104773248268280457014497683165657075896450645338637546147936355269620774217261805083800363329657600
3141254001896844285858291731764179628149559679068694935009510927871427445928975080771556462715318098960408001343660125605408184476057157991334714494335295405835817448181100811776000
-874291476828565316717762107065361008833039325496820234224605579855782206716332910943580878156521758855610675968488473803453130152951790361316822472177527130140611718543546786688000
233336614057566387489757258037995361041486817108604599904059306558465713115871431037085109591854989714887990738880311776215687896196910488354820484038290335040443176587302237184000
-59640905518341217306204895454745107329342084451089245730420133263160131750459404955568728685338413645835428914742904945192247235106931142640915431835759597155884959736370997925000
14580066107555375908772183430082477991267903944033195163647991491651748949011073495903577011550581872214504064174976624231096331490042070544671000185666385667184834798959554969280
-3404089755121737366123194600276716071068011483526428309313616934332115009338183323648096089410695607059244282349569195785805931416296336659981237317214966894063340022272548614000
757859024447526073942154679003560844714475882299582479078689931313590859266192611711676111271701372124117495140877133537518012094311001070529308826157893617355171587562550752000
-160613513241351084114741422333453174557928993445954527777968739867686797794237534688125879460609687917270745690347864346391888643486924799823434043893919551831369755697457326000
32342607879877718736325955260984068254452244823502217984694225758524295583744558004359361703705846654456991180375535315838720544520926868025694847610072089917035613740492160000
-6175665069842057409369158300400757531913461719512209902899742426972663699270392824235045606221791248708318864139381516546066469191037472475000825249703935354479711425193030400
1115672706157632604829719945575669545316725154627868733043861940293781564456561661618519886133656933669687484310707029843969954892179704927925038050395343730761875117386496000
-190222362225189402766838955494722046250215270957564494707630815734171251059339074923327084479945185796052356634946462783853156139371528539751190438995207888993789535379308000
30525838009649285801998581301368941533862761159393281841494219209712832051225147280886101419979783356761187920272128493303039221319323557964087957128078452889423169191264000
-4596492336722155771741513310500893471887984253035240134106213700490947115610185903479178650882703516993498327172249606020957673675539168957080597679176836220200416940280000
647212755280244151762100633815390631732022916280706695931370171752242730121952115626149265536693572623656731409532149142941908021747262613132797239534252212734783922636800
-84887409819774912536306828677489021919032379406610212829981670221382741014450951677840785419878385306230472977352634829955304476064057623329055656327163753483689969744000
10325104308225216800157529126824493897894376188038971212847563085554075853419660344015528957051204906837696796832295414877506100882508887154553370080065209702871154432000
-1158757998859326728313703351797600941121999672116441988561400298970186784128747630938964719652116898396427486361537002195754294952865422562698534241913963316170325696000
119281823380067596199026202422399704728512422262297209305527455015575677783600358360692434508402292721958537487191008086536217053672881859012751550961189480210106880000
-11184741806870574428314939570892027868727354038865750476721419870470906869951832213647566645484041371376702447366642963114272713661236717370275540394815701087062278800
947451484819531795032962633026097641468614208970566835031583233117833057284878264684596131192325950778625988551228170632775292285141176106846570457507502442250416000
-71782020322113629099126685382432812567383396714746346681154545545793068697032389529498549178682300450870219097086937249805750492950812758453627366982460015304028000
4804188797659453372618480594614209813312658704070815121067634743974905713740656123229491885622998719399805345927747735122226048673840573445930250373667326804544000
-279604175354239551466726606764616988093394961193317898322012805493702101217941639797604632217207917272244113202762125473638021678561837997012703533068350029860000
13862591017979456979008386201274471579607553594524182680654895612649020461884120283842921873859404611448537790777510793994947980264890127098872231810269215974400
-569246788943072089907393742318842320631316853103189139424737517308361686955219097517179933514122223204600707417577406356623797523931719972250272589869109024000
18586431568696415333729914188056416310668641862373629558492634438824705869868321759973486330871370922709184041302335613801154004616892363171377059106349312000
-452391520199312788673804655624357037218245266453780623196271360479327924804774936177814598031257190935478156052120128997468905191719040512284590554796516000
7296519736767355182558420922636038728701880073769465382756267809863194542100529607229151110970100336050679118919374348760002341764149618752674804516000000
-58488902209927119143388302115850486449274270671336034508174242763863367449477845331548875305536324293782243817257704779660178771581423343921441233000256
