-311
30079920
-727309905660
7815510621798880
-47237434667566293150
182706839304599611297296
-490694743282367039396640660
968090657603938498623511140480
-1462074042062873179085198692271490
1744380684258716839836958044705145600
-1685438060937614797818867232374558730176
1345564600715484210490103922705639449049600
-902434669745134156920158100994045424103216800
515573208480663864609201804539509312355111174400
-253906652798959589445934715220286410076924010760000
108893228304392909080777405688430033007923819299097600
-41032754954622117087801532967712512242614731362060351500
13691593860844705865089541270389110659445757005903819432000
-4073544979641503429867396635313886111847508142278118770946000
1087331839995166954299230858113146996503118793877893420410960000
-261832225400436190512640538710791079625442263362781430368510195400
57163733926426295742759707635090623914597689606731510466848439032000
-11366252607184891370652822280326893334027144327857480109086969477526000
2066810152722739264132015653665793050258485949310523112766150790136448000
-344988649537374594704813619829336237529691200688299035897398555065397210000
53043246825509678484406031377791832130645128994148454645754258476103056467456
-7536299765319640636146120242130201948206821618702645453330573602569997127835520
992351834118742035589764573775805686436583293309333802957624720518380197935784960
-121432726925828768709662300911134528239370524757930557467277605628025307460925257280
13844197214801976627684210952865135038752492168597362485092243552455489273904296870400
-1473960912577266891601476419682766782831447280096853189648915410488708264127537367131776
146874606647657728969570636783373306060290730012564684121519396158583458244383952420956160
-13726034406602443055860352761971167255909806630871486890993204740417930862903135834793204730
1205370176650325835002789031526929905433578170544997276730451933641549645804547921168910702240
-99646367587879228738790254150407488246332091581429640787842248303161498184525624642307051262600
7768024097283359042971031926814133467405493402171595899327170076700988106636293102727962585610816
-571962731082765846200239754333517504727754018443074489732480867723141813330068109049240609361043300
39837684685320590918104646497596465384076553080046777753814109349260057110773304845919058132793426400
-2628542301775131538022338230160317473960292069118848229951625274563331344420462718701267383461329146200
164521516850093703103041814274334137752149773162468344175801923825397201833549014346062232022037169440000
-9780907002686101958040275259743085948201399108116969603966534247622254522255634871007365982605123496438900
552990720722954866205917763644249190075586538510075426032706374118988143840080629470874516946336072041376000
-29767766364903415663444066373223906089573396222959882216432936035837163931191914020785618767388454871220488000
1527381033299684613749197114635207365348841128428691155022945109568384757425656715511072592590415084122460864000
-74779344649437296546600025057178786221379083862661927235976163331838506835015946167209202318534345944497651340000
3496940652307710732729301714970173995071463568127720425450863586603347774443787673209897591484409098054394859897600
-156345969003577964966850467270677368054695562789566630836379465789513098393787586400766711551220473875914945992728000
6689257683325559359414654306331489094425254427509063564331324613263224063102604058809082590370733104101617644031104000
-274123108804925927967818322760807381001887694132865995899943869796212598249113961554069943982219404292518417142571504500
10768551279667061027040659809579072126654746901545989476585883298283536970785684653802531077219047985368736820028048440000
-405849468048604062811519203167339901938214763124225869789359404099029254769759197506371312250662368091771100767945100826096
14686102242496968239838595694775098642992992504902783108256250332103280837727695374586569745879408721567664745974237943003520
-510629909220723913833175019022067473786343260478345029396792857793400205074202934923263878623648065745424236842551748774911960
17071653981750311212495953145745959629128895791399906871025849363151940213217709513888770868388763670446522225118447786026889280
-549179184416353890016523623057853135463112506760037127584560973769021862723212359722337500448973928705842255599189298548783384400
17010212516718907133549817317695407398463401465582954944186123966367693371806315787287317170931259908767800324172443146058448920576
-507621408921281544672595552830524458349871628238705624506268626081798655676177953747858283622959808214934500426555513974451512191360
14603997640717152521894998927108273983034533959596273356063385970180943041970977436971317170454077929660313211409971376491207062958080
-405286982088118670626204344482178101734291018687880288853153841860339565864828935964129386766373767324404833673484155111501075438935040
10855776561303126931682646676104075324821974887232967001628286186457357403400359089139736863572734865075411287479363005629520331492761600
-280805769212530134168116594757079888422985312076116977821841010546970994100568010761050399020210178714079826250379378457562934108038181376
7018257601925638935134330371515299549405437791743853517181191610015668490016883902385833676129950717659076549660113463196278654138014208000
-169571985248191354677021644618945493301282217945836077813537339532628835157985984964071039109761038710723738996561487544557953319556801664000
3962746479148461710507208763339993044767076915825696117248983450826502826549134814156592849460457511337124776873033785017092286796556429312000
-89611668122833561019465383716886439397351196125086695034225364290235552809842190469056253096014374264551069936002137289357464127082773258062500
1961827421228310783445318374503462271833703251310300341748096874648432589987967633047533061862472322360690121846261228571930888023348685272840000
-41598757980200396123261439775255347276841138844645521364913445322980366431184258591927316634280820949229830832031661702719558418796281293669850000
854697403882789693749309225518233724668659371334227161178145887509272701421471717186598411185784958295692973334806019640282983310852888455726800000
-17023154585941453811684717072351377885123166548825328473837305753015027677944048602451157844934523638442568288325179496282686400082097419573328525000
328806825398692731048629821880578179020358411222427474575525863694026873611370449376477310527237721863301529047339530871278269555040890296988719000000
-6161504390802727603595150790795218158332312178949900641428440883724335012626458373917861863249284665144940754827706747781967752819063181216285952510000
112058465095971844216941762447947946985896921358089047967895151799215836928703373084862046344513869887024036580560236984060861650159038376097817124800000
-1978683587864578453720331425385380251398157116195099765400698015093522389070740868454671515477964141174482877406393212347603991680287016943068265075775000
33934293575177247896867804396476012748316827765678843640364157064257308722453208753951836956757759202517984449601255106562624133541901116993975395347200000
-565437293145918185600749235236751969178263139057590593127287712075996737468999823366387027596669418998128833291429240722846354832912850149765391699864000000
9157169005585877872975262637000383534980099362771604030493049141204444230484623628335003140612657314320630079558406775624606495974938488398760555073921945600
-144182606511947310103486021558517984866475958543501303419873676271959518791797800533055204401492056691636028840969408623472963603954428813612409743974693792000
2207897994675783467518249767134586756956836773162686851087395988545074823772121083824784637885017171723227918793944096431498956237178360743042318346255759616000
-32892381746125737367759961233362514774867983992298890223867243624878360749874053036592209931621351313852434068988611286696543539853572498794728239307952545088000
476863114947837961389988990930081771643976156324820315246836757439351719379683435146749423908524253625599781214883760490354632188103066766695563386089336048640000
-6729805219563073829797686820280611827602432877408452452095241057606201038451935554045242924506534236205905912360861895507706364665883920849173434467964831445189600
92479688857766611262697674701493669010308695050624306215654158474893321997687320462234278627268575939083139316941824188229661002633149566188306180708993934323776000
-1237789196628855103183968267416764683212485370087899417978915422407045553216220371748914094827229332062710483210412455602038191739139732526509368135822029611442128000
16140670505380071364381221860732008277303525296231119250382048225529063163959864774996146170201722362876674136704568400586775270766497380217940130407485057926414464000
-205109583455910444853634106879611043393483644513401829306335934543943232510836348504822767340013808909769981075342279710687812450861392800062585288121761298040242760000
2540690281103136494480392806823206912047503425518534272055341286912767271528001362738770710845934372621283629940322860205912313232151032530712959577265764585385407065600
-30685121600802821439894684622699155951682428810768398303318464095927925436619621650438168435142386132287203927044258989709723820911559083397232979210284535098641358320000
361426867611939904480049005612746089497211242348741477809148858644492853550734906774985281058239398661073960166977114209354115217585852213374305002319366742385265474560000
-4152721900762858584829715957180437603976415897528921806692231146127458759088809375015220216001932718836050846303863983859207271399165337343673235561902155815755909882480000
46554943162194399991526168034038992454627664650999653633918713013018348416498708812189313872108524862093336087840313314821058666866037363479129316739920645933483751744000000
-509351310861337027364079078684514759298957810992128432677964230361320870989942231314201133908657973062169572523518074848488523471152481134430113478865247847317439946087040000
5439805570894414527240569220970714323439177491141630067146378038057628043756851942691456138495557437219934427482180719671576502329274898143823117506441555321429101416729600000
-56722698519663083994644484609547771035417236275482850287823474303503317374509508731819452317486107364924356423238991466925133195424718181176677325350426789697940477757124800000
577602208813015046083515903402947310744741222482868029893535556579736867592531096430662828593552601207494267419066303211357420602086458509954020742081487827757777055963174400000
-5744971720408762712205726026546856541964868983466144953281277997964030625664281961273065039717561154042624908570013813686073665642187461085028192951316382723233616632336304000000
55823937949359208289151617686875693219296526357235129952681989507972701357147354113662350329426176505808535621269355280333951931540971921031870627042508753384675373317381109760000
-530042718127026640770639356086160756852706438681625439074374727853206513916794620411894961542582202163712663795483391254950354141655029074424244706961233557392146109172898655550000
4918598129993298975339150117822815177205176381567656534856180915965476367637705590116205003954292404646410893964421921272422714509106589281127606956552154784039011699872901202400000
-44616150904896525076491122533774488733088645442839393413896908877151645639264264670361665069709089068677777785245579395615332113691153554602664903710324247013861576661581375890200000
395677567253709413289318270649492762032452307100459144529733631221510156000902957366374444226008980904955866247683477305059143691667693803291871587644259111360559967699689132984000000
-3431355430980893402986296974899466181621629652405891747276303023316058223855430536576935817772372483305867767686535883537203400008511407431527439595209779439629912095888474130150546400
29103114585674629666343928464689914129389608619366508575075555100216190327220061761066217719210436943007908956008144754792553491690658462011151266912807579366413096219612859694208928000
-241454588782360343032469134302829615331269016455003740933755929410357641337433109480003144451084898655287742921545081776185009586914894892869717791821685104591568553093841139006635144000
1959858379604733137827503260730065400641553166648438320226938504419334264383923076966917784425659609105866539585266291065212889579452863513507129653063337517823466042418404011889844992000
-15565979484092511113634584653570291072680531137290504243629359487993982061936105022822029610862267818069477171142039638864378076860475059183416232696598188745250078621852163151016746860000
120992487788552547155921030972549629366388280847278644141683590991667327599063624130227360501809787114492690762647458402913536841236759244606080496795254275076004602047913194865263595366400
-920527128747277900820924646910680408186694747973443831830884814517860582040401736273806150987647708391100718213324847060614426564001812390988856467474395844150253952124052996000094201664000
6856073833744246760311108960727359574364209498575552662056355131764084859092421770944187099923023442215559476241299358769561829152376849174984869306880660531258664949386168842249981025792000
-49996319622495232912532749903342508857741475250372152158481429907618121215691368190260607180911574496273048900090552088379854295457280320668440331673126572600074439694782181345615280873696000
357014372255912428271970246763704944995436980072516908435785246474397896131576102791154777647381363543793070337823620838157296391431332581896345235177851899620428874985718396209241682461440000
-2496769685509716164694412748048882326484204354604665562706163912554547468475214991263661854487525484664406066533634100739314758507381057389475258689750826908907463787617064165753904166245414400
17103105385684607117945656678461623922998689029188683831864315738950069502419295938856672390126381860699283500968973143608324455646697609258316032255090478947470979926538447819952074639324160000
-114771054053792504254409402281797203202029707143655599403287827324426020448433440230001443860305201362251561484459921261919477654892543419526249094956692541961197758073678804379791596533353780000
754582154430573131581656992745041804621880959677670520879068030350083269534566855210986076823583856587339892688807213546923329006463999150761035634725056956905511331020556267937368949186946240000
-4861295081540453635093431187871547021542550273085023419559862330029295301768360261044922228536054046843261966402768848431529372196537267535970122231252338697823479238973228188139136293527014000000
30691772712915063645804244269377897172833026661739668464239717588516146730922571520318096513712390827616257175558834613885744911978984929314431858285114954397993892063312564143430270243049645440000
-189919029053275325094224910752805485143872024746563131292725927839461723955876034307319136906529594401119772125661887940338625898924656669096772345430298504603816990387315744158941843920000648600000
1151972884823694703281735903983267224959162974560349909964030918282284013697443120798109619082691597802160634022788945829658615358281254477934341543266019828640816155003258153919589391801117236800000
-6850035833434893015485340968263615083664451077612273161109729096597117888689112185630643646307786284345410371673718496686170954885062699440500551332792060022405462165024760512071261338189967240400000
39936371612766384249591819104571997832592124918273375621864221044774949007144488528046461368488866297264111311728140603517426314194673855363867348212365826950765832663261367691307346662026953984000000
-228305697745454272070183898646352182887278910791471010733853093099091567862301488897035607383011941837297146339775851570983198028529149058847841942513206058362082924352245767341396672539216727702560000
1279921567580553695206658998763239339620780889130793016941101146204045891000458043075519613004413645652984753197787165968601932530679089867511158161429134162308569526045511412019796385630688409932800000
-7037418793744273901815866197378877844433340877707384313854400329340264954434593178659721752851531813981679202327822379828841464157026651268980828437038165307769847104473697757690410965523961798150400000
37953405659275748310989500613162628136889758007396450587349344416123398649099565512142508907307963762733370974706304687355068593000206129310508543448662699701999958024206355175191751701965172254259200000
-200788227325298240527929300687936653602711847366783576549683430120288622730944599153566102176441617604028750126007047007862776710301883948280652800912556406559520459513466828936392627614227168120624000000
1042119813323032711286589092389690295076193278339627579127880156738235273535275725629286183814445402957844193293994718985576943366313061162865140450739499158166455755821062781403244577856215451258247929856
-5306763435884390245903520734079397323345606298020105293184270047335766609281895064153416574104235235709682149587616720609030485415065471763153960679014538261650737942766050677912906771024548888698227128320
26516379119895516070299246264549990023130330632403517005909026700656215672096626387888408986310901241013993663560369939073903210401820106661051770044214747819638928159427215340960814836035119600593187471360
-130019918783877323885475497262887728789564292725549398541486418338050439358473307746813422408035819885213696835293544909385996228884950067677546145632451183812642368868646496511643614592441003622610772820230
625683257990078486674411262593116358480157956941409520774126097020075667557631301265838523312031035178649891386954334255371106184069875693745441700753962550310462165675212513710259038312762187975402360882400
-2955187179646512123363205999493795316582525933788180435367545514215352654444833615286419927176901139585503726650774077786862548326546837144997331479046274835995940859547996334725833532376508319904413718816216
13700523979527795847256958762293942974611372489492898749364368108558560526055064531914665194696943923164307236893863156501531632472470506570478858602233064853553817072760246395360836538422877567251043381447360
-62351380280338362448343380335951721536831841385406243809018956491297530649368024115429132572536935392284209766068220082707871548448662405849360769661459787861125862742118299954828297462541260471206725609425580
278577324117570323987646222777485242608338181263577718396426376246267535885626868782327729406565610148849887853010547208805953090451392801124239942782774037777177861056876786818361128670900610411013055478779040
-1221995039770573990247658428217232408890942127824999943723241452719829720652227685433283782953226792346522689727243024665939011760381151368932432562557651876003531645474766101233471502548645944476689870504902600
5263194657987982218846649985258703712938457792359462034705051362013484430854170885913363172932592059919486697000256157156518445385068798784950355359699612711043798081930712750750210099536818219898065738005642496
-22259591377655163768884039527295744914825414187246913801081457763489663689639247272414188700402898674697331686464372723484464499905223117698569504109672480769971945553580774487858736215196129176661234448285650100
92449233686982541750335587896625174894798374272698141862747178623237586655376344151485472724908453166924524461786498084131332340381051333093872341859299335126051100207402021038817422635567620095854683132439820800
-377083549942435564773199824671610675819326471244506068340296817575993804800969769200532297041205309632808038574784174106336352772725211321189493903518420208705433276140010858445296205527356964197947081583623606400
1510598145310517711994496476868830097221462081379057486131099512467362998374569646297872770094161325271949805169934013551598452699597917098497325611113592679147069798314623489657156788355542105942813731927564160000
-5943818345127165125853447081255155404480427407042565938159006403112015397839040086333583974613868141137655149209718421383307360747229130844551645329320988826964345403868473374788244320141212385327333562244167121600
22972838470880306235630947825745492745851619232289661822249285851573223840347660592217322700534662640964610515832944192902436376430616488813205997037625108468585096365034630758952200269586578124267004221258578624000
-87221364551437393596568065497698754619329617812259454479564499947376081012968451297281371453324348730625257253552008955367576952509358586296003348304377376960398195914399733535662745290554436692100230220536252912000
325323874862694160320672868680154502045357162197498807377639177465219250380024926272494731453271784751442594808690832169973877907075837356055003539628904655265464873528441316261532050897411511339423383020232827136000
-1192116832149007319249919363747180740640261572606912947462862311906572373655777103723741906321221863635144944373957025580414019713018783830046269481033098004935684240695342082182316400821750274359861388830651589985000
4291960795545838670056689472447400396837347919146391556297209301406891909452922884350647673764147928167701864890894221561713181269758376256798212348931338244071893188284167146391087860956157373029444360947681462806400
-15182740842002906967330862716733731794122735027361308655591624477978358248841135770991770868839631005980744939111366052583082305950747342918177387979506828687100821254577201335786262908397403204789137363354284138812000
52774586057870440470644442610916935652744082251615651614549405238091093747371715027568785853129823875293892075826411538785713275235898672834010827244051872661646392062279732830467757859019193369342481634331389246816000
-180260966266056096817576938587517000307311632661574516382658092206823473379159496129365131992951699820939697015937939741477844691075795790970698870613505704753761783917256335426274024823696082465033621641516232162118000
605064961314648003911798273210295340881080260616212466142771993660307429224582931019336499982647658693591559912963166953512408737397788493452388623851107838306847805842707180575917315880448271037084162187549642841360000
-1995934510832643977703892428264059133134873689919818019981452450731630120199011987697163305120537416706535963035557298420295310617706722656556877157815692216309891155442291984423340404531677827761929937854316535170159136
6470745977840842192529789408239956630030694406336254902724835101885097078422479984674984058353147925220259567018481448148249171565320860434747789987532826131732255348901110630611522420200062498494007324511691517028997120
-20617940904203137105586284057583140894778810167557828825047359145406647836834648070975515123951856423603698430799841965388229711873451600702251906834842627308679598425383183054610822628456890622906567573085924273248081760
64570997632062043978159752950981896931864843906360782042029646446582603537700103352529239385157781115264827175821180493252248991279699421191998453324617997063262792932705024396583733971439684110663688406940718540747719680
-198769003294345147606069858500018273971613802048569273611839025924808693340773994149578222352565517385727302579306176501512921133765156697761926424564164988851555919971838855880949380105622960807008035594059164996934022400
601444805972350253917621412425279019547989051143508508407336101087612602335105360195535419444000118704384265902403405076128337762338889960478709817278523955444441588273581580317231889122096431168626687015430803688537593856
-1788937470426880881403148666107980844427234856468723840444815239859748447568482967527688664384202358334025932254498293739133371504228326339137549725661816096106422763280046132941437799724808932040641138215481538666781464960
5230731525360305038114638754664870600006477770920275249646587040738844988159994500209159698953232681644282404537555317715396987750121462773918677586429405236666075759467705987802965844527827877400019802566683656732211194880
-15035314936119187975484382836023358421914149391440722283644053288026650369147441329574934806833324689022142785707473038507600610879084513870697105735035043725662858447048717295576727291531138639584730851337026083806011805440
42487358056894695184866275456093854106306982814149962420138885601701827553178007538658808694283165847226845481228664762904275449594628284914465457604956430669726458900247631169494932862900381488546069064495753468102586265600
-118036851264234672509487280340345742105260114247076542081355378237446706148811448209255981763520040555492987401189994789160741181664826494195378820715707277564906854822051241265845668755560079369018944450625096968942345226396
322403034971946098286011320863256762511184602781259179019326444936971058035409534092640079813943091367188901199963413104146463317845365371283238320538253742201126705042291110745028098757519139667703455387687854072031096100800
-865797846963795350133486505886288174497056746312101934146664756127987702223805735949054827962477794935427990773884372250454591344756432528270415604198083713957811568025664937203831173454262932722174075040316906395158343236400
2286026969784492130022369880723207046457056150675094090265227369185539285874681771549478500930548468903991283404325961914783789078149469484106522468504797647693492307581634486609325321997946977918851131477598389756225228451200
-5934779638801389164887417345385854105400949796285263416596129575155423878502366697592293884870447160961525556354367202955821611852386477793268067049499832530866972798069885039689773223100336396980360657920259799402454884615000
15149437861456063963379833088519203559557186668232898674004210136088203410850338880289221517831279922798243528536385790142067171250448141807932326452600196935358352307609356500212322494493332534234973160067084481883305956334400
-38024781161547708812134059934948131593728146897529700855984221006769508960352144311772536154768488745113242620526169370560896933500408104519728529506970990747353042435614789604339718585122345214485481151692549651235986952746000
93847815874059732975610872151828670581931794157222000405862738009177770474343246343286858926638625167759142172758338058533746556947186727752947547169989143932080914228844246765603338579767695715280742896242302613714204666048000
-227759844243391068935318094876127000030136837598754087365376274284816104881699594131806971935160356721796979925149797406299108486083172097891640027583005470235110061718152790912114933485627404103230762690047796277337793261419000
543542277358269502420478321723917801269357755356292797689998489382481905701363549456390294706086268483515358415258926200530346780975071257739371320333939737797174531938983026804725109988458522589412443015078526461375441640640000
-1275556428813674599434576479503039072660522917855333350592850780221775270815646272930167687794514768678909865850563170721320714499394820338101795927902011313395922973378331067852015975243157282371506619298465077617195288149129600
2943625314330794499840813270300778927640370934539786412845168450099702310955159211289891439156453493056080084388222111428293212079585598181153489593886246141648947787133469459274786703922856722219803244425991704716266134684288000
-6680170792598247374790855885890460886458612203630260965359183147456182870828708895631741534297147720501150913519877903426220976858678282351544815808029370849509376946483901402357063106451758780410726420397099955365601659150184000
14908014553751282657523834619612939407542638454504740900072523665504806919990347975443057922375458269494900324628944666565677152138221786054474968674192179417301958134570240985874334558659690349199546896694279802825997060308032000
-32717764137402694417332910268865826361942482894357494685735197349533191167880785811478200014937155658494802882480189865568649041281019506354524682704343353196678181009760855539252878839679717441292241166298435113580835469420240000
70612680438392440496588931824684266423475929775851525510150321763746801744726478987606958634686897645840734410462387897293891494939110703412527785404939698706535218025180522701141494850203121763253941947025677298522086569364903936
-149871858065021661946288717807782383006567181143897163761132260600385249248032101014986424826881782209639691497154238517161250527336384077862107413850973672890662380845347800393419020497372295981570584107283159671724386024757735320
312822641724533068977360012604503992772365575325153159458264253093951042766360724873822729492784752218479961262150402665715742426620090894045738070367482856703571592078872079010707542161070228185606423312057849827744296049377823360
-642123663358113155128158159946948812584785378185266570877639572922336004557372884219757885936821169360979713439164112428044272825403700652570782315442809700524876456067213843031794799252920225681962029824084912866020886951249384480
1296231657751092627373966785848402022345866803814582622401477094242273735987356142172027716438113455705757244319625941507627838280550274904287575299236632172215255740408457643871804488489088361696242442152923197283924689242121350400
-2573299890685432990287682642980094644423101811362894100477944696875224968285269580884166504599256036557099126909958647645436116853187476299959294161178994381143748903667049509613528904447736188662469448201178178163559257306866894416
5023908336382903270925801466530534887741570521497228615322161802513335642120992716747086158364165199419799766709226064631790666766273037579603688976191461817952876282120340851466112411967803382889763618538730694281043011426611109760
-9645740202540257798607299718238812560551281863774279925390759695521090654267865408977310663370541425778921801817614117630358381666908174464136451147773469304321611910216378370084843348143835036277028645338958337283887585970842493280
18212530815701441700902886792190766993006021523789162657657992686171268304537778540429792106848400233953022884306231176983571357447577941644010752156708531489470099564239064680856544375461523993367048144228642646335655882113778032640
-33817661558632772109146384043923457201539565899486227270606973954872305705481080102319201346793025777039720688265336216359647134509156052145874761765462010635796839824724976404833608877699335593189375046873039341974568969431789225600
61752186319015740708055877785508849708324812577188933805810180987105905547691616715107109053883913483181136132471306126445946159774557096710258264756590615535274194351673108119692658010831195828545308485883928903317535787103260758016
-110890119524478346961728853261207575677236645316159744267717582779048282522555835600243645218306686470766218124343273589589964307318602139933078815412278644644725093192787947795580598303933635126846377895870594378500459902121345664000
195821632327935796893839690771428700083523043883539607309905807194137365733445850896115004132828348049493994727171089556588963822400935667166561326012726439535047154761103873495744605406631869265721568469953414282969498695295757312000
-340056143260290725609812095418684340341398649401313107680514054101249691506951844455943034423398752779362633385286893495777524686721996051484892329863148219764106756953719795256573015109858653234557285762232082063315383697973282496000
580706719825249412452018079576152536626223163222756909619309574204983936113884340074816637267358806291568562932238753205185437302708260103036825176273117813208211197171885095900197472682774218171607581856503373529919050574630336000000
-975152965720954144937778060996840524177791534009051152854076612129649063467029988356660924315361722886459220318981868644087157748683585476625910775923896813143905013400466659240051828019458611628283191682080083289673760800129240960000
1610241349059243926730400767370677151845348592656594979521657167147009664846190797911385490550077853860373987336297463532244466510805602618128474141105110715818887585516957088693312193193503104752824195250363318367641987626429798400000
-2614589204390168286737782083672597175510173359121251239399626547686592814363564523399028898325087079495453715277472799334026612194479463864836048086592030493619009174432739270234255315429240325010573943552001875746851846065408215137500
4174470433125509096858153939170895842088137400028431735337179254316009768203976196289485533603306901977331562054870260194722829617710077450925647716872969409017952525486962599784467559376299514323306761817086513850486536261428692600000
-6553528152333422919222659833561281242155850735484108010479254868776209936080665680671810308028254551581747139547561093729546136357806353655753584210634482876284029253066138410252557810228203231049861303591310358987565017403722879750000
10116131188148917598072143105607178534900192367389222979173973537874777604423162466606510922814633245486975150634678394675856410773380716217701837707492481443954434741300987774574204687157254880991522921120198628037715089060589563440000
-15353525326036616007798737603405522294808301644643602816554001643216079451944306737179628783702290487768588248587956158933147855845011522778870930017059275577617745668251616310822287700039143737927185129006486386082334919504312643075000
22911009267990221501291981037605210315569542241351241369586316142181699946429918105685450852167462359959145627360295732333645768447945252574659828883710911573372127267896302501799590952734337193713807240357227436697677854578416186600000
-33613216000076358792210255926434518970528858307718583559190290418066137022212264046646007465159573833225440747089126865540105694924509414660154815271513123685482212122936221584430340598623121935793211178543685605462206335113426278050000
48483293298764213383779445431123954536415958852980618997018999234361196603842441411692127633390946121406963851259587549800531231385267487320725311186809162013957828248330016335513271255608513041905715070791528541804530841687808616000000
-68750521979980123683533848107469545631501240052497842253247866389305035814163677982814729287339196373808109915182376635305898299385093928707971509395675061964842549401838171414166206472234261706248351613259157260492369846784354812703400
95839939553785316350006839568641489318733443225580517207567135344314735205903278235492328245908357213258898305068474842217474622444209055836067310441930137616888997359261548329146326786867493856486402882571117965172403400185511820288000
-131337170376164433250253221452792034071062100403018963353973421896089771799541554972405267094560768804376968349292076947168770916165396475227560430300495233436025440283742476176866855086297168267158861630838378670192757595534096276224000
176922250040564925588780529236025901995991150417927848132829542000430377153926346177489412190377281610050577956414903916407406418456489823408292717776240418318829484846298438145313714468939513330741409081780680840101442880033214892032000
-234268084113930464834913280073798715145354967891674213556314203958422624304765265909999857236417245845872671527495272979470158849698310066294549457253453677707110216321974130959186664643668586170956010848027787814633554640143942392960000
304902489677466762750991475714848174267467824480737960373019909570728943699546483859925096761524751428574697010538523518979174501917876677835732947386910228575088647042158169350236140615112361432637952869571157223300342762577348557414400
-390037507119928438494145825694705748423731992929042798068842157391059965800968066649449379717677705987844693826399371977278360067787066063161296141222038405085273993889234523121349064315472111894871129972774773066897424518486930116864000
490375518298321660681850776490120844805789864946052267674033576115456194488313652279846367106600699595723805592097527764007090330505375223567069143268539591559986944824869710602191808275645023501143492587769202890613504484583721889792000
-605908008544595530119029607961177653494432063850340145919258803587369216641128488117690163794784430433815816279973131048458927232753001186349501090784632048493487012516250465043948028268101794131393946081369690248787123456739830368496000
735728595343635606270766017404841069145502087100158909813362490379663085795779744276969077806720683826139303026253402413183340592596762503696745446652248892014710083190905076942629596834782151524212698888666659893218310664716480912640000
-877886041169556672053831714327894374138445925743706621163014684949393452101127571963682309371143970603521003731167353478097972002789892056848672157557550769766577308108585398045308662472632008964979510844002909529275299897688116600998400
1029304178905479622677163933602481667752900368900552225347799163414081853500120375923816099125664636138087563054894001742025429315281156428820122787549788867766117910273088155656097396308964103860468778016148601276435180132057224378880000
-1185793041811788412766009188993763201122328284099410212082435859827583573528740937704864412700906413877753643473950843899004331026551095505852160412312331305765536824497367511467732175344634086987884743666387640803888935602027565563040000
1342168535412262967496751170914230595870171307392116053050700837000288118932484838392298647116245589839987769174421383233081408161419732778252113590624938553057635103519778184418677569889079539663687922518819857844812639049468129048320000
-1492486956630917364393660000410673270475335702440027731714711767932563377950842658641099847244187410747693622700834329224051679417859636032240564341920145772872304735058623112095404735055493395872419151329175064650779186907026038776000000
1630386616809838901728983350583826013324446763232269125812138138096759769237550046311324562172904002014397775487319205808495697217614714571855479437741474979923415898356305736470947701489717566640858355122077318866538579168354501980160000
-1749513588189827345144494844113924240335400102906883440153135628511108492945772099377924901517199049658153820082575360913973274202672339785664107039834682460345203552623637832142018104318473722005199193012405713499941142962612914558400000
1843994529699877058213416468879404699533364010861866654668402971272767243345251775071145463103944089546040272639860271249810391922254317743890950340866762086089174599669060563717060089480228668490773776202334311037165342384004845619200000
-1908909159112129695162979758005640792082798359615589045739445774297330402972316126129432357299990265411087940683932450228872187766163321059805636813391593602165834584208374138397193107107120819033343099651254968018168153969907549657600000
1940710381316224514421027355567128396446221888927589538797259772622293748022979802549386412750933578145673526151426081048347779977025573588459849690810744230554118853360028418678658407926090180272842716769775280760740584799580745216000000
-1937542692883910842176414521660314281914832394522108555872363418861195375996248079317952496911939285735063852420724373188785394137806874821652239605571610991004247461016734157416765556392491809937273407376700647554540202440093826231040000
1899419424976590387653953180669843938864523147554688840424413105691407518328870376072225498088566020372122955179138080470896268940402390746723229096758230467215727942373850483346261027416975652828497589017350730020093464360510480947200000
-1828235517868162450676499006400360906742885815894646833114456709980587988940967129894857579596366088555969414512474091455602351873343645196256590752839058896869419819868280687007884594545472649201068097764306196330719374824883038809600000
1727612529020504934388184787724783521278563620030992860940588986615612434923564265680370556021485154204229216890952613277597894975410013775915254934895394149926356375057818296042038103860541147645369745020818371130993280817448646860800000
-1602593374586643059851284696760404356622902257938906304059305532167244913574563511361863192163983308801734871256963276965198382127520310331632165595996215734780019480968314584448275341681060421658835594347775651392938501587375384011000000
1459222601381647377519107543345532824155838073717566913420597487620371783429789227056522384315871103259748555564661317826919202420744221729321803561739092553292242528290675142414374323953188369319223418410964275093509000872526532372761600
-1304060921764924711153176909233433427805490423581297316999827165839765644425027983181826380924464259305568619679476972593972256920958375770124789011973938436741804569735842017297832955142205402098362301929839148262260520495467021108832000
1143688431298889509721406797765866278588478783257699321738364596220200062156375334587379879422041739729807624067125761133862373319333791026479835918203850760411334047148249964985225152997080217579017429967848993542822050539136129518336000
-984248794841074561334383193129646808733702203112490276943082812809770125051742138801085212098027879930217060593471167587057575315232298575554563317033811778018656726440275059317174855140627456406442420061396976456702640715784337993648000
831077527803870665622060750019655626146113414195401869968911861925146758019319652678477778678909145960412872429566623457884278235702716975754773243802696087615913499871767884414189328686085005428524825238242179163303387252244054963840000
-688443257956397286166811420162785050913966652617329023514323000026878186827308251418215023430784077223653166025255935851567995398236838574566161026780301422597673827559182239374559368097408904024260611848109839945465363568631129160121600
559414172616506181072186487851771140114120688470744297512809828923098108746689263347647222052787571230254329545081564785592254276860428413882587322598786935848937185640564117975317070532854520689116398300894710744464649544345978530816000
-445845529182711534807030019496459322931692835414118574063744857894510619257333704849584253946165807875004086922104709508909611543446822935313639795955710522947232804184439636013435946318517025379032144357786125275068743896845448889648000
348470546414205747848217830265316399098115463395750139709201160643590314729082940635811288906476589359762998328920168613937494465021193810739346162611076072679492758149056763530772607235117876934242515968052107566389451657443424769024000
-267067836954345536716532640205347408286807206907054105721685782497046306479764146463982408118932903654073603347087714147926929564332938824378637258272587613960021067932741016173001542527243073006528730780175810760894392190894391855360000
200674458347804841857659365105678516147928508063650831526067419293751625779706528233036016429212128022262349379642404459617489709398997364534466847791386068427071692801032525253324979786518398505729582842085567104283815271224150012313600
-147814379016782060421044158529525659382518799255086098882449653054548988214817227821752057131722700950037935997196022029513924075841961126113661706956363355666845306613802774858475604993929856698821389975879064752464154005709041120640000
106716671079929251263048705098707908976123882344215696948158207030000010149500048472069814680795794280224650261857841253019435082047805864198422787311407480977085418536967546619325655320796944023404458087234022927983876751224216837120000
-75504625853935537795162823145274289740062792753144772378210162826447821600902362873651966015151702693463796845993868792762868084584950138046045301304273667380810894687981928639621394821897802514405417462786489952771870428621088520960000
52344727575074793800676595237353370454062194167198280600429307048674458349744114595273504563995858382401679856818984334892764064872184056067355157151472089569162154542884129726878157506821536380148361049812590853272282855226538496000000
-35551702907369809171463004900703145929398734340537568322385328490472109116325338664612756459168089857255835376364852190370483037879595702385607658036853118333944316803336285400090284719173009109857361677599277200883072527418705078160000
23651758756577356216066020030012733229661457187692561078097296755769396123599991150301077970115097744260007213077217827446419045534126098727292572554604853436125555711522082399743265466311617775260213412689796509049808413413315270400000
-15410152292786049128072384507294513042896527250713493836776151770881306739433864871286767162517618069594445311614428670204784705970317081298021014462230335915617833981363091628423669496585827461420052646472313458708652749651865835200000
9831347815777338189516213130769342331826076217867851103643265584728625167029967610477994420673740586932241761573248604785087799002756779736473905685467005615897899062573631862114116704353694256068963459125556615971013334432168025600000
-6140464064258269292145263122609143956748062418728433943983049428381717395122435931127791966755459616451817554153810289050885007489880254879413836719196630674334241075010086347633590258858373436440547000597685816394822138552475276000000
3753943678500982089871929621778677994782622216037627855200366211143615185862772327008170829022213179263904989041702996534965035149498472853893713490173087200755840241375595645360470273037348964991625368328741003222397221096570307840000
-2245877633685769987504349460580623914354961288446730063082974067592943813275194528708619619022229297297403663960850964861332690488260827048635433553303533315211930661957225202265117096888710742242081374518178135066212099111000859200000
1314638529629828677633715155735305302978976504007763182691392579814112826954773017247327834164170084169300917034698317578191955985457402277710970562631345895734210818073012611635854738876061532346853907567624081028775532846826905600000
-752757952295357644059354621480395532892342214191619992274368699325468448017466202985157783815029556682334000962717394806048161321862859911780489891782454936428064880009060957725999875438967530317689159449938496058636640548040828800000
421537654290976232669485854386208817632330473326769667130628235682977121581368470954414900631567655489599143778738213055692523686635352593297182449358668979416177362202457967649662355046546872673507969486006106081448108253543936000000
-230807041079863962530919606767207231171135698043446156462035661652914561242176167112496517032206027816153156788035206223661661649285574417523566089592048178313616088190885025775025527232766088476161859580489839299411771400712432541696
123534760165918204735521803466456529818426623990492284184375525958893970017716867272477937720448679512399556306924448085933099963713426284644603237108043754428265178232038270331167136684955357905686860606246208491550371131125271429120
-64617254478951011065441983902514590434912401881648119862566166631654399755582344107298747437329046790176619769575292770068653651654523823649530513464000525806936325669778521441017554473169597561621322259348707285585611581358467829760
33022850357222351137695295621226035124855168653665473557535103545668245478051674615100323800870311653052814227723397914269646428672886364717827839154406180383953835949785108240693749971509067091124009026040321091191496915268137287680
-16484296852786065757168407766780092708722808396231889390545260240688291983704107213393668671446282887757546689252774967900272230693321119966173438526375643859898835742495340859500623377649722637324829665255572892644028739478739558400
8035159908433789161694884314892146382094242751664220932298693865264991967942874005931960356942120452293167241254224611804183446736724432425187747905144212345764759672343442120457235810503431122070708205612312778242908649388975456256
-3823493373787043991202620961912713393029921878214244533900982180607433693241859830856142940234985752941321112343032753282370922645336172869559935278654819671671661840546115761206953411110679619472885671875304778892595004748461908010
1775563426559012449820084939117726917758236519078067924477447432112389381203565909128368578826136398949510229644438229324847930163632319857305066463790528682788735816942428539837691335608211559425159341212726130269855319318155061280
-804423806483086029223368510140215291431331330837048470621753233132223522759388515137074262839670022581581335186997831887348101525519197613375832121695375480542934709926278731384611165313635538693355721605555283795265111241475905640
355437778568576346598599344681146393733317342407091675276587496161940120370720108356507523003053315682802444431994390917562316143414514054060906427856634952420097863809646570537706279570909160073210947785343966424049401428084641600
-153116916415614079723340407048219883608105537399954388694223438990116246232481365021447567712602301863888905093256045235359943911425651830892125090023861929725231803136105292612848292416929669385975976486050320210573115665491906036
64284784566969989872249902989960345138677036004149902624077602429754769340569971662386054764029092839318604918705287557893959217668173432032923438802754674625176224214157328411612588821717070278459108461429502767463647157749717600
-26293979026379820605488615556335828484042817141899027095976732757709700174453456884284325791178323519164799112850188782165792974687799450078497631129668186577866570235721917572006973025280435030130767266936019888148662974886935800
10473647300594439956084695973747845803645385908334687425701556202061872503672767339065213378804741569200487865333435517735284998172566474122262382467357022316259881495100554770835722950924930907634386787992037183684482387833926400
-4061213244641941285198417537456030946446231550917483466477051141539286392501098159696932271037048624133998860201964171068584668784630523461233655965626772384310768156064802753125508103029531935531727831518090060965810613682447500
1532301974083771823319576661764827283119107884273544206874701987130294514143240966028193911760735355572152848699341298350063643775259100742311811298899921126303995914034788376601117304348458215220344045908199562197936888859097600
-562301723628881443163728984435577765930629716422106610485353003220053381476189322218922139731860103841807743745808084284857856727692387228985897738367579456787880235003579628560800650226238305701230046243518593935064606806864000
200598373316075591781901212419386072790301097617402619167943126960574528997495361734231478315878552945122733366205041444437501049231617669031257996074629756975541389788200663686659682932201217447203390930791074092167979356032000
-69535220823823986530880965771962784783082624573686692601696926263330141017635358948222893679416745554058820068757057764008694358748045014283125839945840625131154683414413454051664709929313512346611478391678343891633801821496000
23408714352598116553008669396567397317835474006923727308596303585836600312179175854102481862199139338827170117534610178566517800736617467253588887122630666079724272577425847358363653540969267433610033217082191473310200416960000
-7649094438864742584488607869624581227821108728654733994760940297917882798853499972847396713846991744721564051711823718294005768605582506000654881757862621353705238642892470643670515651569669678134768192923386599255449713750400
2424679927244607336050636445648346985793703941981756885091906293971055834715070319955983653522664013522664603203268694079389636485586535309911978967103413966507236497413389204731003177632955843561190663679095328640226431232000
-745160406381929025191707948538960659277566048454249652578053003433443670441129891122934693043696092066728280209676690869418822512607875396592082960843294811803566125671607784763851903787853008962083587263078374882310072001000
221881411778338216359462528599291751542188218643705246145958650353486319881248299907420825558181428372107957901127683502718975287469226352173939071596752921192351158084830333956975156635135772315294166949002875328908547248000
-63970152351512210201669860295323005516152485382052853812526972493223019258213269906443121226581557583172741605438605005812139966131272369236572422674512720166343982321196555204042933365756217589702997543971005867310798460000
17844817639768616018703171871605079330495905211501315755756284452456632254826672951356351542425977372226276454986218991108930971576929876382343561371788698771956266460138347485414740129375116248229744610745287137544312123136
-4812825278421631696390682972355155886959650973670113056632178954995293920334672282419872957875731268541126467229729431478851433667402125476203114739332582654245976349815458268849057917953315523522895702422835594424069163120
1253997875199797480408222888129967502405835372096767848247605490339583678339751179738274970009404782033835972485719229940768130196909946598030114687650523171469529893332516280817296796461868184731584288637116725145981189760
-315381666324963299346496406456474539934038379579794998529950674340490760777000979252792953160716328714762043853901514833066483963528526370605964225245370566790710270388490747764683476952918222486255936781735388782444443680
76494467699738018417824182036436316516419940731318065958112931893840849468400694856087806627282849476942837167580845570435827099233290655015231106648586173109397488533481138703218407328671214919393534081514422222383462400
-17875703351108421370318327029203440751241450690541814877788099811569619937634810337479396750235319965141195404939396322652484544452208138909873075317713613233893767696708009466602862763629914904824093595757981244085298656
4020623998121674795618767341328669947721636811388186981288441795993926749818191659092895053053776960536310715311656117454289149193541324793750659409614794278617967278701311383174818488647145916460985831748100288686248960
-869456653283265950659624037634288228597266086281407518701490538274075226555800034724366433119131361480093246959591447259461426722515594820156557641305085473685845572303033698713059624129381926530098754446105335050266880
180559166145254395627000799035241816204843730687514762964242163500286171235451387550545799243808672903106679861553084079203916258773107081482399164556757876841301346733559620884211410662136875251889803642792692286781440
-35963635738488294308517256453347051395194586062970202675815194860048816466196272329392956070866226073551983881866820766370895093944529424519127437247127495678629068330621842262260170505445706468478596701069537313865600
6861095714418154615017339562955566739549834479923499669614432250554834840999414416943961185277230399947818310045038529956089755318737186363168959896355650021988747834426790614909000949860100553223075832314848263658496
-1251917618681732085054694520234630465888078629919045339246361696654248496282413078547711632479126897638285347418238056379219516823954135978168819092047387116462688412988652867224764526097388634613604660341570618796800
218134512538943278232162291085328417807982426599790439471934624317179696471308289566666553549763008351499609150852293765306832733885196609873604045321226431005262952120496132651966400934207307166220957948041393254400
-36232146740560155577311196521539467738963323341836816220640954369427380862813636976272727481856252002056931366600261034006465019467789758080495791526699177034619836170959626007259610166745925815357664661098648182700
5726276469096323722423196490515211433703091056288190683929318347199404070702458161262437024945852257841159636967031592639998781827023440891063857570580203025071321433611511635347120534967807147456581859969374840000
-859350003762957214039276610068876141554895507983510756502638844946536013987345118350692243660423321595877238741508986096425976521270664060477014820431542715569859070316419599877717101924241308062419972112645420400
122182945941899657030891113534668564900283911575459306199640671380313099850115553960656281972006669642710430373374997846045379215126165199845812619572227232737699167541829831751251330371250520767014282592745136000
-16417831812445397478454206790283094249185503552730780530227096687983758502800406991546714000671800690754989219222149445512079068161245950162242859617646455778239577811582196265411973307180254461762087582861243000
2079170024868156430310826407109666981294421538110974454270043858306554793211872296847905911720623619493392384202299488306297378292689093293619079660369395883714669826876511523693449822312009767245715339734504000
-247399968829758305402226498185049341739704816505522840739592312030669119905873786073866355477423919738182478036011039812465506684024102509658848562021602534407022295911714112420601733334247541025986652195490000
27564379175792433544153842302812277133101728248636017969676381010621864827432947196463179347418584611105053801059040988470733154935911495933952262652817675077397163816834013605632340205789878285411853831513600
-2864473068795540853491608087188479082552173526568559893328883412866509304850449509493668370597222115642251584854850349251575344408458205926755790625615240727489284794469887850156163914966636707777973533783000
276416179319430486060612500290767766902290027753988615810353315538320661189754177292681077560379945905143981796466190216751230958346611443827107095707205943524910067799518024017155474432268948254782513344000
-24642886487905174971193517913630111375224428513674247459242457537012799813513848718820729821241475966522058734771213323116295386437887063654556178513512335648019379833890187335523398620335494609849929712000
2017717129466850267772581415507347963296191504794079388392241576391021293217317173429466586408290780583455106078514575063044957312841392221019353549948102336030937689556897252782757216371805914297395840000
-150678631412741118329994663262498729570152256708011195215380618165822823463484319140216054747223581514460019643929960655541390645551188856860789724546679953338488135683465627066143458347054528333253304896
10178179316409042330433078433643030705724349742861872547964474820088472308214302636153268231620051863318234017514722345359469660939429761304930774651777367958759256414198625154742198928091011284638251520
-615685883169912356223403509916326042755594464402536630489013722889655077895907061572492224396384217029151101647172527294287466771225318989510362305971840478799995807608589699779754303388865721430520960
32940660045644865903880426109738626082578832240251608545589598044134951286090639114292518230620519492067119904267680228186125943864531438927282724427165968825121495789883264225927230862400292168161280
-1534469588561516920405614118793550741056763685879968563763452427934567231719834242847875811361899848655524489134699222887176162010223422833513159286908646725590244539640835488363667859057233139109400
60966402572677952569945173695898559945668353485755053068204463033014356231513113265958065023311817690199607759654376004203204458906592537411068387255193316826461099903386487127031619533195739662976
-2008643597940017553913888470800194983044842480494193886063167675433052340704621667152384025341930001006725938085071446590701073900282348433435281031678749438353117318146303908613060641846179427360
52683497693426173150644911880424004478422589224094126052776692523745667181846223951455116878112775334365632727628904454924859199370794017203917439021208380052933251392138518839366846403078606080
-1031300126672841157243502291300676508648494140971736297014740238832388513626754489351620762804176756155306333015758091296966852897111280253285489587856130478983566451290281133883288009893289040
13393367864541877807961194805383677074225581370167394647084528818845233678922252247002123415938031416015540819006294793814883564189922471633874876561217433771531743484043407651944126394441600
-86548194005000063670592112113873709293382789082975567906758505686814673409060547818817051418288423614418843377761800904880777246222079655407245560296732844663071932399489658187901170561376
