-353
43986624
-1370238320880
18970188309072000
-147722041999512981000
736152115218693008996160
-2547352151364951228046628880
6475473142326904591132410067200
-12601371914236005192227906434678500
19373131379456558698490823857995608000
-24121292149247566669903939877351751564720
24816623281615959335561997251667478089164160
-21450007060738405407643916582838837919220952600
15794312891350811650456857867269023613419262376000
-10025601274243002703409638050206842014369034132578000
5542330617313073992270686307719679276067901962429253120
-2692208747088799570940768181343223738347155518492050442310
1158115541308233780828222492403424135471689875636441906532800
-444248117442882208179739606383825829250305482078627106029102000
152900111069371824382039575107971167957595444701676622354304336000
-47478924739539012336671883961464977002112431477376378965014468175560
13368170356143038738820577069676152526980263926718526583510014703906880
-3428355672430278271603520927218083538040134834512266760698720196533970000
804140589480432756031313566444649915690018771769909375552924767459234400000
-173159669678865479216722075671578581584687670692599252739506801531720868637500
34350445576743132120329711728103998174713465861041961202648018049774208283442880
-6297564750980039338859204384022356221578053202006676594271859202607495495846045040
1070154075927856341972398133186130985910959164148953493139091794264768919102068668800
-169020189351743382072362498522669221084725151148908375367280665082697718632415373615000
24874305345643965412999003230860551908697101673481678718736734073668645944942670584520000
-3419083822226965908085215211873920017858899723249716658462447372799416134669903150378205200
439919746566826098442165130611640439509071002060750224126498119408847248927850348322543513600
-53093244022911331421850564127577718473367714638357242625657490319474987557371470017032754031500
6022109735270897756865915225930578315730376595160593764114979985547796568490839280536166921920000
-643120686114531263649107121441875159871853098444948773322912304633072776617560191782034096030960000
64776165498412510558433822915905571204594875672270660773611601465181266506270242206395506044639974400
-6163382172921097156243942905269339276197691283776783944426209422435106108555325908331210676607013243200
554839458722276123838936102005400564206430587153141602126432468386342203665711004340933823071620388672000
-47324655078621287252508701525966177624989628301050336167522198731858613237179567762916284154166291669520000
3829781159971950693844044085094099192310797743799923588552250096980284672017066822354924118322169959906560000
-294435969191868551811913761789587529716849324791928000440139832612154898262592107969410538044182377873841274400
21531484128981568909657902979934810144576355620477171468236471947261735475088591700454312088456425548646972147200
-1499453042984546957316850958939961310776917463830792590144846596576739169182119074513781161284824034310395291056000
99552653086415892093140413044602298816102968015071983973056445752169010496915596315474188945010815820413264429440000
-6308069531027839220424490645361827377411053406669899529920843682725118297876098629549672097340553620422291522392920000
381860935995810687899513956183226788756818059655912574802872445433667111815725271310971360187849098768319103200500595200
-22105525346377522964496768920015122417386065492169990087584241237479293727619865623201708328681568835268294852712154729600
1224860254593304124424809649529131273828906480869898952793259903787897488574319398949700814590594850808890579435023874560000
-65020196804702283393132093830581771026755385044615013637751585300685244071216204031485745715495964942787049617100952681450000
3309449484010435922077420625925754716217293667443694954869781647824299170118779617775847568679438102344073202668335370801600000
-161645426817212128003580702084467193057031004975152858897677666893670938945613624138796388305551002895652973881851105517285029760
7582481828187011654540897462484303456556031855058996543017245975533642414024001174135436272350506251938803551471314756613960750080
-341842621030006529492162760785558066890333973110564709162913228789729540858578351750362558720742775385576866472674047856887901345600
14822510231916979456085946694083649892218824465954710422229559012669653996644657615946657049550185134198384598209932014584886573120000
-618585643913811035990900929713004666095262484820105135600953952307547394997832071075924738110737544422497948185857769770534499911760000
24862848571774149090881883847347424569430212877476913324597152177639947925096335381717432515192037554071071250323745811497741037114521600
-963062756555842223379048174932663808903825334459742695241961054360477485428962738464082168341174227616605624359239915484714635523409528800
35973313676705759381126896432695623222089332899364226991247889675958001733351467510003389335144630428916977092101371543005530368458288832000
-1296547091775323958431846182515511545054168004572953537917315809679407824066646456079179827568255266454827255508867655389924354793021768560000
45115816182867406043358995804578822875415473156539131324575877447528673057611247323171184761185758091106094744406239977612972492780563281280000
-1516505500131278316083563534254521882591986386444345484015445098346665888341244285369339415768424278012960394146070748180824496771911995029003200
49268292636353123642759964667820650723671069681398558686283022587726886834129626221372938267512301564211436744834775760839428047772882895744729600
-1547836982369715134421932136604932592259140668593677663826474823831123175994709758226873800696181867430279437692500440883916110351012539777474576000
47047380587826261984545702433867238077637372199330126823891640903750743248173793205464866544718412821060446299627929752641884493007345124402754560000
-1384233636909352126597547909524570913684158358363738177228430986385183916276164145647018423316320821363392960182387865791047711402781782953405556711250
39441321217916081990134723678155253224367744334499469047921286595264847473843726511140986005328275919292472927478480671098103595150883351257461429379200
-1088828558406350460872284418381359886590884839177356439719852726570336020034924160731000227295395124913378729786058249802929350695059498539661044368029600
29135684213805038396074583278228770233302982152368914132133818114419416958475181596571117688287561239606828474471222313728641925927945414253527433612768000
-756021857784039258640356590535959990580202922480965432989635849147624079533443915195628364149909825980585059366226126581472989074927450373963989862030270000
19031234533018596317901587200704417759096021813379278557643746534056805436657043971511377480915436425986380633254246758776806300073914108888644456413485360000
-464940827492474111555036959634515335821148096991391848338158215070491045309546546282786834053654281452735436576782168417635245995009833481826681476082024277600
11027979540095247881454604084423671825721689280116393676273934032840403353614731490962161510439860171541493886255245053235431678859618284022029885088707692684800
-254054100419728969568425172218807293168752458001138178007140156611104392458610977682900489657461477813723554661657530957299658226815183944701180367808432908735000
5686540269856496808054373154861950446456894950342608720715270760099930931218449506101777145119535573957767986496999491947213967591389592967528015438579447805200000
-123713404304020093906855667833851121719822729386261140380747324956717507602053970966110850370621919563972018541882220685563813294569944554236763159832776726694100000
2616873901815026996162367072274300776304246690363536982588949282248902386581829276698974830310769507093270516299966959297977735296197383616232360499474329964261474560
-53838465438778584320457508015853875372327310761075171442519496201087918508427721336213517314806037540930508182734413724767414857765412688238874670227498797202749966480
1077677361827330475147899654464755933409985704355608255489663317447312222732366666922216264955503547876139772495685650338235249674413759122986953257311444974198408841600
-20994692523107222972864037893727021204375173505711451098276190779165463707980565285495674359607340238661976748036019346867082999286635568713351189155627714590214728460000
398189355003229573602302585708168570088043668887045832975605856457019325137997684940482612177215454153171104584446008340003666152789693798663988713022486992567623294080000
-7354619603996369479055404117808890390865242821167000135970842607176218344568370052988985797321322128123781734659809093728670839414862017850979912777761744516316590932797300
132327104863978574038032669608154838113223622093144647470063409250409727654261080325444870507877981188958418871074705669331220126694959835889723631091177932733141430640886400
-2319955496265632688946085850201863933815789216307310643517017400280272270155051673730676466362462196975068888848400011574823153574573964939598463749432407882249609986778836000
39643658153634820749416929349072931091420337718637916817364390820292299556198676590444946090896944379141400725102866796717692210596435934488246647203249100870724936513805280000
-660463569576847234064088477291889210401039535124580929086116246329056220199804851082281001675624787783618066813777962096733967181440310856986516173282814846181452446429613390000
10730499052070399408080133123658286930618079555856582391674002693299645031409535313417643335735853299542176215206714505572736332681825529361454008925208295903690465601618510473600
-170058678392418567579677750652157759058752969034696807987464153284171348440590300526179316970200996863066130437131507212235957782941429931455395990826181718193519543613103091960800
2629629768668076251753928383713640391100072333970262175565174329552043152528298160071875711215791342694313635402546122885466574040885844784983425388597741881010639104832551972928000
-39683843351678038631356255237951263469254900995536504280400839104222562373478766073966910510231592880161539643765308968363901236478321829906648761368604739788779485922812007530505000
584601478730034966773854148618363468211136963434814242074411452265310233333731884312466968011350095947517957070027316361626929362729758576965917266327452326281164076929817893538640000
-8408806627821931351093206543379865347877945243558860806154025171849262959935773840661878268646220781327082674107631185429233569521269313832558278368215449763295326597409401599789309600
118123373674830289845425737323788549231728730140407578777718323896978753967323837620639412538953939264607761540102948984254544460242750481767158484001662461063231343125641935672055404800
-1620916733868521268206164019550026116554718024829588638603272061556545059018765018956659330025614990062366311918154183574698022960171816482141614145129145385183010910601096717702135514000
21732166083870242370353425795701356049911562279944398026643014019897903230872469834456493919501712827798820387331386186532776360557466046857340915281440131676011324452919779787806640560000
-284744009057029150061444903196665130598281043440018423804724045057224983108623636277108609160533250250424720767600336461459836757675364038344831347315320095577960509946568771545239723580000
3646742553224117150216293372973223540728167991686547312691991581594935451260626523595935898195132985811090407224633494688240861141179975291750580215855286196928862889935091954602214760140800
-45660651415385259365767007507324130212157713657192464632537650236000909996453719231478497298223847724793745156344632470980922058340297405473196039805576067721594213916914069652497110223190900
559050594436431276324408466876792411567708429515205858823290180379137510000156069238635656154255208619007274100425301377086005008056356797801273651355336699067664304732543397169483164811520000
-6694462058846499264232465195040140700993784666430263410451112785766629460388166258099676555187434430157114906072408557358577260094910590746682161211382808941719776485398391648425282316654400000
78418304259978460108968560770550808448086361594074653772785568483654238862181878559321259662071112341340480373060002209287168460052698204514344002076975566674927466456036990957291073585395200000
-898744343293187133462877778135205760542672981593530199424518121834312866175580291980525024861030811432869111507603379320419309003817968852118445173404009272104676200305994349662417265254855847680
10079751281980879675053516404361594025307923779840466920474489685601418134831466527292217139917734837213183933865492345974956602735889244234209104538653650897260248478051975449091053277450989885440
-110645712721897958793683856301433664519443621229976982377238475061909838339910383962841951025019695029212963395531387290664159824630164469220285542467987331864821864420984799708135691998393915788800
1188953836393285635072104780692189438704550176285924779998603653224405841337523213475726497959491491500638875208839490162665116411333655338968098015020318204598896459986074763571257318108861004800000
-12508748511899144995539942613656278919980295692502240984687602210740090042836610487337587405908322419779234423690779595421611648649675540124555915072411896214489850672262888828685658653805623180400000
128870176052204307045207151186352361437373415504505627211315792245324479585084223636621544481876725054712431998230703815543613378705192430794336422456674178650940154082386209951694499096041533181184000
-1300320262510373700839824701980271117233831989675357464740878009454358510501936070341286433120666602850472815319990172986794773903875381048099528588748711432555450168100958684661219334818041717813312000
12852147864937888722773566536473707714750670622033666757802232120696585644894670776471305159571546229239191526038089612646143472352392184418110110498978442283865380471858195891017868803215093090030080000
-124450089215141447341706144758403885274563999777571372767487406281899508372996278364930689407390971267268560263063445756200160706862220101946454597934423882351781155469309322266033366939225710652730400000
1180793675367769133569215578345707699623857467126173361613780013075159311494918312223037350014002980306089576747295355037869852383062397748692865408294902399608752301468251938423146990011365702420755200000
-10979331869582837805680898801991506411320709071809804854694609544716785039419980528091050348159129033988250594236483727269066051385617132917990544977012493725419926668255500606615689644561053207740227008000
100060645805674676692175697157537721931205241478401052473334008323769041352681663301541097434793627219257583209611742940312384447527650078816274840871583385718687827751406026468278756497725147519741466624000
-893917113537383023238892658000595089941048739339685422945167063361222705611309837204018102999852346486455760713101081999849120146060754630304993625819036361652164494336839632985304436138199031951516857240000
7829563002429392851361716255837305572794023886580814292598283684416880522794963755415254494439931586737035968216244420930623039951087383338813570922672176888337228995742199432459585569558789234353328006400000
-67242306508937505718608436169803723214547506005920623702660221365714164803840742507938042465983693766580547516198806444546755106037297331224607501646061071024775557086932448850039375513632282457208217819200000
566330213095765227747560079723056174406741732246764669224733920347728282231455369641147139662089054555524212063840291646079075291558285515396724534090349061249421599287023355970721043645400238125798119740928000
-4678158604060165900700397260809814428792550814835362163966769429875969214838953530151785672923616578553075411974735429350224989289727861912373076853280660612742045111886928291187095434327970620421881569824864000
37906446954660939565029444383740566618574748804261697072627223695072138601061927501237202632821064423486531134212700257398418862737717469743620548218707785460248932998063999273757953508339433210402155287089920000
-301326851563964815839937090750813316301130858330918266337528314757904313491707802748810670311246733389371351521856702670938235551718202968871921888795437462917814790928663728785973792306129715950399494251044800000
2350183468790112702484949636271861391061881296584511028913729772500601342880597655391613651192470814871074573327168215281391585355283672163404140157734515705412527930830382848453727378901731153681923828899046400000
-17986900688325661863066931559992053614412421931616831665663419756772137041494985208545440894741042780286545670264852905412978141001420710101153255739150225095681200745061504398974780604262561716397996059662153104000
135098934150249052916996402553733088714548542789156460939121299352005898926242779414884573752672836040062212572070578806260117492633305966013497795719067820047938684757388396676897662283282930594143489562798145792000
-995950722227632177594559948280594138618908818700631058623023687946711049427706864505388998589896999092705339590865644955448225737650463391617243055312732904780977706597987222881792259744236734711260037105484180800000
7207131011268502267370772895615007356467587908741165199157157337326057617248023499639763868439548116905901287488133439733126561818889069476783380903935355834187417497412098695293715156110717014752379460791090496000000
-51200347408551789033019747379468919001627473337377972047316191950321101177474853728937976498520887061263157865256977108634795377677075294365080583134727544474232191434366270602433557989557879271100849742494354068000000
357121194366310923262375945497858602782295587468851257958701303264882873006458845362852891565747222751021055794378649165277090524208535928389372305430729389246702153682110312661479608571774458526825920533504299759802368
-2445884279858408013296039536521709464369321372653729140313899521787636018557022526633855093135449280132701717037677857123209491305666839071652911242529572857203430667442485552193289385162178898903839935586389709358943744
16450463555027596334698640270436793520663648242636030574818762485183381194932469693672304575815830982007283914951162126649250766745535290625141534601624903189870925587709147045813629642407661166413823312816142083902177280
-108664026992362159016281759232667357102894490421098901914047886350034877308445222936870432294779559816146136578099946359656687269960666310296993565811819772199937800398548732851146244387791084578560548585786558656635323250
705019990764458721511321974690981864772868958703515788826147598908753418258410782407789606033457094779740765222300042579136663131008546372822895337634190082620208186613214926294847528036838400323179214573054694131338416000
-4493313502085744641139821217277571933303014359348933851992635013660527924686104553985834951257847942108348998895190253618711884566733699483454510882913667432481657016090104526407794816409457234343746155174505801786528369760
28133415836612615243936338800421918832791928610414558856063437267513338642950443570693432424844312434220493166673876951857313360114585545253669383214690737036611449394840018131429679939022397349558116478130079796652811623680
-173064748418693937380699981308724940891460219703126979510282341799725505190808269864828716394452343219807366854335370815244842315420216463958594630387203090522796040139229071591901414386140705917836703093914864727056451669200
1046078517775270268796678274720383892821240697080577570763716885365292046752287874608371663570289136585550549158546997996832977577292641999347217925320806966968022647503328188965238239932509710935332709299642565244890938576000
-6213377821134211404431506350732518563213621300163446182594269156541796205294706988784064548605594079096609641312458953962810623610547568899330520906061485043887308945431747679756602472907215315236469115890776259248348923588000
36269080171387761100084574574284129208719774397618000476768654592567486831499155461991984797742525130897872158100665753546208251423017424953985082911958574754946912200318850214717497803992383763847271902602158659197605041809920
-208078552347884380061271326870729444351474990303548815127127608389982359977880075883345344011832426968802222551499564506166133011637686419449730704100165454312915316517757036809813897300770102634792688332656945382971208034254760
1173372794528215823202352668549097149030854759109574649318300712451155254944793395039334605477774205891524707488449779281401434170799335640394240381584608220175766268860323127281725339139725486859526779963152597332498942849673600
-6504258509471282470928185226600789778273586570331981088809410560276528276005414552999756229114746589211237436778943549140996765293028348397301931625812810689080800576152069467102254538242234878193968941756469435906597925957036000
35444354326650400538227150051153871651305283516231749126782527771357337049017032630621517201544093933278441449385715459963628560849457520110508036696784804711554232755131674864254550790458486923828300912978373477963556877395808000
-189896745075879179087688510189878413685301863099794884900729921364411357458174978546374229582497130604063053987680846670169422017665341057616547878851667120303857062621613369684719700201798737417565614825048266354463017558084510320
1000327263130962963004649780954961345427005357814763779783896343476287543075285405824892123923130601775681078317078603192671557218754380477947076417503012633931006612053534780963800853213318151615452528011551473204074387748255852160
-5181470987785827547660218526673325616104124905622049344352760047330929003992173388781038379446110677567001102203296702561921285147431128199721404305995941011253917159092017466661584016755852724929376080547832454810531116264956480800
26392587319075348298904022775602405798494090183852152169190839969191137222153884306099709404034763957913777436818200622957099176534619116498752089222579941108719644544526604691059249410009761838165377893777799818722916576368422272000
-132208585194556021115550615247403004316501573575775202655785113817505352848996451800129972749098333169385503650396265109395387864784938825620894857437164651947629033457446566795640307386474922425528177949478269703424262805609429333500
651352869859352717775657309383447933370772841725236556094974802838167632319165206338390634827234327848638668733538488708281182239518815853180250792521819895711924176059745311531966972666854619002421440414685236097954760449762051276160
-3156323512215336849183757293026106557593696713282269637301474587613194278717561064848535552787085542619132764566212756340049172315003614464371722889470648455984790013029614958907462211844502447017128816135958064001972277685178812275680
15044718485731856886756768068012817596008642763111378251749358254623490707941542398047071217412643384227436473243551941460736949810050085141852351224743245451729990806703241277591216984589002362106727199870594687037953843378842966560000
-70542723341722532941670647572372919612767880523436545989130653740919723025891897004721715183727425985074820260430925956342448339583692202086100517372957223526293311988790010747580621822599227885325576016376434775941976327804239722450000
325397018691911227128985526624546910125865191146528976246785819931539434963989792732739129252518275765935867448773040193555130379716533085502156739927471886261008310172875429964336575812294118700978405868432860345690100075572117539600000
-1476709519182771710707270361693593797601865280123596766025913479439536007321690388717655988837572827563730910636745171605498702575221132303446209891433521192632235446375206101254597485316335118508364624214213819423914241271848593326711840
6593607417611491703157132625029665249166733934424943623330827574000275506925426739816987014235148214052380007460451402605702026743481120895980515618923026427766441222953685485572038980092340061624471982018362375681323673321536844410590720
-28968322408442454351149789954277881367584371884253977773813870018130971491103940496239753587254965350908363601855657878354041907228057962973792513759469433758242408948057212829509600790957106040304364115944160013137671375541144277696373400
125233637820256157047988326856034926498335615989000066244178036047454155021560885907961171473800781473447238092519653863446923875922912805030022743067124041878513895747079753015779042250624081818052956065340210744992624341268905160531120000
-532771016216862221835161336713017871445293274750302904519052731950404455329327983720354464222726524085027500120955702363162021024350246316322064623725389861580743063063337726472465631210668556538573827639583820319385260906714608212239260000
2230519870766154827099599079789477193816998074817251502524220603142538261596051026619277145863838697130838962421070067283924608645712598355085891700844728983860039968997409443475816151912336569859559204133190384308222563289947227988340217600
-9190537434308622739059750925695687321483064100762255913568835163499003086169494764636537526594538859196277748144639992470454153629665490419934566835914016658390770373573193504505691691350498227709055723045997674463280781096847402698670226800
37270725868533811878632508520935571611645384701699667374755193433541334272932074188529688472489354714806277078361727195721797930821589615090943214772119157173627384743493708576834311390620138863312800116665095035877704851249173044495073872000
-148767884921088434731867341434410552525332653364879961366667250828602237366860941055761929492116718096333579533462358052303258885463759701800073571381501899397776828744008596023820499860532916881701809310410727241228725360628258613151403460000
584502846938090741863332909694914416409012372668280400404585447185768088017703554178502469546021493416898927570102017349755867986841672546987765820109244913705248085340171900868400878531189967486479067884358874863208212990802724240619540480000
-2260587592675524463326044064686866463056246328340381803267875021109988774474406687330443398721954767254443199991727759210233544277703404578309051018874852721134488581306448427073418069628694823862062735631347181302007107812749489232011722007200
8606645898922192748610031891355174472670608296410462536202308941912062504352850860663816910345753330149550191766661359551696617324871478377538043553517281946812252965239411379615812756279334700717535868754538429394409068161900451114107203481600
-32258524761754362510174736587149509869084148189163814486112639806095870608164463302438513579719555948794410326670006273140627867823539969920992594655606136210112302351995682836301989855640022779914662998401164937028694101118173215738422308736000
119034429886047562968027820956909855379013507789740689232507177785751784200551167984157170813945021085468176763398224058816935381889414680682529036848794670256291547389425900307540633273625196030819133590396710844453805926968485907297787765760000
-432451340253396992872356576039653952210349006791304728099939539819272906364829576042383612126078593297306363625889748195240154929006557729533460729387502737014909873961294355917263455497685112275410098175135105842657448637041629367184292681280000
1546881223847082194816586696089831422664926636450483733380514679366761164864373312518328216098660706323778986789481992222048383750463714157314473449795135593809365772850199800060487946746981339718219908197882723503447308652696493454320483323187200
-5448158782770752948669407338351226922045983627791725859187802699106629094701045982720326185114795962071480694036855704424679263613505401731377616189685269806429829305865526244566357116259064449255058671444662213825666702230735693831549058933273600
18894399851898139954652553973442241310204293322816010796394430673656035212430892733648031432618705061190921608062127854421276430732483863009030192472528928813435156888497748157856433012462860394132069084661613156485298269559925286219922728675328000
-64524402272009715827989881474285375165959495887174787436595705799331666452315461881117683873049670044036528457804286892304235004823924926875190444354616666797156590019056670074935951527289994298767696950294415535991903121865554092697961033282720000
216989593831518125620488503058091863518086819823233219554992624579468782585063390033878061014623952536312471037960370695425130903796377626011284331759119835178505520050080706115242753135154559448480086715516894485520475860402042627900065170152960000
-718610970104524854152641319695048933060642610327398900013452910237936945066914601963752087946319857207540840504226613110326776943648702636952041941464830460384068678839902224968296493419117914541680990292574617796355682495613117573483990912462617600
2343712287436418942266991463242619152837706113392270383929515992735254286007370191172638046690080097882040794678946808902077359309253769470293161515461781448852907279628049498675712184412107563831983608023742558394133194085073417350570132531026124800
-7528098300217878244622798262392843597836770667424976109819573323744846488907867510011490345684317918511388808625166323550564530434080565302684142543494989932978891098115718077733218980657129571833904892930507592327018211463429606670427489310463680000
23815040497999556022616410153475038652918087700618020584640890183172243161141264186838447857575970480960215590251286294689680568729284236789005132681282556946588305963099207711576770793832638172382442288838934105433595651754402591451638032941785600000
-74202147420326070758405133406254486102712444413476011884361510557840772034612857528637577676995442706448012196960450192791704224135935061072044562730328558740999955952471844400058512329720381051504588731438868112295791340234775388406902185278684800000
227716395858022054992912589650723971326606575534894024520484317004672885515136483329680786951664969381969305414502235132059935666977688841789225671302765690276380077068966982011268546050496009559007584239528182225828821332918371595233772897346348154880
-688331911588784190184380956442608393828259087263001426844218364349771961823307539501807887546656962749933237793003866933114926275378420045301219243320372542537716159484716729941280596989478721043341849661019572777344719391307653911948729910163695015040
2049462182418902271390694105045373646662836594206414922149723547720856988696674879017161088778836269440894137104005895736249491620137860187867398608858385226720232479706801256628767406785361010530911543182990384266038348648893292377879202209456716492800
-6010802717500204947891056991268190446791569578229740772653801940157828420484740346315796432734924893883193021411114375119649791970752135398231852535291170533801843301879639779454242244524986488561575405576296599479914579857291036302689839203186636160000
17365500014155581024823799618230200470603352352222797161231457757140222253594814281007479297943463923628457651321245762494171278772466017588200309774564872318996567858943057180004378642713677765149898946455685640918096589626719411019237634136281031680000
-49421462679175060824628942561647794913390880155744194550617021244695764005608772532019094400742866201662236159588912052895834550750935772092295134691446059001924522398311122207130362662530417069342809628201614730352369396076857104033113673026924001548800
138556897047003174097876106236141346943167960701590085195356435007564376312907253732208717149031799239653034607793485981330747285411676957209276991884861195543749077660635510286026359080250717224291028318154571281505583599122956298380190612013580650598400
-382679559423532344594378564757076172113745951116561071854159626152246919665086345480350032857721716985860942853942370033874031379238234103076038691057436495420839402541457543126347103624463738234037698517279644779873756658790111609627814821279508085376000
1041230298147817708484570301312812589298113740802682817263908302278143250616102833771372540057798168107487506729111910104410455351792764533795832826574505463368475808760417191605385293148829043204799041144689934973934626496728925016252694512078257838080000
-2791079077499081418303999543804397475087775174830631903212177166725198913727645926076718222113225341158400688155337109454913813047650305994080021754197663466359856009937208807589896370189499118559934055440809477454202775237997404655008884246651646195040000
7370895291181211830883526508903335613976142334606043358361706969679777315364778652520616502190847603659923675624017218436024253571916004586382138385139565076507501113284577965382182425805922230297182751408681484593737432786301166467153338020434255359897600
-19177835525641531406327866563935598006151997339718284796398783947906861934556880010675750179549796662858154405536612957656429966954817762771245676449923912337601737128861276344026661657245591331822763065167928271266507328517554829957448069581262244991052800
49160718822914778096692211924595699198474793146282337188629557410574254448616738372757992681942399635637420598595956004584700226996192749429908274099092896621082093174844142282551687235994589693288126087724930373654657465993125767319215446746099334867968000
-124160580741497500758296466088983564083065086300444002635327564572626494549450349446702190378949420084743502425692281936092498465448595115942189963995459693777752745791434539408442065445933031036989717497192335610125707296906868821292150488167455781094080000
308960715012184145108016468679980152969275479159986184772234723544459109417752657025796150678985920116813091560004914664633968914554316023231975071236203389057330031855464106238279956142271920237841662016473008250408831505485785834299618504303597588810240000
-757501493767684390564139324830924192774448847229119590803482635628712778821492241570531620510979634449280053210096260167647865780007976645435980099170225090362194564805963229336396693578846132640751458820388074438654716557314166714903737789401859251745305600
1829913972828554315167798865675274451380900414150046635188983791910506832926193587487399211984090710911053768517841156110152438679327402368602342429749008984497121312661931621253747644300226199319211221263758126809291490385761982518325610698840685620948172800
-4355626127003078840722615871003606682302981413834522623824256261425440051408117847604216684449436833465994274050509229678963914168771238086833022365948534975713430706909754505938316163441931094272574560812403885549079910587529436742363300530864148215334674000
10215240636124163535276859042950819613036281680382933673851298746224769601627243017710659871499981255109915965020604212321251242765815333546289372436555720032170670529561495708308177401763459432351260802506687520243969529086057923536547502869239227579039360000
-23606390791944597596812473736384356313226818115313659539161149055569318911742114118911393904877454291122189425702439423908390486158764401225460346182499751258315966839397172022496734859272328547398400621118453972212210698618389727488153522346857884478472480000
53752419206567548673830669980042159290583322016997183367224955419524363146726606413460200653778027675017058494017620383423644493190544560570815479654584048992768696195196968899299337042872723075554059681233930801578489181569353219325030495171080685593269196800
-120602932857967428228953741607397278106342364499454347823074255062345466282429362416580983833587295381943599614089461518857616352602368994931286407691263091806375266325297072582707927887763656290379817422547797729603673418029135309071281587627055329376839126400
266632266721987305574589168231974193138812514469663816208090161672530624520921417592379304102702722146171270759073302541111172229464383513234156349813454953154860930472583391161749599648795941913334235225195213615398365824084614638829033477245003665658295680000
-580852176803166152244612486298636770865735200445914657260788191450935567472943925861574188013756912174618849586232410048046109179099216252111088742368587906187911890802239172588746672737613953145299213330471309530228992786602043496306336193350411643341157600000
1246864519726359139163405424996199960045312439572392444241940420162650708813919276019310082439166879375268280236015371161442985002824832078974253978719449527265018914000069381667740136766220219918072662983174795599750163349497904435090250931146480972125580800000
-2637399003738188010136914240087587060486846004994513807871658425238542845550922400617945169127386762426551848062225613464963237952600155434248316372136847626309149632365796757838145630791328164676205248558585907022481539270941704908713776025834315214264331647680
5497143518892733743165002706103698700266734199365808240718215209338561321208684772932252340335115083547810153749261019743511901723040367535634816590304687134383823970749709496894496851010523553650996053825930102189280598473489742505209515892761466685546665661440
-11290268419782510326094085182458103851971710116112429164135624586281201145081213297607769027099899999429571363958357508077762349865194539783449558973396831322836887752884016380434352235048939476858193419539311641358020305731565725680057922737792243789389234284800
22849581067481893790100383513722872703886059445358455490036426278139536885140944672777498528479983982926696880635953703649333397528627839014285549719267532148913985745602343326172073488875768700283271401625338903862236246888121078446864295574555876920941108480000
-45567937368644867630762233971414897498885422230599632268468692957075033273464591052187210096456634724505847611846878741997528033955531772474831810550056956354162303416589179153907124544941048436721682608494130902735452057813961761426869677110224814814005801040000
89546282918552474679806503992750217609707405341864129238767841503083510954331940213059573078067215278729111699625523712769157766952614774492837840391812104308200824874612748869631552014739120621016619548837104258691364015288714291628235702902339229187385010662400
-173397273688995487366003861169673476096768937203247268638355873311171678425165390779709310456782384793548102924246586861376661353185908517871617585505617307175930492563426180904520537367026999688726521778362507499515634254602684501036078150970730546705980499603200
330858622063811782002951660230868944565143371041039386773833139674704110435284892299681047934526541593047513246199466540319630148579427301014806735068245957541694720343198780619234967796871047038443847478328983480603940737387464930446679026893671485884873991168000
-622080589214607281042670645374446058978633217393984581109408671108515298247000960709078098285735519736650563170582831123388968066664975818256505497968899487246420974165992622260347366296146341562088913949812110790258125907978534919729685314410727325705091411140000
1152531716855377350340451225678514014354589616017499237197459420239232756954586519270718901537693828924421528267872240954960335333418721252257559967483049786036912080705694717023085361132174884502111481608259758293857961435884866966962385776988423823050333960320000
-2104062947671418936475269562996632307974459306030676782030164636372797959856163403173839184668893253353203011775921230091675774089755279575918455678505506921180175843662920090086430370507715822593661978975042741053973029869425277883065186315636304162584111945836800
3784959757263057877954928882129203932549998807335523508439429154732028548526771964542270672755830346904861139846588789011525558619535069532943044369626671420306774847089596913250871173451224024614927799738398127749389996095831891806089814731175856961277517520230400
-6708989388179990785138826303729597527736642376877547176482447570570644676005368648879939327721013362988958764370739050298219642831640737681156720134084833986711000760799945222813515753671052018533023833351715175488500223366287995299309031028816408081616532423664000
11717699731521137115969066902676570083049032201366061369315372732306594461563301191060997428389717623999759582286084382411578930502748838498861744879210082768123161195657556028471929915160002687926928267204256441748964220052120627466270969576658338874281867117440000
-20165670996165066370881082841310344090211882585515402976239245155718395259393581464998916724685099465025178005911284139029691899941329902362887385342937904035376249089731831672459564424917138873342322419494476874477271313541963992761359374732404001696628019764320000
34195045005157437802382753865511519981983087173240440170676841369082329778524748286694972169772132752115382429753382281313215140832908665588157161984225952837402529121677444971640248737321904022673111963864901575533292258316350581040700772937258091270708289912524800
-57133194943566481245909268091525624081694264283599366268535061197789670208019112294082929645710027958368707273374601529818438354624222591062105950963570938390218607523622296550803161647386282241928950122581461602313673084116393965274900277622986968210423596612462400
94055199134092327851151786244241040982245096885995091701604152648233244165848533310057735482499975946245241730170509261006293216047691292215473960345219035103946706348217214819135277684923965244416577406666416857681325521474290390284573244735160011375736099925632000
-152559654600864975431487994332070546336932145725463589845512922037056216364877413311291148465375613286261982551346555558973784036676969178950210635325545183927862382351071542890603545163335659053653982606533135751922501847968303904029255293544520862656733803189280000
243810437769168671146821204511260049532603054681206255801148317347350657240990053908047037125458393427272334575918158305377756903384340060219256161807143038254056334989781939898646411244122340967545932295522440923111609883928078180939395753624829237941521914615040000
-383895653965920976434464817656996221380788144508265445213837027205046409869392789633850344055662369931797465820168324923440774294421842389447299438742986855419491306471824211936693065175688419066027023849369208684078774331493283266347322541074268830460443049398710400
595544847764990490417610825008400518039752587643624337195430148385003508998262789152097067390295580454790655192615090657424307175114230956852705388396605885658033564193140535411219265826489222902781178579861309219206825690476916658639338553512729074882308899630259200
-910222702254238874496926698193283195790608791174742374791936042673086383314953019091017604114398478162428092329837912989418187200013786357132741526275755586746030724430815494477925720282044897231393399004302676668629862534193120430809353472594479294811904834523360000
1370578051937449112637090453472079585368714156390933037551934904690637422482327858383144607695432404528597308485154797495377623872127577920772581099308825400380920200393723264624405838338183392078801860432387227351183496683230727701321248929756773906483448973619200000
-2033167971537391378366481061130566401820581568930291748726545973390429991781471410296408693092197866834284986098444017896473267651348692749060617206729388572754963195071468505974736921337412396815239534390223981453895113373383943618312430675792927937286403010471100000
2971296774443898542954384885465359499699632726829406513338958563858124889125143324827051866661395890960350427881625327803509693509479144382153100314521818946502779200477383228563653064458807284266245564687927526792789650722300003647550160417142992207648340549663088640
-4277710974140167428127981513488219126231754509005144278043575066101094397995911271526893353262049182590403477434011183909771287744391297749488290497057970721927889085846648542289355094150862949995102104867205239792744173125594920671456377671583045775021642760560261120
6066780220655619857703291137140620888140981185703117542343621374966872607765359229233739569104592642273412760404384663395875831247649208009715000670010993816268317537574435278590814304188807552749753766300439731492048053950561369377826701085588483868085576140459622400
-8475683162609925980411309611319590489405177720292569088810124314346128099779917167264934137546572804037907850961227227206938331878280311859525083172890666857234659917788999732757346276579565799446961897460169196283664010429353636716387045366667890907196732979395200000
11664024379383176105610560287365080880215725591008449991442746162692003827251903322346556450839249177586387250208231088901247602734343996992395381522495254586161799678629250638119642380736334254009045331246648434572175669889315483201087322705930252111717431506969600000
-15811257546714332237376704492375474193561237550200849535659128252939147494298804070740060804030845354925184183840870380983356603865351109268954261126590022894500500815781189678807588572404948828369274700536217629390097261098164914647765043930426322281269287257718016000
21111307465907736797447863452198567968045033881987034120736897167695665011409103885461064300998663253082017254742121266548643978040114237611634961802576525012413029780603403276469389078291407472192314309398332745990248489697008186481212193361350323455255227198476288000
-27763895269290263622312481689652861801762554312879983097435368348976992565260727900794467831194084021429299037175257391733162975356151276555803745005859455317398489763302837041559261777401480341838825958508490328197825121566638014270076640663703601474811259981497920000
35962296511935960100959931338141966915948770824323903763407966665439815012049114663815266037126636858054270815343146858234191464699010071421542473591556980197083420216903157191372972207756121822802155895343753612681594108356499201743848466014692428589746132769049600000
-45877607901385466815186538165008963674844208641820031587138152813955865987958704189705014582719829141019522595955965327785685155665496941321663496380141532210294180590461981139765070999130476617871995685540346648890484937742467286496695282645268285014967065021484800000
57640053356808134531550978072267667462478779038552124429913872247053215132793603105450298448301179268818443744641171540119184768505112535566542327439379630074767794044157792655526657966567116154901413284663312121079536567140305119172235500064450786554612491434145792000
-71318389058060165451249148087729491666220197139538612303193311515390301178652067846988947446275839682420378730509498964813153187876917914455205605623922156839673818424393959445387614558496834163723087720590398380493286833010267284500076576701046700909185769574139776000
86899010969282659892173471044957296901068388118535537859505247380464530482418193726929864573396686212409883037192581480030127012734715983288188709945009389772067797770398664466918199369465778813317098819583878387739866311510311612298336109053385963969888623077749760000
-104266846983392697895126932412444789984484022994072943835556707474988909932871134394654124809881113241057088140364271596113402697911781862230452398690286052818631944697852292043183663232570822276800660639662070027235718061256237707963004266150225567424854887851833600000
123190437303534713950146643347474203646169670415853973732498574501007537570238740883850380335940487218579169909786312590439616275567135279813182043080653789895552120652100899588774339809172452404837502586605867929449486887800650731517431976224968454585329505284300800000
-143313680785981903595232229584564217224412907029443731351406197547534966754238329650797398193247154653294645772306788548138337621692329304947942977860964059151233542582927589940003120421403417763815211993504732709800011577511003556740479154424633874536603208673536672000
164156480696437803797861775275940294476777980386956708034406286228584326513420354246797563867707971708035092266662523519404750698093133451551742401665505361946475871988378414688599156271330152321604284077475987977437977483663367445857175275659200812747217476741671936000
-185125926637460466358680775700079857057557573161951980433924649511079363509644957588787396790567123001454437346351450820283566010784116501737156391605735633320043012182782125505575631376613617752891792601203838979063780187633138155891625248973975781672870334188302080000
205538717850461619578233529016532632706624574446604884710123795863543211090659002176512756076979806329918422198966978539480610809107803313415772884107639894332876422610089860084769232214784141643035206742449892182211746669735787862626885321050887436645385681542195200000
-224654343366754383411958990084870129133938809005709481032348255983410833366407774264851763239003408648662682876803584293530331012850579229607373503217153501140877241475852886745770428781118120954334016533718117340316195092712256846021219237045558958694322468002473600000
241717219691769514340324188515472760016431554199495895426791832810205835270905117752956039600629673372182102639158395468777391055959047213077261313315729141485754531669745653270951059931690674280961401479611010250845166911582313971569086600672226235540426860032848896000
-256004722085144151672522939627903291819240326579884500389803836015343423227214649219053001621441563478142433479601742362025734102544504148122164540854402602043202875244712277002694597861753096481751257601836018243231860712275187543455903686576855643375183071255294208000
266877023465638972059408594802974140859605710149005134075161434715793435677536948488448768265726096759656096138318458165595841415558859575153988178766083782555814762831118372983844620039789161209647428797009797903088828554814894978835835277848973412425406797879603200000
-273824053164007988615520606384002392672759793492341457235514150912788513892282926872456417816867932752635567553469470319652796119420555305184905437386734474151025796833664882400258759554027299332316613459861200843431655273666654975927344322461294666868907647960984000000
276504835736394770265649168956784919605428060046910758771649972747985730516734399213411903141537516068724820783336020350846313115025275826954671047626791051074134660540347590479434209418534235844545709512668990216376656398666504326266659785175347760573677360422272000000
-274775021484027884582867267755791273148376502103257285064774530518474331786621708811932798275484057368198878304515470207531418580177677701381242625552837846258614874104007175953394869004411885665102231553957733013583004036236446675201535561559290784983528434855470266368
268699536889700003386950788589050788973590570650901966925455616199459796395457059990881983399565432395358748187879384272401956094150670113596539668815720925577383615558478025684302647412323732195609883677659529459862886504411914203993844587808840918100747921692922527744
-258548834744978563664645186708458498051008626537278985402178845865898067188592902033617466547468596411539372449300355504615796282644820756036100977308273922231765334919072810522790899315476846431921484349385637875486924915786249959609534415754270979789402270015212129280
244779005851453716791037171562320688995158849039339882131763315463035243038146664738352707787601695738713086760105634263614761279324409658263489809634292047793981772814695000979254925065504802352394849967547839448429246666822583504699929472335278185493255285396145152000
-227997780374347575843570536776838879716443683974844248511129842459547660423636733897356148383042170965752457106377144891242511153178153475014382372285224006883311840066858867472353620992643376647071481789011288920181950523116273646040251438109056234125584194080701696000
208919949955019238124772116313897236586306504666776158451167405353474629737515896232834582779779849516699644817014622086886486498284768883587188916112922525584548291865339773309845723232997507945238095669610897947252923336706805827384272844110572958925625661208835522560
-188316775569043753871836291916059134778791567232978332644436830695279034461735176668735310494231186683654756443412853554361654921160524784242950604881876714383789386678485358104439032112775600995621490867476266089448119205769060373551500697634031317178550486520226147830
166964380646538209915891735750797482666596529503296206750415915540213178974385864217794967108391925573359513956702701087729087680103564495530094133474885318389600243514543786743114198860302793294426781710539298735758026021436148548428831335121635057820344236712508035200
-145595929851395805458925782730230152655828909846445951577848263588902018712340416569345424941509063756770220954522088285518221476948671971982517787055310953457189263487796618314765694261857394939832380031071654274338600751371030023639677826559931899092330407126637956000
124861624789300962961808596009371956619378445843776072246544549242592616873384706316263973495253997701278711871793006885545717045451069620372538919421563908267395893769114411806798361078340099522945053866631238757534190367240688349904494357662225701629128719923394528000
-105299354550491991087126423815063400516481447028222338797385476446316013244597466307454036464362946079174527886080584756480410991776923490944054308539999065775384208696500643530972895957323827421650511477555921454560157672278467487273747320058666050653476319439538441520
87317419589380537463184589604751858727484974967047217069431024111500109454658940367514622683151070860974012877510900775444656656588935191151740869640895865115308101478955510808379162766801843240618812001353164092206429538492771266145820504917337206871795339652979954560
-71189315705956555257955911037089006667497474273509665859954362572112691941465934352135013380084926297045781578723523715077213008944696666464762801839239221070715836770435073165767435525960974840644948045797590880781027170936249984118799087432241372626595568202304981600
57059313604913059658243948992991289879079645126044555729819281195303208680693249873243290228164471279160001311634289273574588171231244967959728342667487204038810536375441606157529335765433596628046609314274001914593244753526951367224424545782698343165557667468602816000
-44956641528733224934187757849118036919333972578146302352955208165141257723297010306034905823852094974640053260241243785580253676635981332150662340462863361389221805899687570576911277761812085222048947676692037808999926095477867889525866980638276430760018769996892023000
34815549916676791809481908477984127017743805833960961298157579791428154646120108344370271531852934611617296639444069804699131590604075596549400081505622798800874883475238288903591924952629240907310928735481947799283047074068613275955496616233991105880425215913292641920
-26498414405319623343829911488281971737895827570471757148364522365704398385402032261142125513099611165688086889083349697445620633568902751723879848907828376163484582223302724466124935475068439575179708366667269699174486037647931352111924914834771934888610706548964732960
19819263225625865374644207108462662305048542216296400442575942046309508085534042561462471522373315200865333963527671953145653497480591602097340032035312727307677172132397722910039158348842727463543913508545481355608629599621087400505096669317707354125611565223117164800
-14565602157561000554140600248109289788538473224649218887299107553386714528499031474253683438801451365527910632446092727316681330258869287657441712950879682431161443681897608094876600766368670210001746972440594137834171215972364368952739024419903969251509334906190682000
10517040692199488079942760351062232043111042537298715999275905134662996098520161364088479323261124513841741749340714650389601665860966577873799624359220597388970897437732842660288175078305030073273880623762470979029584689157475622905193523415806063838985914099841776000
-7459885557653543609406861385364567307506569253239770995974729473364730661980507873465722597071460733693314459762126390356596879835455703364558364554059504394873746716155384926211814062058639232632635022964795773040340119226939739160557639263483069342251339261847988960
5197470407728877866670256169800713225453032169357342660394533812082168523198467162341118637368125472442089762899585832733300869370250914744593924340655992168909735324576717853847389086850893264734231135946714643250066355586171928124173326695359563351592659786090030080
-3556470850336213802986885253516450949374996669194899872708602863276651458246680364585844655827764814586678122929167560312004710638367113956329306603396810169104878768472863610389058073662230638072697492124005579781231202037602101282524257460431686508898929520853262500
2389781966547754394310714131359656825459885859105590919309890531107283138496340386406084884593305450421994665114153033321595565602241074842450209645884316886967117883308792679470864070751043357011105615338595706844906795986033802039861192470292354122095538520634000000
-1576709869319222100450111927495309839835693514026815959909648991386555699546316111138747437111196639082431958909629471462499242780326697748562606350759069054852978982816538278440917337318336493724107496997264920176205023250788698338223193119385571643797729095084500000
1021270165140268104045597126035441417448087419386308138581345404219227033210932210089526009381221238595885581160056727670995873168284601157230951530387864311840242280916169402064791998032415137964716451344317683965768289043525733545778841543933657406939344951981740800
-649327582286266082273162224391862714913663332061765675224615390182601119768760235917690784661319684006964481625774883050952309456515544106387401221792630647649633144187314018197385933111530697031153012601860669863396024249699142155307532982794303050702232908781396400
405189754067776460259341413336318559997734889534821782243409726204472124158118053092559980836241661826082177276415715055319326158010194995553555637365678627500220711122112828152208923319476205526614529622138811571366779719214311751699157804952380847757991263700208000
-248118693536275567798940691296274466278826194907554485335507547391784111533861301984956796918833609103039944097178894919944453061795875966106464734464193637058743661739221437714187765851847878300127227037520305077570167825317236473903558862369590388956924286457900000
149073304033922171539688059641373623654990859359932531316029046086496310790144337447263774595650238698513278420586356259759794719929979409088618372084395216119568396760317932696357105296170675766502873217080325636461525530946885515493398605815714126369618003739200000
-87863881455401908478028642193472369585120824236774519637530436104730969710481883789548619391459207653311225542562180311316841252719954317787958754536324216092718572013999124387320988247841208628754225363368173052745543791575569295732582349185437934507827529780417000
50794828594827653122491501612791463213758632549743332435176724551471730415573220086185780043076074403292141988663750545851637764265402853286872522220768832920054424023189068401266808570527925070419230751725919928974159179820944354954989413452424245316210674629456000
-28797405150618740770428164456173018447164478000417209180121002796679027284670270957015314788517740738298202071813605871934524025475399723862464761132782088831052936309610672864432297977997227274783097158613287812456616450659263571288487723272251736583689933424740000
16007947125142608087246212108889145591376625511350799144688871686600535588077269824898822739512415158998563551013768849886064373561472807830749930272964559362190522100461575945816852576264362874718669049450780674132135054543700310826249215748487898621606910263200000
-8723434090351530614693671404756058026405683657761377638446116559724674428471040475770903043416350717658498608382614836578087029001530131950319277986604980133484923847966520129271078670955013159994416543474882996554871702692412960743728077015885843683241030137850000
4659371678372555299327426780226984566544588240176295567452709397686614655645276946763248478123422093381302599274501225855385997737179233543030490072894680924728961972547608609274194854548627773877473281897375486888723348102279395369724824786176564387241968008624000
-2438770595948019585677846382975425329447325741193551544444139657723568796177578878206452113720696245341260063850790026193782589871410026476572990995780233439659898392717012658184460172964330784916331649687910615680068862808730106043865579289581119505978169792572000
1250636404142873499727230283442581139941665423982513047837420135515103327107782440183085108275713064420046681361402599356862127695715129701349332147552562984754387064409748991510296321504611350809963079348023460359189850126148911353699596561715044348389781253120000
-628228271829340571543873574455477710210135632357149476009670499930516735676429342330105143666902787773211383329991793284669904398654162796666665749515064823975110159127027774537959300678646218309909236364720745031173383312909847506171557807000594651519823446075000
309055725301707898655364248838336085021899317085410347939863525354642205379163669228809043749304986099612185178131281982741071490186925934668406296812478101166045979073661919759290139561118949939746299777943822174553130033893749049144250753391846757601639177600000
-148864903403649051921880503640810421737837329795634813135504536844128431601718681055764869836392338667172294998584067798321736801379098486176961601398057971464154061430380151100226923465890220488813113646905187782032969614066609753053322874781811180781032121824000
70191399051745956532596978653656410755049762096339282942743060983129155501156380973235787518185582341999449636913412206414547619955652913358058157327164991965384718706583751645940182569242979224115563133331329787803786100193096376045548301794831861057675872512000
-32389761161697136655271018543911984907551051905616310369936030849845381675654412288796702710440651825459377298324711522581398668924225509899521465097078563155353510948472247472667438581193293976037094570755784041343825812911631836595891559557581858384714031760000
14623666468186944714071272568836311838421865972366459596951863804354238182720416316017195273756009560446894711447609391084986574188435284787306223568856540063384571565921377209292943649979057117860403563961073389818014053844015072819214630903701532120252022400000
-6458295387224076086008638620137310053774791635003295642954827814841204291602879032247262658904717397275895596974519798300328479990919757117240969877064657131745791688485315519116335068150429767227604068294299302484185414380438560029708456030901459873506183200000
2789182118166385241212854626822644769446386312093810553804243017443169458151135944245689396981038766552338524753695513924958869198261742619872273620908912078592747311922230375989294308547724818977101652430599770003626826935643813158937806509226089834942331392000
-1177641231023204542871018206834939941975554337601423641993247374272680420989145498373365456794644438128545688529645933923324546295782695452165529333207215400422086163599560220724205217724000002607057174812422129425494969056225707407192593546792831689006821416000
485961078906286720861874216109374484325977824130098069001510100143132416465495540600057847014761051002494791489293745477321061174783640155299632324691841428599847366538833815533120995875178270866882984311942834757088470265467421120541105840710801318231113600000
-195935278030714788077782603348904930085262330446580799970711557313013559879589521093476321025669107598129881641301771956392511546361968332062782480356643646131002375556539623948959475443794851452510531657235183082716461846933257659801070837199340583749212000000
77163446369787879986158654810441099970267850811100734951161760046046256934940189244629414779160836459491022167838757810770210025886871299373233471307890398239173293795311541034160302585263354212368886238274027426720967200666951551842553238063493509833696000000
-29672774615688763760455165381495066987455556096904281510275081704817943402903833439637549067688637655850275402297017434143846653176874764444535968983275319918439428055132634707236154579704215843731942042449175724570955042754250291752432500179327187575937609600
11137975509435254334560979065284977407637758432506493367638712360983307239941651500703013969977761717863557420793556019253252579786527267792074913446686317808702862764196318375334567443478338786698114645308678359413351277513344708357708242360443692620197196800
-4079470986937904818275618456162500222601413539295199891956177211730268171903105876726724504047049802478313841954396066215899548569897629277161774523996276987848330453028134898996219743096727195842841539039257056666407168823004254009574622122391798078786976000
1457445875366938731926502688866342159279878487826711503841264065012719842699755718465908176025697192228307617075713611648983271717289614746821185334630350893718755665123493608328987436673666547110252834476877337283470630737667761673845130712832630537139200000
-507699479156075339734568700903243519885053758641418406370777939371477773286370713345881469775745214133980123750416035100152770801535497830942849933753407270618593112960100304416281732046781370662226989918565098242368962250451634474183001785818698871214100000
172374956728465289225225668898984609858097693232255403889434565300819715038717899600282938364924878723005947095223220130107230454132729518865885216959608871112256327650973480405093708411346872464345898947465305701553144893504589338700305599605458587997056000
-57018342675367971754164153133498337403721430352456818153994796777545912190762201549826599277807875909774693487337656425838472904180582589899537174002413233851936383830296057163772132840196576966531948482419613327077251877339032483100138465297320142317408000
18367058362679409038360340047459490536525402131593852445705334063664271176474450010639216904945910435344244440530628962519029776134733391647125684120927179914320455528311051528314591698886652131098578827640181440758685683625428664356334855610421750053120000
-5759067201445216539952229662587309685538751121650564397426897049710045392817428271699100890091247532249478736755603374200208094652635823226342484758991598146309052429684730010433014948593602079182063029475430057296414927258373836453018850988067074499600000
1756895187981863065696091846669422780661835785878212835729104819429564020087620057373209441947380715737820264180488422656902015909363918045861521099065858870410763179814379989148551642972260882923462593841291217194310637730877484611635122082722402844800000
-521200051136055506138708454284064246138275509048927884847045258034520714346284705677969073678229727627154192627695571712025177643705056603220250832604251514428100390149096348705890309984351566194224714753604280031140499178663748270479767902771415012512000
150279949815265722595881983985628598714903975314114833930732707023983557672989194403978469274908971620083292397733419876810187592432322024695840150739419218518944838044250979339645671207324122765733799744094004006456159893865599112572655031197870388736000
-42091786157474728042578097195185771531495078144922552464676068961712192841408308528768829766399501882207131073555655129655959943167193252828444297644541676866771768257689256160579380603506042562538338778175573422460831684605579797463566726512265123160000
11445714289572484715106620556295858420510864475300725715879211558146074955293177833869914207319486063366962731063118462514007215404607868359886863081695130824350558915420610439198467875321795403301262083420237789243092775039988627059880345765361929600000
-3019771246446600723092909656892005406839518008803580044293540612824595803197304505177269648616594902088977255904346023828318285674064510524217381732972285266479685677581609186527544168533671384499125021055728889727580960253105847658207913448764248800000
772525808211645379239006487584244547716949610838700688781529200462983520971130033352681408520873217380968492455287674163346247050143144723071141525923592735745228936656402797589470205835814708230040710853903977191684707433256123325330810531453078272000
-191499071970265763422359473513587619067834218445465051167773516854873328539080092488973350676145396869803648190852185132243527211506501976147451992781472229890058202502162498485140161883651673137499977124726457573163070452405351913474538866818799536000
45964808246900757433622690057098123893323262734275562839382392366722175405891309803401737685802694548653723237004594586369790487929393542225283782960215647334018687063779711843700113491364013534580893911257970092892687351969042264854918224558602880000
-10674849903865198057124212610171170440594684004929211594506699544445139525803542291967186914590762642647963789219699614937052822366815071982524323037267755207857965128880053524873394697051974386492151156064766303069348151388324805091944093427463200000
2396782368525388363018975931026531797316332781169825635668763781718758147871574908725998040748123002517867126463887902065445336478975155164126882919345266565669940225279345357615464883779085413690634620471180319498908880248036528205704922776217600000
-519825582251761231975473012228205514517562839228522046314136472931561520567185616678668852411865857059758896598012562665737065213491789267969667409724013917548473656867470518039861910193844804225149455918402770661633469935826594286333013964228678500
108807155967100341138449762014517876739499765301974587735981749480186710878126759062174569431771069817498664432856192695864918066833502304243648515570768258981235428919727139032848494085469325196067812475112925511496498282973845222461257607947168000
-21958930390528670174010081306216837417287456010028724281233537555195661096454635559739235227805733150063264855305696463880380874083668027046587180165872514748489172390583796769630364749994653270781595772170614234868101409776124679603427871670600000
4268488227817015701568350591782509779855932750082743325666076945234479454764255472126749900985347010737982835698602730664476072102836101069738883855532925640036427226188685777570031315644658420299732215008483323746274732723018609421709373592000000
-798308464570296727527162657830990078760016838919129131542467694194754373717674779799806439624726774327644576029479761194326881607176699172212539120710237855232007084779020613007091381078070975896820631165805070636246492794076973391788791073500000
143480122048781188879296150497169378983954174390918318894222075328693178988462371784326868164126041030400043847040414546869600193426200777138772474959177803017509325419596945016110038138566621599292240114098399630376363732097110181015085535993600
-24750847581018344082616360486512535519899430530963769245057899309354247905411199724510373687878003596393579019230982723171368703621537683458966425001191300601452806493634224029699511923617203072940500564678440667918343523472245106595558386948800
4092388269154339079021194001641665291846196371306562674790035068030030234713408066374355009414500309403795762234789201672790343873306457963270267130722836598431535119635020254983095051946171294312937088942333988055591219360410117784786842496000
-647614053040904063990331535153455454283922267451426137142143320876814998010817336500068728019797253937384953636667963251777732789662426074738588432299935799824294369160713673418790835620385617616725107257986653653391215325801069446070010350000
97930976433823761046126205110741390745828657104470053055151022959060872381454884598563621365545786277354393632033898638271061153363278147756591452960387922982271507417915220725222128374963939626856334989502365526914084426905811150056576800000
-14126700723589875686626231001695468385915724283325253107836248114452591774474515905958089329948197948860974927140684239748393936255130729321471947975709218385018394031478697909756789849791630189148633299817196143822712141985889691058207208000
1940276124611681614190738712803948560813243937308699343440821657581462391017720861920366994067783999182737933239136339023318808269066613254985897108811276989601745086168357774628017028501605964588755432093985702688403467589778005595457344000
-253219553387093918022697201913238496582400512031732109662108248152029834652978612631772383597629126399365702293919438932087758173814443602781355511596841155242244003706378162541951162677779810210201470556974745365552727911153257099095060000
31330179481020917812149136616342758732701485495183152021969042597965977972917661493095952736154818008993655236070076402061918153691837479192347280786269698977568448907028725933821839424461750003011697968614501947130765242188338675608800000
-3665897242333590664796000934536215261733591112702370857172737576026837736029386455855189062578694462614240218333596644520368403852231655992485469684312617705495006665562102976210840026600982670491158643052145056437106732997636924349400000
404530821555439401139083765411418933404400020848350730186920758668000521479063683397733672096008484963374924159886485593586476393905429519366808256364691090798397527701680403273736180792395361027957305730075868825280728727491518566656000
-41970216065040937726244403205285838001042884107468219446919313760259797584363245142765505432083930204577757287102735311770819143298383432188416109576952476141950381253275426618704576651266004674394698855728977568297487737254713691993000
4079909001206772556751738690895892818740267507387131547288337697023555418568185212303808081168334575971774343787602231612058249540051889964339862548138623538176194287491839409262197661597589937441709228462414147822066449641117198880000
-370157354412557311987778540064562944804478770999506481632677604335012358753713453008726679399441440075167545546011143960811804177747959100525040048592983727576032472513680503807663236252748675655468262254585997007945439152429709800000
31204779366250339263821220631089929684442271938490082700789069280615376925070056236445419636287438078751691868759895603870004254000767725358172901304103047769829731674041617466682690133366653350999177911107884016089099594580094400000
-2431867277772917875672710870808729900753809929877657050617722535891556494099966579880075999163611848196141799702923006014401975123641145655292211659590522122477474503905198371603324873801904671618958423885561653122376282418443516000
174169388716065909895875819197419205317100206362356084979871116338050777709724904990852098976054208957417539477007789699847263515360922773430513486305328198381441574019164713398684991950725072068890753898908312167965099027191008000
-11384058143824799777315846224173846864413247474780379173686900964436905334896608346628572010806183334012662779160464350187513504795785494706715533008483243362283444764000155893547987102555428815419016223429038392360839079228440000
673469767537510785898038144992732400414080888273350721628410192287914569022094485227540065748208960592339356415752211045611046361453705880702259345502667883292614264102891524952137206723268234794314893582317803048316942697600000
-35700681548833872700939640376042880846044563042005214615797535291222350691890876029546028532640234669041921163433051817613558797199492098682102427615757129122959786360173054151101581072328468402385895479329025643270789798050000
1674880115678961101970568803695219043430479647356077449398138517674317212884004635572232920195446926208192293859358633476615100386994025448778491542166669262949863029071256747571948991454586578944951399761170167544835876768000
-68455247469153301746984472889845190112477337319266321627059806266333941349873322545482104969396921129478807292708090761477811538921796305597189674862353509168479399589408761283951572180721809371994112725378442562371629064000
2387795259245105161053864629200058122502510748705815602103257948480616512631679979827295641284846388092343517755101206705535370806763152949598423991743845879524067787918816678093801984561217179466445809255034580155643200000
-69107728759199478047742399304285603443084457773598590346907774387506282837677024122198038237410709722747919389381273364239839102570557959178412571765277611042838036701144904022317809121804946277826434811722950550316500000
1593209434699486328996154852968645368003392069262689482796668586301570941192577103103686269986693647026511749865621921058000083743303640769558398547769718900569693246006312678013057429857129983728677342150869411132000000
-27429213859438503411044004774782637396891052033265405054842237130693984612042000901597341578791321645542149228298748012337323890731652068432642143161194589071848841272059701534118678527091323556602289915070886433284800
313474185388831363404111644571829396310278335913163775596122351929100659359543650371742574678275183455680928835355534462958515256776861489380444457195655728550605664816519831495191592325911182276897299538313878118400
-1783633302388349941889678375380453612464054645683597477040824009798036906382992264269745247515689601112595677532005841590148447637103623369812220286051598726660777647982684023147840849284667028548009718608852693000
