-347
41781576
-1257677664570
16824932312692000
-126600254745120497250
609625802689463437637760
-2038402409642743954965835680
5006981918869401273871183315200
-9415081859786532754750430563558500
13986394691659184114982837146319348000
-16826891589588247816894701542365344385320
16727877153127199614864709579570599548936960
-13970681568200296261678502066576792741339607600
9939850602132565813634456144882802125554286496000
-6096424798133480276298157533391817815914578788488000
3256412079728329749007190066636276588390567720513963520
-1528389377404679704423675422174017737987858919230133823510
635259972366263412094712428067622874349832572241950432110800
-235448128955564018028992413347223743414505075424921659382794500
78296612146419803978793576835200875206162064528008297411594776000
-23490745317699235639227595906039054581540758004854369410170193682460
6390334998353156238473596883573000680358915320467956892061899763486080
-1583390340242773268386252285666306005355460578113883740249015142843116000
358821992416453042370782465039086510249551255395637774633368497776999520000
-74650548293820863587531206828175093372802909006641426124375776378665249097500
14307106042923261318350140925929800615308517843922458539011564796387261116631904
-2534072082599601845310676661959101800403453797346697822857206638706857892422615032
416018857126914058774734955971557343583381825056862545184568574102108028210066621440
-63477367071182518215468965699104014319084248497993854550642877138985552136006657640000
9024805976179728107000229834376300575629328685384220215114467935498483350532751534720000
-1198383930452514584821656074751641450547650490957314192986794387226098051932020670180947200
148953760379492156220371669944780507788778101814640234884377331909867804481972950064280729600
-17366059260650069404657296695661739181995384458145336368819714619198796716875332659593901272750
1902771525234863435595692049335499283007979130896144660723203258368044466719526807109958034770000
-196289976383073675852156629722669806225389736415880570264034738901526303451300804782252444221822500
19097652689992043251235457760707492396054571710196171335794870466317968122889661320137122703782606400
-1755230482147393709710192191551814461243247067991201046543622226739608130418021781501152080721958021700
152624278009368697738423139870217672364058532486247313791492176677197189075939600343241156821871353472000
-12574063181014229311947028278850723956225916424672030252911957616622412464279192905009476607558120197920000
982843670916778234345008742942803990603410093291524216113212897518083742967274612814442245180387767317760000
-72981671061219690777685089837682249574750343608670437870121694463266257136374330921169417942272931404534842400
5154650708956865821923257195864567595187958831630115257253901570633358820516033052711839770047698155739210451200
-346697014378791012155376899094870534201289895452808970916603827578114998446782733298750697005277294607527564616000
22230610072876940184500532805131341554843120608374814273592509355144031485046274126500747775524973525510258551040000
-1360396212378073209957815920982606109518041853221068890204196983900815517628040926957088373558765593227157469688720000
79530442077118922907479545673878934157621662593443466418732669502278589747594072640438493834756002957335214761298483200
-4446074945476667650044649289414064630580122558207092614872941244533573353975494156358880317199807116177719546199565913600
237902244705904081591343388867696894221172696414702737473056430558564223829743508049624107511551471766503599076862241280000
-12195071445742535397719449193671589276038021401935098441517070195798275892105840719705232299328032366746053632366673179850000
599381920520277016748886614096958312072759196001481506408390845341842124729540213099114974252021009385659432339994322618800000
-28269009146650137107137788712623303047274785616535473175642782473364505233894142794521418999632618078261487203110556234264035680
1280398089022898636031406617707314911723701631646601700836649333956987940251672885173771368515463079801549128959649522816677245440
-55735671992766377201951448201641827546020081565444990087639722578922805291169806564119363510026842384630673159835631317728178688800
2333398015788296888198465755967632224781759199749494779033973433706415771534912514040739462007531742411024266143350033095348456320000
-94018495565505612580624944124110086757984648030235730477722441922657033005813263378665501237877546985973413615219693223069882091360000
3648352754863243248649282129277533363305543776654939169056849957900553111522110449071494610680005942281488655804611064230358690714777600
-136432803769476124202438540544248778735628518915706212108674733773237106201381523818227483252001382930222263753882064201366981739857816800
4919811415706932198078700957268140017441131817840609360003795570597863761943323893672986130441514935089209117083663478557142376313247712000
-171176970021230047302057536725163331849404659220913829530809825374740476818268830301710660415436122347656504491396370941653011128294910360000
5749893924344265145341851092846853796750125824011207198902192261251839837232558974294290175540394976692553794073540609441425821663104647680000
-186566488724647018711732301195652262540162624271368083804601715512379488763138328118983816976304999120133476703315612513400974667401552997459200
5850596731067350529275629874205394036895054098623326783926730712095817733080646393858635752574866363163164506733806017996165797363545395368857600
-177412801237478073476850623383650300705169610043191489742044579983207334562056593886610789932073178361632224434814281604506520855796479971688576000
5204824030257482206007681175810592344194998587409729671343832424601829689192710957963456885787503373249800003323198526084338445061461861401717760000
-147799974958822882770354350732924176594324431322604464663822065625662259921648386145899306825342255823438473580696091348742103896590286495414550248750
4064376873518550961370615357527588765310056740540941330769586478734187930588590791946784630578831869962219080354933651423018366655963513889525232213200
-108283546671820108980703403142137111795346192587235506028421216624549750208585336817676812840350132002921352371999796843111926195023997630261954034444100
2796219365158696153495909666348080641416023756897380231413363205862732689725821395389863253386809378876953256173360759646588212191397149766087260341448000
-70017357092322585236272469878484540888052402831393419138018222056837479342539842185383935292688521611865924041097010284532918717253658950187373148493632500
1700770282086310089771988783135261538462819635086113450214982428991627979627399216352716099291922316187580420815960311990267377402426202535448294450113760000
-40092709084389304522341357622687943887000374128400383371608654161304889040567603281976711002675643840920658536332808097486488672729969026258591233395549041600
917559147321528522938599037138318331750735798937769376872792543797147875189883605521739574480595849759836249557556715848208931798355696612061327794956893836800
-20394628231119429794675940211084631515427957645178332648566265597806011558401685657068372389954987806438489941217105050850670171000296130811104647988793999295000
440422934291091007838488872113270668942662669507810568811598019327362696592393692140256763864893975748722353618927462798253916922258224570039767853359056753400000
-9243814665244332140960745350364232613876378486950546403437435200027716728899485795974457750417067077196476674303175690612074038280844507762669948628582262570950000
188629692895183185860984567874881435795766440577090047710606677688885588801777524907579050386466244869141400637016127728216232250671725507383165757045899809234475520
-3743626659566055080471302626246759631159296118883927188228873837172787690636108554835614488045669156524287773411196289797197256161920344544296128848241453052627360160
72283754425218752844047010398503802087218117674115699866493755587711373726433075958438378578422702823224905430951889231908102864802941650097996429506945782672420339200
-1358290635217477632954581601546506767524853928845048880216452762584665154713093591214409538293585716677381215219193743661718254440926414225419697863803677942804808560000
24847512456578911456362549637135328414481256745454500970445758532088776058850259433066288762682597997375942730194666131448654009455485797033763189507248566475587146880000
-442631257447203924410693425246900258938530250045706593928054763200767073389603004328821018053856299231692789801056826715676499213126637536565985542583109658643002348225300
7680640664205040753895538039553284663867366545831977489029291065520641635613400828658377574058136252847090494325669502808464880721847497372803585132144774945463882234530400
-129859255489314404834416157350775604850053772421610404646087887386037201716940730696910716018262822710428537008836070408503915818688761561396070133216519741177135849469451000
2139878455965593153839878383286405379964886666468458867095935110475096986341575228438569383421860303975591162903624722423191250361089884228434008059622488172220708612537680000
-34376650031047035256124112015400213865527182299347961729297836249671721753511419624319324733420936938285882240449911162249999688517661798036519290757141142543329646167372965000
538531039046924240613031348699108346872779045172235252646207100080670471273278410900893903201040183587951459585201764012194320379956129127884484346720590045345913172568573241600
-8228908641942948783720999433549531044501538430509711006936966333344620331261088838715890032782470831236500581679611540874812970402918066675177018587876425472509151618644154644800
122678035560423086372714701556576705385328788016741417627529037000212307858303773888320918390695469493556179896515704356231192440251720787901568870056279013121671643367394161728000
-1784803832181697704827208400164219332675370338572594501162907922731007188127039602934875551457606543193634685955700133173397119870991751364789547616850552042013576407539703413105000
25346422607556471584472038696840386856960870931114002051106323243550755785637473911745774653751198690918517681326195755638062772383300104471966498210362946358038528333711167470440000
-351435972423711082367959283210302099693631907827466969920703710760486645867797414512871136492363379478810839786674533224685826160937784127548405610803413844756166552917378704621931600
4758581417211191431439987743968693857559178669348897041814837058344625845654436480437050451952145998575063620770467583796349754350154795152004301935534982198384185876768486824278220800
-62937074285173301605925026937449838596935521755702065140118376003826694268878295345288942916325966896323900877498817777419940128866738958328346122421250423227565889411017043660659904000
813255569674062687880469535267590930927681108962569406874740397986781287026227111549253354182979542182120379473842973153480461186512515433318992096404086865523501422196238270264232960000
-10269054286469465400055186448439443519284083790208324630289204439178264886529791479955278914243727530543879255209945908063974139425391679995665448751934493418634407444398018620211777280000
126737766497962873586675555387587698277223090181558341342950996925588017298751722349400419566107850112143983042914638783800298675430230125721573445294789098608440425350341153018689041612800
-1529118106576387348385765519771271585779000332742840348193006749256391971299924073697578217536266295303778852700825459015528061047863886541814118500723034314406284311629826804210838824224400
18039335724304282673059833424870990118128285358109818115572722836375758190486935081350959947552934294688006445933853326679096054449239175910443952979089893601774636899873607744436508607600000
-208126675857094548270345152295171809666722684205056059589341477913850050634829741950134643584819125835371153086391151380953481706918778309741435048922121580648129804424249802803236915479500000
2348788425997501662594259423024626418081508280231898851041514354565363371147561279218497363292487896173730486744164113044026395739095217965909667165715541658231643853459588020453058743736000000
-25932738132595816106536958863672597819396124771212372024464255837320720444503109327723507538376029612864540931093641555707791032715776392039812044209948723894369756621661965375020176283714802400
280168140781993892899639757126519915741594757257697588086673532724188016738339248386408422584976519123083553272617199154146087063380088678945554922879132336334741901554761482212550101742539059200
-2962312219023763762824382110986430539326617769332278275420465394783189425346117744977591169402185888709612291210520472217593262918793411680834849028385135780325190588286383780352900225123799424000
30659051903931497894063262869856732323316300412167419609875304019907078791875174700588133697837685981743371625498647172164364244366435724625852240863105656393600332415293141585705386437797452800000
-310652503264382826248527659735226411382137880091592457221252236820791095232801037440972201955170628679474974718312984424834427758214755026712372839581207304099837391862908770876683655314121324400000
3082123665947505765657047576641995989353629920720067967409474346703438835459837521944970824368651614283509354611151699621413972417647416221488089858027281610127583970207021586718835823390462308224000
-29947017353371933691178075390239998944971861813347452848522120225405351369139982358784113546528907323440153682001002536736260912313262848980822288543112532504668807830136273379036620091403252187232000
285005416265473481962683474060664711769074509842111840542839568500320297421739232929785746530683006547474813974218642362021398288553857981042047039886238234056137068841964219353640503551340585057280000
-2657142831943493981141290671015687935641975957885841229409386906427240290048613930465496485466317176526504513513923719449418463382097846892011094423219219544104477499247204992593590239942603902782400000
24271896074839114113736385316386716629858796966369377741380518658423999175018598825482653192045153651550246767329274760071247116735318165768553156768212731140692764416993574904149243461029451760051200000
-217261553055351207483030922085332966236642681043843052379436578130185531127858629767702535915472607177335179927493092561037744129461617786464977178215566338604734927375219595396157058679391643857800448000
1905962725967600139146647699566550576624156651949266118463480306544557559333494324675873038067657102879945209642307717615246139717981279385068294232526916192444492235218954275398086531818690366147385344000
-16389243418087945552379875168506535231789274335340209651471883232256752322824247873976645826783149984227143657371454237927975515041458123474999326960420584749523689010833267132957159100336657871850105240000
138157895020987270675712253358762898609898777465425653291912719173006251079082311939450713195625206696077198157996971898391987190779430841166021423292322949521397907833510288526236087834618047875788654400000
-1141886270997945960687156068792305265342032731909338696294569167784712253551667310891983645466427387415030785298932651779161166522252308782869025787942311863415044126971440491033286926945200706100499133200000
9254588890029779950872751310202982802300222029260533748479175930422427083907894824245472594001780952188480884043916623689800413801216745904199142537225614727280006783009971840522633344249103401336551916288000
-73558713254708312655000993674207760081332910723506381242649621231158579362752755286677023658313947546032594826928434501597445277740898827637619715501180972943428847017186795352215903988367594833765475408944000
573466716235113677152582806991851278828245177325779896721131388544761749550220910526274524422183101914865842642253088612059270950435292781465905182137923400724868621058819110233653391309707774173383850949120000
-4385636546846888818701004036378000820599374296720459085201786549065566999486876878583046734637759810931089432186176396211945666989162751496293946661875665995848005969078451088281426412928341879693534858396800000
32904816879414465306782308937016441719302473008823906283773703641347246844254056535251151010648450278356499540351449032181823545389772192710842401308591607988620785128355855605375679226100590921098700066022400000
-242236578650683892549075401951678886820939990360584269530317121480248631299481130503155504686654969830437094428688663920316870293279469470630811952800172761893451445185546937282657665213867884927413339951317264000
1749940472011852602085281545907053650794152100297676184665158206729249179378698190769602583136269575099082754151597746432899032660308921997792481293884889876370915405667982273240361719441320842360675783072940672000
-12406776962446301117646421333770615190812476510609532342568585041998388850707949918097441049815563485106873665133522721871249020523992138794480757090647877197261545833318585688234961733676792655879488847673479200000
86336537683015835922124082095272018460488963384028790073740540235414791341300348164273818079488566574925749188000348480309676573518797830146271009749713035318110618370796529926457582875371322018044324534540544000000
-589762328463852906764337845649889822773187909151580118874557112548538096966102983138538757436454384304381907808483389823905193779032251072694672409406972505109723762964351712263632889057549171795086468446695952000000
3955049972848407230873240116388995532125806199842506955273701918802305020959752639052073290190171917116822644979463905235717236796295385369679267439827213246426706865821224308341280553408398874712085792621989672599552
-26041398262267734508999269909705900098243064971537967974025313849720417659107194672337514313646336672459865302824281960569742373017582862109390454981573323399390460368158858693867414971620065480617187210894082038665216
168367351403638127261358042419500977261131304806992330605205513562455524427534147215038501619879719028093170920609840836270862090537140607648783969587604077381637870121619801884586399233711973979711096928020018289541120
-1068994978623257823996751120769567209447582030184776439892975070088771724156142557619896248230468003655846686097194744445378200010261599835856002956320221810890190395471282952334234630144463384597134207637773584141205750
6665913763702795377711367724296403472745429487904205373163526054502233295609314399321038031751649768845616184299844014278469146004736836233826435597105749466525646112449016849817851036646275854388283303777206254381626000
-40827341287994831168729346850544167281680867506714579524898427122808974331078374210610729327135000942215437018975890773606512593716231075841842634450936036776958763517957709177976091298947891562832947721341706638153119860
245634947456610356535689505484819310267407855505697040195018518942706193213401315803108011279531179842774864013473735248139689544666011661238772118279252020578488340755322974022940124377004365018319223025061973484996988480
-1451831672625058400357437082320598982316861684989337103103993467247164675624548582873225352480631230263324688385421982583199376019136203565924870672692192914329408963078910495853563401570580494227020499497016031872842909700
8430784635199615517254561427778389251149755909441161582386918930161612045912919352859839912194609077542467747806577310811591379087889130549595947509692015159699072230621611517557693064013230163774071214219768601615604256000
-48104209079422266016333347179782764198487744608486039630223156891949634603470501584904721459349202707811230127312723614645799262736216590120168946881848742991571009536860991579880726636631068721828075189934169778420778728000
269710864228899030486310383990064306000453865298959532157735147536185539770701219969926148565275112729491508330827069950011871158487657396150306922807946883613206696214793062474542231585048511729562690546405114109089100331520
-1486107445185974637432490817667572643675619310889536267343818235881016269174495752097485055078551176665261034197641607905253018240427802130939999428207520044856873595984980826987890486998651004319578421369798031693317337915560
8047736199515289154917063599964413847471359516160289105057578213807155074798643947103648622632209579426561431927555705018376939312540988256632827635090433020366169337520030436094048116497569826791089069637501835010324163553600
-42835474683042810606394042838184877633319384444212754942982641023028894883268459551468249455635051670792554061506862215878375260103744868443267515922649744964787689293095877187285926660826305686446058787219353786275021468106000
224116374140025445814355416511900673370787740525675636440982827790277155735202217231966378602103209114283820970426255767233228005453514893700793263784939569328733395541663269660388165948429666644141565689272296234510085925568000
-1152701406157235977913232407303479335807945986461879348672399892179084173087244914129454013290786857530706005520801041716276249081722621577504248373923263930839810452610180232203779113321186033914758525284176066893098329187274720
5828618628749792182871154742789807890453256583020965100515015158240479540873927706232370255424587355457311670589763448601872077243972219805007146548652375455936042713143010833609049177805552518353344652168786864475096264601295360
-28976883279062830657206849196139867683916222285505685702297544859046660958882507583379486027327800012290131343893614208743040387984625826936765592430552339693528496418320825283432807718166911932271921972657212816371058571957788800
141646498732217739375734590720628939003582844132189757093337697887931156997892095360878938984384903380533108178180139679493095857154051428461004871600470041359729497871551161197708614578119444312675501021410093066871290275949952000
-680860892560587323340933345915183653419372724883668482772195619289340384425679919989626084364901450359176142527186972524793371111598947146459960386141669098787052384324417384744367801931177631798674055425685195131860634436475673500
3218391388644062332600015203350041008867107676092200166079994740901393805743722861747871522878542960404107574265015461469872266090613544028717084566768306383536381173065298328914827568472207265573337565965578950439231262441602774560
-14961533959228094798476886214372565851551337068258791098581578103778467648365675058133882192559741864107911046005028012921469903533363103698520456979488261609296801444105817569298039418400095447901048012020412597854885695680509651880
68406661815527593414295726687028992833230232881853327805074733520908538278426983930011919136697787781658642757429625048666815978022873554787996721253803519228031097351920717101515400737559786674655168845740976661023772813792140016000
-307633227818596858531555905647634721468103729457038077768393290060130367198523103178680793214043808684819421330378251251777059346016396982943371851127917990392494669679097435997296135393230770014011477682145494247358781091243368895000
1360841585406457379517456077737169979998177156998189069928308104600030768966828382368897046978280904613249210846979293677515492286544674334530096065743460654946449102285698887186273540142264198078286527643265830324967847097375288160000
-5921717279358259358718871427340825580961845656201586384338254142812640558167697781749170709893178003990160754880750918429860637079257889751978096697816732856228972673586244104245371379635064238650975806001089519168323419620307426153664
25350071497022103393966562970040055405750792983225492031160401314488672409176467921625062701252283610958800533415215808346205739398807249809704752531928233877057916965194777182017552283821733704935943444241671233146866906815445254682112
-106764573537817510853095412474019546020454506199478726717973634431540870359025113015656454559615367761614702471605244729532875236850802434328831412098306648087219555501137369879510817389944329906457408969959133454871705521454159474846040
442400941226378681393919219530090818231624037820899504107114466224933334393841512346476829094907542948294508084314098798098547480649657658588433806379415817184001746491107047644604608775453885297380010683328461067220104899015484175320000
-1803722137375705592849647119835683567518570715509202047167701934672266777810074099903773150433205222225478194897815110266678312175175297182572585176262643515389301774053997881510362347627127784241000395218547768846884533774688151938110000
7236210384550260472891587429687514046689278661545845166044194933255016071277676672013538869151053158750488671676628994295255876823812522108015652429922939962009675845595027338667836192037173126172094988251592430906893606798732272066713600
-28566914869941534122785728103729805103861730311090318155710221064374143615050140980866071654172794630203636511916041147638400635030166848967923560811143434047097123089819652428822938300361083734004424794801743902634697135353986093617084800
110980882305391752509146875054288861079386559072985064975893982276135664431709257995364315858801039141072669576091529080200139754573766783933155916397220789660838999841013019456533107697779925285742371631717919433498259470221822724036352000
-424313824372621207267886696425116181129708785880510315919892691008883531953392490360821467999650103381656823733778881311476619887649942745253167218415828323553067550866266930060439130917104829710690620909682615779932758177188025552621760000
1596619021594031494204324419822335037320791795547691362399729121090663843505491112813742518407923540781228999175148032965394877444419277460165471743738812418929481032348650786076082973216342242819452449898986902176078613183004726663098880000
-5913041125715177028672570074958428224740115208753166811631090556307997981988754176357738844833469647575294538390492572555317302172966690496907351974692697915089264343591532514729974633112038738260526067284103484703587392080761528523505535700
21554393344646257747973218673765362682737703246196876111932351548336488303775062868550211333306002085571329437268657158119162889075239252022367264896599808672541738717537005680791861545985506589281300375970848735105611878512672941133790789600
-77338418278410869564010750511168852957628251264217681720778459211595237811498963382755321223927742965547334112955460345004228526511579948433402434803700692868842128727971046331800245483833456332101571784152376586694861398420433146694993511000
273154321624678234027880945009901959484505818759990487134549686191279201935754553194992635916044239523014107913724280130046174298161265473333226108697326697234075251602725092693595356852080678317001448915083707286516082412878672380814414960000
-949712971374499393911705488203114289755896513596928555302392355919285098550647513865383193129723563746119061322728234971780483980664575334912625412797929485367715608385099330497329811321706590997090886838051112413889738796680669629205026255000
3250617209350279211102602909558090063420145481102523066934733858364836092684794781709159502978885603824365789175284034806625991524490276878181747895910459546905609228714677539506452934369216050522421201069493291429785176125983159549231998771200
-10953315420953747843972637101219238520059180155204404642694543582187187026929207790174212052914010196396568319868364366522704427022191017526847504622549495583859287767231962315858349336441603205804847430066252743109661887023730378633504092825600
36336933656518367475504621341919894864494078237280344133604617312343882668130456622572272191028872436107802393568111843044950108935175622703715842363594224655550980824852133581814137495341429545737189724612919208021295772076285798385449412608000
-118683398140807316671251187585207111255788924401349508360131152456718424878174820852884952945365525989321065888997887976583713357149559409684737986404759552149658700656852109348056131838437134448475865744169570478721766962473512128832293583520000
381668455321482805980920803799800523602874588719412823215620114521363883904996356769573094713978251149020036405331676582516750268809661169452183557134006349422003863237651081523765260218366791247631781690784171048970163928758346766884510383360000
-1208515525190780972059103177678752460705032897547569136319660244281504763054059225315808454123925113646909152644134823266073539804446480413681656232864214084057375485156201135611011598523270820078876702793839747699661270967361507068887012479961600
3767926657795325729649612479142864619457489114723052666461160191192374619134519047009049798077015312778681085744690112086501572343345874845406423700891374084858343019415223321069207804595244831741425780250633771700103236946493412552795429491916800
-11567804850400907902765888771570804457214252597509507113011589858201981638145372243259767033205277034313267631583338271709589822474458798094714657674197507140929522875148311862361776597226984580953048826773384678023995284466781510110453112615040000
34971264755396910923928551440132526555806928899149995107931726765682625500998806527787220460570465637497559400770505089521323369891711452157097872510320774035594347614134092596027048899632382133871223824600081715647401962596625047104607492044800000
-104111012227447145339755982525877428195750624998912885092588529811443786638972302443157799635770834301247440925804199208410141342926728376181652217696285583503442506721652403486514268677188713795488671455366599460841831189546888802043849487398400000
305224591733195575418274322778885845326604869058037370617239789733572863333664953552864649224426076307043273014935648056421098133333334874354072251874067096466059821175407000641083986903272211572707098055465625011990954172156011892333223914337239040
-881235502081446277646646678366609562406193609712921492975581292460053650778656307821970046942410165365696056157823470190789904098605376350016391519300537275253393852891921948874420977554246632799002902259635112399838165175569105487055695194050952320
2505680312982068831203143608442579712698896445888060474137852517869755792121124322537619834071623656381506102414341815078539521117934403436415466709415936049014405963025069654496901295302508540002399646758220684113044902609074528928051368632451046400
-7016679894247382181810974518970707139540764649710205957829849913142093253880405110375909600366267166786047498318156720832073570609415791721246126871383945396692436847285674318117585135264331214862798531076351792637606015149291048451627246620193760000
19351767076397511583354832754670685949469064341487203273353146815784167056549534621069828643462011079384209148633902596875524399600913039006993468973204846503383703983051105400687081028464730214256601872418309516300988369486362827925888596777044480000
-52565730513168783856156650490920135794037743321911952866806700558961381434563826927954770033408892996466816758090158445938827990261628260801434821322925473330749889007541504173119423278831865476126829450298240809263385352164361300090417577584904556800
140633104850835370331321330308237479383285617859007321048498937474187209180936183345483339455090584944120251372457684669871078284864662061680783835026762671667335132374866388625669888328898853675149242930916034628073538638823660426431577785786810982400
-370582072120068992252426709212489686872662877515500966601806235884386866119973878858547074155826038728641955713228142929890625168893008937743244084057208664306344252787713220963398025684939513435436591873717126026790207103300422663962089935768681216000
961838027671068016560092256106470888440140264374790050972826839352351709610562559359339236335047307662025106470596022080865153921591577439417204926580446627295752111209890804925156212264771790970412629987861464786903305605389015436459280874824980480000
-2458942781457170074353900786944215938302205231050070985404391582775995319054909652653263496057046007209099097363820223864754302557169063153174543301344441071961520335584525012957438729919446857982695072168577899388611820949410309932415528637722310240000
6192009486547983803889454650752382948915624708044392046927453153249565539150572198809900983029377738066004283629027967087216502895166063953051711903084567110180618512841978194791056230807234711713092537612175827053560881715236761175027024692869527705600
-15358853915745812642015428718493879003217033849907891511243656418077377951529889354158689821271244994700486344983748899862854369376311869753822018543744824760837363176162234791004882308193468386987964213496174246934536360926974568930298128973558006156800
37526394193752244334519094904290000344158064918531563691288226839787559615050866379345090174995429447430854565912994538141847845792332813399483921884456456506218202115339338858516318579657695072328395504621611360293024869959126860059042927721719123968000
-90317528352521917845061872115024583501465759175387264186267344277006811867765446711152956533951624206250159677721505216926105902057627624825348002917080366475256093338086828315971328654894234702569459133109930125716561808597587323192691451070847591680000
214126447779132056170392761279841043855774816299801143008499449963079221843098461719272181152467600312950743898179749553792952510664773334766917826237834945159891605291450332197390327289988604700070052771893669339791276460527770085567107684787322327040000
-500077193512765776278937487832191650039792769734624226202315238973330917295562000251803831600647947777965769177607659421903879036610425902517010388151956409736434940457531469729356817271236821984991858148077101616854923188660270585708511961128375569817600
1150475006089180835819705202126591398386549918540816919950327934446800176167921042655996052152604943973825034279166021763700248342552008583823021514125637936360283755454063791876468818287337627684449348171700747909854444597951788320422795204999377890508800
-2607325151468115585084561390832955685172643037773777929070370748789006095864500963235004073814273547208474731142928745883472690098158299618475866221723807003939342077620707451506065197043609540605938606581074733727451974119354442144903494612675592064414000
5820965921127775029011037216077440864961663266698901247858789000222656901717949477908747584590055791722106865737226623739418210114710306216877044618608601316749327154418589268631221825717376826137342063499212726698029642883446949146827421192249516391760000
-12802072807671094762363975541672282195649690550921143399644370866070517050852902331144137629378060581576521192413313299149294917255418115009288011856097612838540016381993035644925393882987151451532208912265393108379636720969060323140884954148848687966180000
27736646053574634343263478264960665257236136919055554972683809320982339953122038281366959486092890018477320760441246622935319196927557290911904893326830920081269709654546068338501871128363273772071781696990720469184694059705853140345527049640992776052748800
-59199573611795735987796813134603285777711437276242245909914191421681200535618890170869458276322738736073796363777049519844221858436099670807471311915526021194906999784079440370647228223341573989834485544600170330848100271695700138909589738161545207384762400
124473323371448170697627353237229202490691676717806881554510500657300779811551481304412579436417724776820371132577681486750199789955570438246016621204022864013615686628897480848380886470269072575188590802117392846948001292750885911387114397020847971413760000
-257827166217183162470687409948709248756673237625484843807622314199472243255714672975329647819975036743742940460692037167930567644713348062385669312439360184476728441809499539136128198291454954557396936947401869353545874017391992919962009606419701038635200000
526110392355701547762210757888318400382042145047856853574564883862300271028706125951123410546111026721253996938148080590544009248099700265782711694139032291790497005776168247228914609417335217996367053378592718838446882341289668540599734155086063521881600000
-1057600263473240143850290120776044856407990671028828043476929693662092562328680772040097057965056038690732815994988725305126330990761219966783051615350636188764551843436397814785744870715962688596746959877981548227016884054519023942027100591907882043274439360
2094415531297913354351971782457112370275253523617595458095150885634432358773126685215318566710432997786395167003961731992092955370134988913699621139104816717177155612228888303887969991243848983669922298109392037586870791798073267185309875105996530445243962880
-4086019712993098533800331186709597839323633877746757338537018092611728946185049254400682151332810969237966553998391669327285553186932550545903792294344645984974205286527807406896428074526188568401239205494514095483355783283149260716757979801314915353731145600
7852963218448722460554399038739114001175272467605211997673610932923607283308401100452183415893582197181366960534655541525419588255115581626236510221361740445290035154772072766293700490244221762658112186055607181981649106652076523302366764548136118226977280000
-14868284574952666975068789971630406802542369366109608538367378562039835367976712031620744134191249088391759105185676520651008881617294358493753684877733458643448138695452612684414156639941680251468681119662616702467322137169287425522957143383345087549457440000
27731959979133607333106294661184480828327925767831899004673137446922794895502358022285791986066552493622835114833410312783073888796906626916701697452855667395789147019734862407022468865322752286284856653982975552794731193334382523788018387316124243723418726400
-50955417934135751828266026807817360816929337258345665498430072253485509623598014941834528667394836874004461363203541858766957779507050627311150472605606441555562898495847545161249009445654891224867780372349291940288047302711419750384653542138753785838583475200
92233242665443042120010106168506021259796947367669952999095344208274081691667531071639619207989534130266424498356244172932046147601270663358604183418302308269725277307240206369027822647086124843070901203748304111851873994685937030965337084372604812939404288000
-164463145003365465152278560474514538879600487811549984377662960635801221156242873625222781615207854347249521956492521651276874539032452508431941561802074047047613639928509747603981402045799258067185296629141154787093491570822083308381585830573331136608042340000
288888262398256116165015210001798299927977524067777917202658447463742956820498688388912652818654981533292766206766287430671734384077333762207046820218162072339673985587204869718144845955222762138664257680930897289533422340286092536468998365610461103217917920000
-499881506016973377969073597733043684108935076736690818227157901757613634739579011616089243173214126662676591756737610601975722882416264445810828476281807926942589164765850712093467461451181264309281878443858409099025077672673275178354031661709040279488800420800
852069983347545556194089467549363650853728916767233278983458566711928831632649132623296432827853679031854657245688636673990558570131072443648888196762737583608167079260368788646909519431442325776662320957470114096871478502815064952155853524039793552028168422400
-1430701790969262313060407655496011211989957562830172200927525381294849352063854280736406757372596517625020285445129337989558061198267652677998472493963598961974686913411884359096631961638790386141327475326083173734434098549638191451905515445702719393107105064000
2366370481922313561507923702713762290280288644554125547347340796851715827522573237815688313016368945371983561899149320521422930025303724061738309769821430185954737948432361354815209998046569917257272890045389613106569127711980645078158872336739449034776106240000
-3855402235297178394724227251956108519623617273039500599707990629650997315026241527494583633921965589157127467551341345359090948510306287960050670513924499311394900483587732067578549733257243454369746312886641960055909737225391123050411999774240992899636422720000
6187326326085146177051856667584898959864974013697399945673068185398152186433892947012616382885172423278146977887046108472013043251239841341879912199134127786187545645743046310465054265266746315175019155763821463813685407167732072955581693699346540124751290060800
-9780818727018128129203223268269655628149036103228402310382926051904790770877462845529438787871444653078557400122241761791331832538337877625335844573532650176069317001253577129109421022509823837943741165017342344406951728284502391475759101839161209143963946670400
15229238868206357205147281318981739910719856592595010669100557202863922770089311215660100064276886788076192498820590073574305038580367669466109370004277302786413012009851818367480786369861757178917265225829207260547425103905789363609391946035110107550286405952000
-23356263675389705094208391527101761497197558028602124244958212939372464672543545323486793897500650062051453797587297102778874310599488628672615550727248363218325738160467338223083854780055849086469675868709741839596815897192438720786771567771420759801418750480000
35281053163083199988849472474624557806321150185696017541309243156557543016126327048976694486898252657273695809670451001899958008680214177562470578576086599913289194934416249027042370073715855687257460798071003039868020227263772657858677395006440466339175280640000
-52490771843397895619774001310438838493292969085160837337440853108689093286120675298962041184030088338793833916499163351153183393534164105621817022576145040767686810703148340417113512947070352317845506086948240865658187366632995977680692159855759742574745305446400
76916106535253180600642610220623795444155345129845638020637721899278496105753045388016530444885759141516289710202742014195676360198461471123486428855460540891091698949712750086443354857515836585728530939798769523011919359865487113913551657348477984819913024307200
-111002720504015146299421833697383886270707509990266029628639273802576557006770662958012249977528196147641143284598856135047225897230654413879919897986052896901203171167078957671826223809772215671616381849955106775509754980732748376290507297072285055399649254400000
157768551252263076684492654300932918048092799093325885783993723428303626641166129579768461630269921046376882852167691922723922186576497696978277029291846181362525692012490513146145659451722339151598581695888253270587172113619631507494883383077663088251266048000000
-220833838091920293861247859325522593137589715376306539705580978506458239195811160291292218703737790275234925329964395464139613100482843645405678623211380597409802832571612846974514670365768794755146348617811696666795855768810737796274875331706264183616692609000000
304408267800623521714831024497229997817551816253238035887689145759894948425491081674420467951044700376631980824221933295200370579833970586686219793425836713276951720852887524212731491492440682927271758853241904991519644424112365953091277039956344489669279546201600
-413218310584631346054005392385199456470442479369679550908472698390061799263540080776344942917412918224078336723427427777353890152158130681469098538209600141781480414713236171905421577642050862820043324782125088080057786570150024837999794639582058745834445899772800
552358424053822257684020482204050894868599778357498252762048544802100889465594922546035041785235533530138675959356502654895999411606125508734722337166978939352760017959745143915958746880095934930710555434663511167582921053230874087240696593654295763804394294016000
-727053038740435287435155076462222654689595641622649621907571015660275341675964384718614337760748333752688113698810570447854315938349283201276803938147324829278481921916273497084669845630781862643003034695615011381230020257527750065778790866820467598459442897200000
942322628041225484189710727045333792146267931004524122381605743452596144677484168886077292746563619086262766001425542079665951177470377769767582808642042943429756474300743255274514980031520787935387011349737058667062832838116094591461887790775415070881398425600000
-1202556867607468642952045018376246483440499087980801871037047677405317828563937216584691719395609893400652420982802210212782016976178596084295647406968160247032125327477672522123388124516974231998677537792238168120127500606207550657372411774432088771647113918976000
1511010529400602641866695046796172752042101588256157190631584353266838135896157540105515458893889772169317357659244065709911895845632999948648911514821708893068157248865706925719700286213041140665417281420775185924519942666835401444416436435826215549959627706368000
-1869252305665486156894580293009125347330620805849365088774599512527356147418357049047371931302943862958791547631925648693788711074640927868251853693787222923694694753562037300257250363360124560627356006305780242174200363824153448372036051205400723885145321990720000
2276611513393172552337852032156852547762910491678977687372700174405658392442332113006543353124033380958118534683323028452049394467668554415237203968266337190124946436764757249037731290415580245513470116173408786541622208109433329152480681274311478628926830297600000
-2729680321586711183772317179253302657576856646033309995417486385971486055208861681189615581171965876982309813674559989534706678628567528727875815474625426173264539199593041998522064657930712430760023623660106783965540266436712439894218243986090501614890298588800000
3221937203844421580860384300813893715373287888004260366524100182583347162023258303787485777150084630605973434034631387194754552100037044682623035869587755177511556780195071971600946358760625786992510274054511554658393421954018355492344445739960584106202068324352000
-3743558285557024809002765894473023269228518728390184234036090475357586629129760029678963787286581203325272171011977538055410645828240758268934654557394290448188476262510120879384732147990454907958315092015397986149967924355616019803506286217503398435518788557056000
4281475266858645760656904717209617668380068064444541209465691967757506187671060270016853312241449491741271595823486924187355656821488477829342915287204849977596676371373002284029895372659417530795317016700834386054121302864654402111079845228015779442356584181760000
-4819720895262367539868080101914964879320934964502968897351526169127487148803847858866334500654544644461587869989489508523528237010490304159099833932784006405293624546652769766280034574493816800564285530151979108585923396602723818067456506090043538170713007385600000
5340076259508144410342449422979189742519622066025873069021610059203102303417270763675926154609072345699216980023018014660756202866194750960611864111938414897817316053790383448614884686027287296687951937680685804243376690257404194566852599874418785451026501836800000
-5823000864295955594951369892498262648227689971267692041530873371675132857210683322842382740361826822239967348928224626437976325448312953352171364114700345508975829930946531146250907851470275830167943980100454768727816780180161459315094530304034192628359783921312000
6248790445581830896887604942401675493513118929239729163832170167692837257007067201772008599047398326071739207727111869916602476068636038576025495128201014701596830769718761613669299505284677466688032444202082347502063743307951024193647008226267508447519991257856000
-6598873798015988180759748781893853235713387749792211087651126357847201696598628356901678024180150766271202638171628194709928968862522980085620803671258652998774947048583717164083358853635866367176445709167368738154243771000618658070761888254789871933899218962880000
6857133842169402272204748348947600036298217960122103208153789451430240920308419041465341725748006757411658010774290945272591263686165897103315763404434130095426353552153243665229807435504356725599869747404862838882019979823501852008026375777979416109740318643200000
-7011124502391461040646325689422992088981144549289720313590863095890101040411421531697120177228205041385377890517727303002862939975275071458783600942591353152695653382495034964282687248411997899715144973356896929442105654256181608392982222062834940151307148897600000
7053056925487813135833198341193135431920656934016001189768774297080014347758488592586404077996633622974005140208620499200747617950304205163968162587545793732151175907514871991391016856444982610185744507641530432110489093321204002352383815027775510638842663540736000
-6980447128664181243711708444858887904422366080854986437616848419839601086163975763034197558388729882688579712183801103156692066261774898537337979408022344900517720580157119244173147144276874602945581264395766114257279451158154394092328042723553418247937795747328000
6796350693219891587740751063361437517787351787486865780367499813772923741056895873137263927753127489906434049135664992501229470011792177762590371532667758643655077160112981414281252608140542402186030374290817866001448956691543395385669093703864561686431593164800000
-6509154487254775526402655784783192588860301070530596852116083125167372414265030752587645220868528466326393367331171084535719984570834713695131793625321837976464983092424154042147456830165820925480751157609271370915962389339154586777979285324956783398466002136000000
6131944570113013160209130805593727725845590634466397331307497994786791954523183758280337124570394197854744017017129412518545392151954225859345136402119286987780305679945645865288441453143098798656146088186357030248859393179486477710491993633329717339036503488000000
-5681516449770791665512808893138034862015876928821033648938974422081733364711728772132096680747951321657125940503119154392583121826040276244621080062565212642805915545919558502607813697761019333302060221132539988234899177594094119003790093748999849622180238087785472
5177132051053818319292699051400268334766233277721907584296894392515486246271819897312096732565806724872498626885336175860215105439426678602739749594954742423107601461249028023645805126284735129382147476623813203672784431791904179041119691781758755688165634008088576
-4639151854453538855180005031493012559679272245350925155650270461799158239545507546871769724216698659594191458221687690339593420493678746943324915764375466389313083603432475744607655277009839577624891379397803136101659707910026255170302911010975403005087323684024320
4087677742054704673282699054448685471822883573213019712519727757744575367688397344804133988123885772330647225291805616946883546311354361536713981613691454394807885066687366339044068140782623571342215529035543390400312573640042506391368154181740266673232280707072000
-3541331949232184393077529577938811722310689310521348359970629666495405031716281120855872357216943819717230847591835999566187644211986628578516252934683744505068465497432527850272647104482038242808457631663209540573573542663260211571280616307272749785587635091456000
3016272644002695892752109160239340998515266693947164284023273409445313529820446191426092035864716901364384671480603537100711057086300152821107945444590918964532285937867022260046140518794820546554457785037065700809331750663006590659958564453087181455209313062748160
-2525511608800658137862952971646322000297977131606487209430070217841990498685262204927428410095285194832883912325365568410145840995735905239145756383987998906567079563424333381279172801022768979661297028172895907600562456575487680805723668018100782897822580500674130
2078560024442516561556270701126346559920635238597535840128065785127565951165511263756529370206660255130517789429164291643711909590276973289526916638156332731169078185403969213861463965595205404084666027517125490729103773553627009168937282827354820789499242623153200
-1681390308817188033426437652517098289149188817112618191690639117243461760719111742037292289207043168041324595454199736848081061412902824751736326338283873203380190717100485582602766168311306937427721324614801124456291579337104836078081665672719793362937724881973500
1336670329729774503161328351298159204003338370611375843032727640380425586613628165641011958659429615916694116461912666278595531417648541887577627211401177534471143998472513754252922798164985261983952576721547299011718927011957584090456896393834336704264143237368000
-1044204488797332274222582676090303097695448165881895664123007602971152289992294227800831368710736961345335792843744763217549577198736713735814895198326697994347435553481286669354180474087199803256073248877044250199850071251101598494570092332278069334548596748848620
801505619562761996367499052676997818180878050786579182420455095259253547938478304535310265661793194974015618329351098473587180055600259652945336095038334503727759578109973684578784642460790406961928891784954562535044413992419377021536398289369734580597422627439360
-604421921750864966231041146521542917926303133543605724870270642825232502608171572668701356301828633789259345067578515419923669593528166204398276950056223203564295125005285061800314477841949994411518109131871291440279909246512281503406439855620656001465904992561600
447752306242888011532312861943411920290068854006482056157421210923461571421340649475115405700612979736032743588352052655335321169488979691962695874176016379456613254568821387711953531851284791071812342406527273394149728198922773268871112466596342487459887692736000
-325798649943979277560235625684920923922036584498833857235871525906242921709860657094116270220603564642926832610136846394484907921090085903330236970085633589465438877108422851168450118525800700321751884189368365697278397126836125470389415841920631263868131378583000
232821352065342200997976000560656057616283146407824539573157374953063649456570270069222227194742175692995944004373193299549029820035384421113914020744427711694319467551571268964578152340317299322845091579341574427229890799759973237536809464022000133085913921008320
-163382308130765395247788206736365187811935483472606024413844523977393710589449426476158788610160739014137707157684749942089829521937601654440177128046004143376647132714372890184552532621315151552903320314730159916264991914190767583857414216703662906440653568882160
112574716651702173050138965547142729247461332718573804082089004162908429970314576281178298146012645714969268408667184518725924421966572588563474035680395622363350687468333071944693015785871596519499657645072107268820384671198228390341794474946820995726758732812800
-76150626650185872099033772013643482686677278488136392728451412720746631628811172987038421912230234908411977968855746823377966112180412246816612636772276973052508815307542914630665378869967859168243078451295226270545199226583954198384329535604969064343180177012000
50564327597575085786741126818473239122309944262765542181791759074728571419702868115161787372187204804789578881546425883689618935034679559915487679435529691425311197439184394386122498637998586217931529876975622667557879692636998263207670782973529298980958266816000
-32952820848191971888097176872686489951465338024413280432301024442815908087498814283720457561937474802067875213763911485709329300199761196324072759428018931549041285036189456692596622603466047086799849834365361554362240141529371062918151320003969869208317507519360
21074441927504807064720635657961343936499012763043027128501988208632474653853355881289503829864507788612954113370779192287629233967162536852017937729812954303391444500752255578462686652409325847589430250411518109574838237052211980816434024563206612341556578657280
-13224223703563076719015672448378776387488736314936642171830460675088703446760678616847767291596288036418095733040095480130206357954767527754040505502629844338437335247451117339291336340804808505546324872612385491957880962845330628371039002897205706341327370298500
8140822814199492276408365226041115011042456253663582536242020364865618942121589380522690004406844250035049876314985852867660477169487503835491934581983620580545894096969733439690409254332201079237147756651186066779744509859836697522618973190621071085619017420000
-4915657741969545305642554488679762731040381338208364685324997458581345616484602421376140257469437242085871863751228803719559545147908479559038252842520425592438156229659663887547089918571070269128051830841656694087673262633544368490501437365475318550860020735000
2910979389307294108666395507055001575496362814549730962877285106579927035882928063985574417064611933217503279950215282588783532825175978162935128797347897384882649766467152231932679337696354524729000637255044672899469215124372244607981704079014170789840861733504
-1690313895810091633961361484766381599046033086221096535404208046095225695471139952928401506905311116913592503965000427887387917552195035734104042639323271700082890242597951384623479903700940580922309981985171064592026646090584403168253186259806682111781018129832
962255613509687374674924339618599854635544907481362935349813075283653616992002934274036906796960596212458399994672401440408505762878170715970031962955864247671944711864855745289963406191362908088030601377735564146277468769783611546993955034320216276018127069440
-536945206415367579742975417240982851963638969710855760402679582728735084011957540248535810848544662694248078512631945967051612378035830341677548113483666032825068781367060504316930695771473078661771125775255501834897467013831041974588715786644833690068859400000
293632963948168280655425515616630799223907499423847432700264185681026644778728543740441058005432216975228378439713218945355956831338616230322450483611113625021486464526830738913465986531520227289914997006732649915955799332546598768955851718321929067186331200000
-157337081409420934975175643948202082201494006929801107146752527758600106128949073902961586808038290853474093748391742534125744777139080729842038550586980513692954399085556537130303477400543791176301519250712141458155448650012118210268703760650330589074369737000
82588966075121628561582047977673533808937622360740065209642719450595321726329215880370712757178494184404886433598117356092803656524874534143346890803424074309413177813074142310467427353981573899461067741081253266265967194509976768014807733836133056267707816000
-42460765026675566919927091589547588523947672277788561517230554106151472873358608612103976045938870463374500551250679393690637763405003462205758483357200257508932621282726426089777435332321521161906666598688534779328052773345661689053435619409112972253725090000
21376444279183893645962121301184416952210292877179572730022049739165520686409108607174921826621074767861502356458782019423472819244712002848533282335430763060597126822903638451470566402367412918728874093310213915800011085433668535037702108586390578497299200000
-10535828573576638118775195993924619707166432413540462640554534607233769885028036283240238387394212274930548293695521246009488630522652205034191424973720233137620481831368879430684752854013486482818747914989101043875196398026738559727159441611718714875559600000
5082621198239790557661893257321542611334065714892822260480010883962425843951228977808377974412493860029284140845371554369169621402272748563370351445617157467091670792001947326709157966533265058082730911676613546361412073379867328092939557526790841781273344000
-2399325790107499545246695246038397046939242499011645385396775640158946025630700823024535414029899083296380611893764142853645002093084718571536742388009380669920420121907809576583460273873404123523747966802399614475685906271905926202414239507824035083626432000
1108066785510195373273735108588190018885366881501572077607999919285730151088296073860958942681073718614943953143036676348537142366921325917047161923052080766839135857390196266717270196531999816178943202626756198747770300411359873650764701172499681853381120000
-500503015518174547401867354398829801523199631262736278544363871721159820005341102517371079132263055409780999282695180837648823769973807333648870580718873046026574856495029214078927082285293367972898667612020411194121507341237433284214645175391837633064762500
221052851814925859419308712408424632350999006214243314171818997617966061713305906175222810634821417223883831629650744492273677413187028470967056644215919216985288649637679597334125096818044584688692497106981584609005569411328485518469724155959029544767100000
-95436480339454732813979548618757312437959844430831872702313626450781566406045471430632164463017013531296052825695468273126812760944207095747239710996858630790949412362598198568427445188660889720115765487008256308779824253934910590845626805930040472543979000
40265875102656306538395405262703100563094783030724261025593241055650308859781918060410552212830172759487315635814972549477152682691685633339915452043501672877021298814266582095780349331024388799379979798536046827506590155342833523337378568064483012754352000
-16597206094985643334723992751427337085874063492386049842189839286226661954365682002171242933945351163822735363350502090581893073667659171323551892499400289609482472635900251310707923358496577035492228725130762874750411791723633469901625185009221423851235000
6681492418580342620741781377643639060301315499270368700230414398909637120326130414973245533403433193417672123814993211924544544793233479259420067849121993370961971068931643761698631682018913468376002338297699040773616833299965901988376875606223629958400000
-2626108819663450181110423188748754567490589470321535423352860710515955179425697956729673637214989540006230911453176505029299734141567413934937733872902742847791325872608805746635517771914810348247696879066450663059397527392518644873098333969297924251200000
1007411856772704634831259611987226917335315586063937243013064084571843122205659300057034469460329914433415831634045899958611230388762844548163875985210975779726120343937631382311750937059511963986223643904100993226945441591173139217966271545315046287872000
-377055070068792264997506122807445355873094001253135203731366537223389010072249194516644578125143796612662132108008436784865071198624679981600826163977167740419086290617544123449475535050590940410429966610518442646220118084588896484372351428797437830056000
137640980582651554069535956131457566224689394963676649323198341423132856333553538340032824492167808850885064493168176313898301676651075235038903087894260236954217580495016617069381947744890297829199343886209954236056273195748307619367521636196731604800000
-48985892429560632025220529407850056084537952432626914349124854518694134548240615053789665083498081153238845809947527278059049417712684482719297915554458073836066468081899466042946449016680080434348061613482113459197316723927134614545634445655575226000000
16990353043655172513037193945018674724772125916163078266883630931596600978421326289279873098836797132018994540048242478697721550591547303052091025441691210987670708854302956824416768169362937037709474105556463285005653146782839007704958925413452608000000
-5740662730050112677210533674156365330062173077606700522418492588876900435031267901452351789583646266528506721870300061496877940354870688205678177696182089276934206506116651267485438925135083915330082200842961022597076739339103904281112177365529781740800
1888695209294972005632295314171509561246490161226703117760846205773033941870531601268106335955555986276991737017360782255151020916965436077249203880396416343824624756176257888778335376876928304854903259817518373545255167671659354519391527498721997926400
-604790837983637312228533667935385912199067422027826241767965368181236089122504225856706345572365385062272966970659418948310222861716323413842188931702308443943227994431468045719171140319401464226212114632808035825064439847493656514394429636859961728000
188402204210175768494766993464170583373017114552994047583176045158790011315923502701279847110519121358265604193062329204344589025532211979608607036855711547852349123078782974518492681688449736701953691669643606014626485199036244554582673677027251200000
-57067422334395021289322329986609755241093188275644502834961987449467719732152945497716053066187259394281607710530576755293651322192295813984415434369610601616936558629938233700832817244901028820743049806400768948747394392492875625610638679893350100000
16799078669229489524179550490226514781210382883528611294088675778728557238863491099268544984299617428143053432358713398193618358580100280248849580809217056862974369486936077308934220558284007237057002697108074785192138113883632422808080941791986016000
-4803299299535233489585833496463267122018727636173176023929216504591179278868087564619556098772412933099170933663760026163417321481748737698133728768904783025678294611834546518348668108493931028212729433227332289119025948598898830106377366126242488000
1333216370209145010425207739790120509628854576306276828252695559211294018347029365727462228181586248446925820164075611247175005888259259813718748682686809663251007300295936688134634401619128433172182219155927518417741501929433663970788357413473920000
-359008814481706540851238949579805072719567909341202580301432662127387688677210165579229450781103692829489796720476803521979734413640398801878957614049951012478358296994220175181304138444095081647235988239354955072326769552068044212069790332762600000
93729346439605582789661655566294664412326942994496265453379346692132678787879211650056364607318239805338461606477160463295428613684689742809969055655441175093060563122211963918680675350429951459476741077603296153611312317570534515961036577068800000
-23709330724249449656960303695744609752333565632187406003186249102383488955822640541115714539430791794255698888572875064539527306660365483433585200561166696413498535160643606981261275099829362019026223713376259377712147670424787966165419751841472000
5806666868580979967887797623523312577550661207961614059030364333880543898279863826241964475243603726412350940049361199003446230293015349009778292520682341008084627959650187262043579828214740619996621078384806113866123737523623384192951510857216000
-1375850297129975170111481469700908166925604051216660793387731687222168238554251511672737000960446662862640475347617891755161975075078063618821255721868201382226659515628406159589036496730902699706423253338115888152553254499325827543663981323160000
315141327027903140966036646082825988484220058480762978121862007995033686912772447630742564500529995351975137714997044891606883000589490018335891745334977789067625876866166177272177719346338704910860964232638084803798089507546995172756889841600000
-69720655670206207289262823654151114515865675439580539187920158833985859594996809202902628498621250239488758965650031849371383614871379627672124697158017267565947130229235291744472520103266726542867968404464020283026164615482601786110451114800000
14884982310079599851002707546379815670487260957541689515312679715184242375010455088478601986543638851835020105097810780519862841999851912649093369459263671414633650861941248881984438053591356362651701110407314746038057659001092831816213619712000
-3063722174121394966127810529169447519182870077515165284091306543284146506304978002658835789831671700466323187590883922568746404739053801080323826535173111666649629728463772715424472793977959735234541869514115726399216862937124068381655969856000
607323644463555092848630056434588806557163191434904242843483628478939967614317605040989649946231928602027663692647033382454083356406688468589105519814590496468873450735885047032565734120560040659893859434576772282263729460015637952040391680000
-115820541943353308468670450519570479158803964902714769226262625837747293179088198777891355160130955491180169834190677176344161598911267227529972112946722615050850683294188749772784207334707887189253323436531516291517899041141584370724051200000
21224452060805735953103512753303822636897989775118414879289172144753997338898367064102337742613791708017096992639495956058469605217099981908382582347171149315241237233026717561373020099818522619718713214732949910124957314877096975710361600000
-3732726144170415027142980089592270916678670877540112632432799815965573614025592699779482425846989988961717770902780104225165811722214390372930292241115285429865033606734161685183268740015935291587053772305914989564847229332242572612967793500
629166910957306006263713261672912348297038613766526685495024962914665837175459225063518898031953514894916724847774039947037391116074373618239859042941064987198259951686793801964878169627592551938392968987190841885873260925674139431313988000
-101489300043988879236532196881673730038076953196685687424330586250026871327876582107049820315424005021194034017582469986827286432008254877947047205867726089954967957370101716155458772684517239218872944777504405988785447021545271999428325000
15642323272602451649334679004469644863961864940742323359595470357239426151427267972293045180841549336625483489755735388896498249064907537093123858853751454787028388602509710586507845994565626112006028544530004584532296754559594875354000000
-2299649206162109780370580904930460573707547073907143312839476585345946347688776735791024293895058212468955634596481712551818105831987483043344959930745562811768491096084175082700575248000793588883068877912394840278605927194008418222625000
321874687468881713543182656553769743163951488195438643664083520357438776844789351592279319866930562017903338242597733854353409482793874076334313728910223911092879264989429059622677438735561963721157777903496760413528142273479010224883200
-42804160468946001519682717500418041515827904537864939882047615578415467585789904645015653841688900908944897054674938580334005196096257125981716059417819588011175266777970575667575936633385686639232967698352588683469393228490711463625600
5396104734182421050279372592146519649799026954057546499172365382609399723708703107808087738461655717836856346706863171477357779866804571802163421344557678893383858412283322204443356113103452345919819736215553268553595570145187839872000
-643265199433833562331136167964373089945275512025840588302029911808127151403220900483703201644954032023885360708985724403230159938204274179829211395225611910764128347500870085440084419156675493906358641777257498040599561153257306350000
72313180280216246953051661494170339875408693843649155850916935051240206375351224740031046993429482928526501687040384831427135615229622862133219798940376065725352812080363145200385687607269217855087923736344538910006517494413714800000
-7642354378742045786801391846982611952489243870032673413114811804451088477262784623810994672611385849627286574069309357437051458178858856935640281597840111482397479469539939743904856553462455723546436311125705218689302202416964588000
756694994574654418043112957677160435379407978223222142783193640571785651840953328274675023123997715398333391950638164214247170236893245589560388959331966022225498647197171131532934930239416577879279498207315104940093192758547584000
-69920693494546153721232267690719616729017911327873398935321048312741661199013913925075891915716329758782348644734810046107085833055937965685082754670453566703863983539911343941999403618889333046346183129277692188768772392997960000
6002804625058205804237852162213120789801066975456129623896476475911051723927643504465929813034831762425560326974500551352608979526305850294636869522339618492553680917854394884324273124041396807629392125375137566729600890812800000
-476378046412925310919338316110946595002589246062185051098600758733197146831469647038589377844287762135192061159464783437239120224339217009021659129775831353890223180875658484625863153637083491142950701763653168617171256466400000
34739834545274054306650610639803848817119094584744241106624625613477259520327445679338966079551357053369675460272308199156738337411380280702457191517802662510470808752830376816021956332064079229350933777979394359215233351936000
-2311865583711061242257175079159990753994966673887325356381721338524435327878933703487046947240551884406589885673769234519066885708720415682730662555566640124018275104166796175407215117655164286158177131820075023214144417633000
139238353710815970000960451720578122175290546270455013583380798946078046321548191248064182295568111802878204598161307787428061339341260760153543060871151621025852140218729458212939723029711661785539465713789089969839901880000
-7513781473225556309792384587876511004610012059778676856040952920963649343268308174121316514234247831525017780782049495023756154870617910667926481655672505721301586467984901700594984353473026109973835003374441893351624550000
358817211171690578990268154804311591382773785331361357680082401216909943316334484207218741832367905773612286535375498200419190382349188518596083669010282815138252421544375184107911296733059817540192014501430870865322400000
-14926920142946885764396189934722616288579231260021771358853946950277853956818793551492343680552398433090843304053812896590102824815893145206994518722062716764704635771685988411547970813056095696806084755513676972243386000
529908810124480735764462569555946027633534856437164043733276227507047420763047959516691417457024799681796692143464019376544271728313369367432971622919263635544076301936857785561441882304895580846531401267278906626368000
-15607672881218461532681624706065405297335313262422883371474441740721746559015596427405030036074778862759392671541957754114043775042231434208872706481967641534569122637499359386299778432170285523890262622394718317840000
366149964318973844488276859036120312290333658631073431183175880835298391851040350021146655726494824955723582635260847107538192582313141279709038494931794495791811052193373780535213970988193593196177824187281001600000
-6414183984867096907316437337596989989334282672578211388273421452234092468117957727097730338367223601720651254080717077253977430563270195653366995673282940016363780347458624991967774488393433263720901750441400050000
74582908087007453221810117834356094477955448173478215176395003485754958839531640363816498956523734213664199417330077167985757310645376608143330577709082873200146792698027615953651752925322509027428926886039888000
-431738074311672333545344078145016317561755534633803360597094268231716616624306080825661012536928629507077501722491091227689948012606886209389956984466524367066237824014610727520804777784494125730965337398724000
