388
-58410684
2198286092340
-36768777434489100
345920658103673452800
-2082705261484272977680128
8707327874874304370130019584
-26743047112840988493524842801920
62879589524067374195400286638014400
-116803107142712954611882880597722971200
175723266509783077436301080886438346792128
-218453065439678511216534855290749714376134464
228162090570330889492825293303671923903962662400
-203017008103630221937772801659998021047682753600000
155730618032472431672960536652945828920801054276800000
-104041203431214326473990021818374062477981749679263552000
61078688989337260535636767183749223053480160921082658996000
-31755634650840380905820423713474877196888102350163581063820000
14723245176695191418741802624191963125051020787165349220392100000
-6125155485793944412301662447393411628835283808528680448659686300000
2299138363147614974601552016253590988999612130369325493208899849568000
-782556838375388776717951841940391764675303355112986087317767560362144000
242624956955807520318793085540444603733834755099699777402694628322196960000
-68804126498535850965262277367390921038055237781250400958535415250953453600000
17913918824188236974927870160126530635824770658990555782898679087421853349800000
-4297018873925562078470738186457614954227542067880328211866219312171514931757865920
952641456505142215349486080662766032485463424007528148603500822302545265965514570560
-195775006593028643336876895986957878130054462095593730566575412473601946530347826321600
37397021667566287788431994825263790597904280922750149349043793076590086112735829681024000
-6656892193459781190001944020602217888083311018999364575505235380433728491480251974718592000
1106848861553439440440723234465553659604821104585712125041006048077360962643412029449765534720
-172284883722942905119089181666036329932016602796300288033307812372066477497491677004354087388160
25156284974857835130279506291704835987729611767678534244863461040890019253344683150088889791286800
-3452463334175737143614254924542466724101128674690904807682340284541981476132809568591859525947446000
446156221942772509005403386390614203269912984822426373192084299677471910689038197087197846766641058000
-54383347676957427160961492450987854871885826106693782545852110647788104679327750653765955331712715215920
6262813174452578772314182735590305064752481307694316093675413433611943709244064914794183102891558117704960
-682436198173092358188435507364268632603689845927903289462403067172433676279388885072624006116762733534432000
70464845670088691555329455781172058948206479243663698378701036922028989704471525460061107556793160367024800000
-6903933396642752847896029907217359461300837709617682658441265368331049396929296606597426976618006007478722400000
642687159893473862610641424062863992252494982388310078674297393137937388360148221108154477253370179236194268216000
-56913943297574181802384244087013755192553932518305177419209954095593559454763084258669363442812876259153829476168000
4800258777671817896008349112962532028088534058998551188452413248493429578049689158732895630964682386528858701510360000
-386032709002656009760390195431024175184761802002590356390985174680762850788587630858727915546940750386646103094149800000
29631998357162553873177720125316963133190641462810406860822068615164672381193404259635246938842856938769991781309614400000
-2173291241485148315402707069279975332137452286130932748919719905508959001176525040610749254375309762809471807095467961024000
152446726082777691001225427636620122211010287299547299648703301576032025815987362347718473690178864590871588555560547504192000
-10236842514028442188622351203475801642449167481475033360520780551960484630789717244838759526859520995512420592299263836140480000
658641290919954978316570027084745154286746782749070722814062720929957570168518960232160465391343486273767894358699162790566300000
-40638524265204035965327627456232986835277604596749514406432192281019035534141984308901685891074468174533443221149841763133220900000
2406515874527146520180385311652222521216735077968474044314338989620472838646606370010816474423291426572251627292762869592517821967840
-136880883516020621928122546774996061690260452764279106319875529850604234205265238830645990648060362753317425027517576784362116161241120
7483901560284204417845280072195050946852109961786620960921005300707592450039353886361946470935371312666585841741197689275183155798035200
-393604199718258077490342631351276558075185640870255054347335250302611666289271607832567519360497358802704898301757152233915693670994208000
19926955005489370186469239362526150794075276334154325501779289551328516828173041468143442300463478767258476929523938569954906044328372064000
-971770074530507901004216767444791814542542376706813865684951740602456685611655836145141310651924603063538267162460130215265383389513097027840
45678151513518210673223719788106464221328790390815694615078879521277721655817271522475443342021333510328459466161965202414489679426449810803520
-2070841282605006106836715237362001122647160412623945133372743477712096648597600802986463658683604899785728050805886938901090260797512750040721600
90602384058800475268795406847484936156720888683113033510642207208580970493637005405335232248826685240922548905353876238841398508970846180437992000
-3827709970364657941526819568288330125255916131113085908410104831575852704310755221466479534676586846189541169108893163261342312244981198458417816000
156238614968128971266588048511822328312668149991744804368170678991967249939511004239769546873198993757354427098204776939520745758479588118409374320640
-6164854115954205844739117722830231042690372423068515832235400054189090980346365002820662236109566208125785823660231111150565561541856642383558066616320
235271617796691466551308160754213031728063900745096584960700621214760574093863617563421214890029490825195832552277810615449523381423092985865756600576000
-8688570768090212070989668345313372417621810595039690587204508328181791672413217370712639096121459465281702987238629400594485736868755317309970590508800000
310650344688787933928782946736926944290986063970305812283917440343156012412492885133331193932811400334857138446074901967348937302967646169289690683308775000
-10758354505211541231840376800852168890346222460135189620726749338123134811877762475697961411847344682981292695926919190759888557924952194045987751737528201000
361051957853045176675913912709590648701086677916033769576400833847921219439574458401591731605863091027472271954124073153996002870967151364369801985997652123000
-11747258566323571681755537206682838537767256570066008513139056312688379083369803413197701127131729507689343435121316886724634929676789327806422684131184468885000
370709336072217902206264703546531098492862906294124559307363991597640198063434626741740603043049733945075474492409723207365642071461310275413753907530804000800000
-11351211749761844662326378340080643379875033200646158502311582605981680528099493843791466148587464684670224301181887561087877630351574080210175023293754085202400000
337395078384145735510176132033205147840514150096920226308299619809305281394800547221462101172423001333491866963537720805527112162229521497577700222978677548003744000
-9738543164080213638948057476537879116492428165354529595028073711786023875974541563650942294562797850233498734139184485293912200146971249050197999512808275990317152000
273069952610088706511861426464032814115227499636561423984043363183876626275397253412866699833651291572133753085353367434861704747948252461793360572758836998061825080000
-7441143398062306533330823239627420735924706579043585510197571211249135726136575746734741568088510472067442851245935307197118118779002717440293273704855416527218601800000
197127792269923791851211808934673241657984903946072838347943984746802341402333960998414077757389342067545617155687608317105831127653828746097236053655216501966864157400000
-5078677782749348620673024735822917601392624763548609717430345657870550846877304052254074619470774411215403252015127557281183989544616036987673840295050723599739730991333440
127290516837440737728115035484004871073131492688608921671218192555159955851927554196107665254768883303814317518650620881662472956785833525386351542907531709502617966785553920
-3104759334195731537620400717915224225036416059228061934134460940523605501016445142531642774636262786132755528412828392444192701407586998696870843038888969163386928194753395200
73720173145613967443235221517099489077705566061158091223712068946094682885738932493445285211037889889010168250249373696990150829280081826388882640597945510411386529752477888000
-1704541282716156440307830823679219287354614052126789943575600494332366772065499948021412432592276978794076960265299691170769065072521013906969224753437803395112051017925303104000
38390531039974633426833119726315216399444294989025626504181462133600730623845222579312261513059558254889598337575212294393646268095854535719714364509302926966411169051222639159840
-842491057876644969470463813070270355561833245755963539239682893214789513399345630641231115597447702516959158274514828804096992930840637649219880101378290402896628464182622962071520
18020086844708369944860515406865895677707147145244300448163473185923710264291179149140669102502220192740789134896002777900837228333358195525104574089861053799017416079527786199453600
-375769425994568280509353656666180903408480218195684421669462003269541384528487348043228744363471685554968509678253052556153980553959728781849164986337493059006800247772472655898172000
7641497080089089205460053498826100548225058042582534905967653617508496908053230243201077957940167972918271190010370465586369382330863600262184380039625028918759602317513684304069856000
-151580860902600439562260125591454381241670185966074231167941612291723220534986976501776510983256323004937537533715748755345726436854953678335778984484293359115253625542386674155707639040
2933815180703819324291294275035899373442753350550512985834032709077284420381600285597120604952836144606652058258023526613065176850042307888914290166435590288078735260835798760416608587520
-55418447015606892309492376664454711708016601967890024329451820132160753072276298167954593538529759251570363063739055848527281498234218386896224155971215288867493351026291231043805603488000
1021920743004734532773180706054252690070347463974005097397432840246972564400962729646683362254913432479887376743535275719227246635827270874067769818270860440376814375846382721210671510600000
-18400379008908503126841226087561631285936518918616908093184454484855948497987439387753935257528407837467362370066056259172244362699355239726318335411090131118275772847663002505646964127800000
323583158956168249308613778866250494678264382820181093385872399338372929363867014339410068373256361234592711782924607133522367407450241699700702341888558350248354837964507250483256315829672000
-5558979705661316707087467941414007260525772961375126541281773354314086227519842176182525607654216848003485443349136986431142682584964827306426882896279673539594457712032930198707824327844056000
93315198083690911831638403250957248532077247442365073131535250257673129868386008552931620786331655217903498557543169072794984917494305607714689452020724954691113014145278677059594480210312320000
-1530923809930086938877365155427746419292299806432465262111133580218814748835082978797344471207830988223426630572619722000721977670002832027595775210368917498658282014353603639885669877377993600000
24552303220639741957269540679646343321081170322536417764061172180358510686727245219490050964907120153821337818603983201140596425040828578651713684190918804990931171083071578157641297757297500800000
-384999157837309212415604224647409513623943062922441141889437454381402335055396456090527703324397865600957551994572531705508705315828589431824029792023782644156408687036587996597367181973959558528000
5903988821487764363310819646372514294861612977072782302620487907206470183236661278902137506014594352175795237444547174574233323011656129255732040196086930721933260299642676690875944997180529132774000
-88559832322316465449662294695587714422924194656091734539307318608097052748549919183532062590218915282636928561668207618613499845174841938835980602941303960828998904494640150363139174957707936991610000
1299627526812503398633423970678481098580480632531192114324237139173802437982155936039880143842716984582970503069712326298145217428044796216112360076899977117788328363127299332796838329710470287338350000
-18662736150002261589007651250403169600807324320409914472639129443805578668393283634941419353622642236624938017910470558124666088814948347499673695980321750789601336477055962656445813390311266161704050000
262293558946591785276549133733666306837586458928769101964259380855021124837066565518920684163554063050421528878920917412107307078640810055099413992785834014297373023383135321558752039712790659143053400320
-3608574153832127332719021181804130036320693697229707095085781226089229460151792275720212290713230847042967221591451653011212214227790138767063724927903372519217353418356961124744626753201860550545391957760
48606841783740323376320994657634638916761054856763855469561839775484872793701669503982175165374103316474570014785278225008773519981017882239168628546364727493571694352993515188553632563793611837123339961600
-641134735131275535080165744878509114602409106549274212002369313694266723950103037236284822487192491996500042889902715469563834717555258492896414557039829214988496092872669200481690316977515229750952453344000
8282588227664836165466105695301804878436151963749721439965519551023714941207470154119046382811615432848276441653136707390090190219541527246249095157734953453394284584403875928707990441071953404460159430552000
-104814369790074401539198693923157597717418003249922665358961389772270084796582769018824057349976759507987181937687435852912289637119293817675231519937598455407176162442761393714050804385298672747109023454982720
1299526542071527654825800253920188556676581274184783434124794703310377445073189069639937858785204913985286431236682210199137170235654555282369273102480150020101717411674635478419098385306798460577987169763860160
-15788072702370437518385421112676096365702600430843955958563046489383959360857300518959486109505465762143717019203975196755086443700617553236191286766484100536819668388233332332142937366079931162031192713626004800
187984185262792040685302407761355989649243582633368364499763022671951669756160999320395527339516382462836027059932105223366461359837257012469328352720277081837578493291996330100138129406822774329808988688990016000
-2193961037041876335118768434257461963869460727101317862690904807066815451847365764562242656971581528612425891777743077736525850647177305708276616225338926100399305329126175163763610254855505963883032051054744768000
25102540645638473333816758439036368936028398421720235552262778934674231274012950901574803504278812656794933071179988649103767344379984703427822136917423329342453010494673073915048699018447575839985329692249841707520
-281612570056171309116155653089759274689120470338887762254721052892417520443786390103755706904628708859683956975709079704980929603297997375367572374899521536539394730103497792042835510463994746800608085873861689013760
3098097470324588700416890953953027734940898031470544578376236072955486114576093896230730831699518640197415980759554607723801680903629116533858815986617823026342193299926873031083490150193819759126587679415889117020000
-33427862712347890061863666002104972682393470615228622389050507083674688655002062538428141619343815541796459139255042374433924080703070054855697264668828457001667764264815172046168678474661564516693994637914020134500000
353796218864114156835120308653242134696664904292356613755703227788957069492014750541375348065366508167360677261176713490199860684252530001946094749204987427182625241543305423561588903265062240392599690247445186323500000
-3673568467160778215685586817690325647970610812289007020364416751361194391347748471046587631076602157658510460554066171626522092196663377492418584867000353006676061666804170696261158911716830380980823959553037848072340000
37425843789100532404273612192592996613331977930668504340644854608397994702815111652707684688542600816668391945335599237212890946422130580683760327158690873437812718622090528567854470339583594178648870018371496173940320000
-374162747589842454685284914648061549530100653057318880965662325767573056107368113465651997081634716543586294081299103923498443310146882943931333156059802723670966440720739227639252212603091006013513851001843166694762400000
3671223396705276943342690680782689521459519622284609703930536264461780445661349587882603838070449222506805479559543491671097193696658083007749119202879219197639143574494929135311306900735011005570688187580566894128012000000
-35357140068699652945689300410789177671436598025989825948108066334022385602756291281985252400788226559787137329197741686644957882065625261976262137154599007967772001844526652091036082836165737304762881652905900340502836000000
334282116493961496572078063550450125340282236225719365547168373817996087882059202798236125198118910885809723926826204457402162909440450393506682805609425509775302181883419202936251143169926954140252622205084784441487368360000
-3102926198885243444343632611891047290767049842892148004641542483914153564062256118973340900402974820443562523791234318992850634921227069860579107528907708152106611052831249227282654129514553845264855687148257459186630545880000
28281575392419519326770841180404425924849367218943079703686620086522041957853108378119015489698170125058700079113064210868725956289550140908771951583688503622331554382362756663072081376642325628099322931908936234430146456200000
-253139634593462172624408319019397536956406706454701377359688258246836030915637429507765647599806841660706184890812055662290205920480496551732523882854463528192083246525722301112426855682333301931989544241155965376783546987000000
2225310752388728859865766367404651812911263117720413356851869308708918615166810618607288440086543390582357804326306187549456461619374854182139814528984919756677127228563269510715694148599741659439591747918091150367395842816000000
-19215148889698234178830677281527565948555181349102108780358230736748709800940218998520111939074326253694792486521657889151047446094363900889607784731911448873671765027233776583440047285435426876795537858391100154650795501881081856
162992294701302708515669541959483134993703021033061399926510595669971986109411527594652710670903336352517656498796839544985717905683786709813662204225059901544446287017354385546655598881016507095257085683661670170478289786301431808
-1358336492794073009184309100532204450999974677423209626828812804078323796447179024219433573366573994409055787605293396208026242934620013057201525524267556988411975179455495674453079070220834137343231519137540045629911297763389358080
11122706535232716974619562312463412423471472334173449922812104845895258821493746209062451672537815374140559354560922975785449264655067196762338663594710415378744542851303057842079167972462592032834957312469016877545709210689472429200
-89499655861262334057597695590757064704050271015132952647936378533736725075084255671659723953358036899437733264453534596875128470951713409534729527752088741689804129644734892988878482604209991044570596058622604828676347601643676863600
707756923545712625609087954410126458893970083996830078324308246909036147096719542306703677397785886591032924520392199861821282211353301000228366450112434780733265272321949706426371356754854440423703712405831917143409573897873819571536
-5501004704463480399837828717620528959073154927670251520140505034524093491533228990821925097741907517695457407569691323009691048610042383737163347253385402270179192460702675700266225201213958966670641120670536600684074307745475419609008
42027877999206755671855587631407530706601146922145539621275483826667087097847993759080272555750845314257305446262471815831615724917862839938658447335322816242324041573045235836744714117630981269696725550026505525887509862665156557527040
-315654572422670220181150663958994148455282682703468012119653705907165801141081757638227690112175846810201498957725179099570880611338270541017042683064860238106956896556443258923100174916494093311411525408376470780812093549911208912332800
2330809113854811714935308767709685684751003582885242637052831675140304034400409227096086710659009310362608395177481958479277340081093707646044088620082629162960859935432484897198485519705286190909636407376131627750407321207152337228134400
-16922377565769812417477372885299198909221840498424824169667689131571461702487119260363626747198323892338544869217516338217805122753922540577059410815951352988412511703511164286003094950994993881754303417701089758699925724818062557458958336
120813479282264932423391659534925855188415094838667883972549687199705253832721622193582189917498068411306237721152389566878499721529517930261653388809728820253778943848683078592027286012596612894565974140386759324005611597684662877775763968
-848217605222465846347297987917036313466535197525998210372568332396033876275075484285752734635745535984862244962696794457638355842322565147862399451776973482281513150709159394824678758288130356661592585771722798759701607346416775039634572800
5856995121127612833158458591214570217435905191906572393614405361797860466822748696890174574910761288700345789361196622095118871732063501204783949165546734557866991142525439005431908040059291215133345149599955263437343066900535912503252800000
-39779124826858275389759971622325425580590641633329338502523840111340026087566976463538086964624751751313362430378567586625318757067261985331782214241009220479632533445246916961326601559996913778968115033691575463694346528020755863900126400000
265757026598373980236567843067029618735962294797687596983391924466291243673998477859261798953868545577753925004259752758319680577827324153432902564366056702371683798951755729315507679320012034585367390559781104975407781212507645706251946496000
-1746622924723270428029307584058512704235050617431228534009402898573462741923226352423153988064449764640916508366359442415387778448802960407424342224624619833106549983523628532747456360494478772447455326830274056606896379285241512545445303808000
11293627104018051894785812478156560522622788112511583825835446831779809179327030937756933989478424931257820589208785166738655948926548798746279792662495434132138067191619256501666998625335753935315375198974961887542508923388702063364171727360000
-71849206225107753985630606599138233712680894884698249196638586511829149356181235749791595058985558777054436380904538425686607935625182941605812979922115678195535324529009104336855992281434539988011821434331638063467294165399442267756952460800000
449778248537267907473318758749080625085632793363855629423093250285856395622452442621959267525887220955434137622128487845366859708122769448493796841132812112037328771530749123059346192422282733736682027235133163278480059848677218455487774162400000
-2770740973712171324995803677261458905135128359747596540653965026576638977627796333695768959366724707297354295870652062651323201071883613612340930942529402708155185976689231660857239452858104037614331485634587975013814928491834704263320857157664000
16797584657106233626691579921427275820641882514236367318241255041022982820458100235073974060848334606615805073502187312455676235134048396504766082934940404070626682932801465052977075436946287698105874893300175212754985718668737810214882141526112000
-100226598998750161166989627339035855797790787263319266054765894706571256881658806692084911172913139085751715819890069930652626932158291915560276500681037576882144077187318103410875062310272090534281131906504608776739510557478537163221612703858080000
588620785938605767554855079478340599426032088821831189978318329759556541510983788023639653637853643717636081221268197401349248016473825420821492377995282774384542279463869650418871804948566550690737984315775788579244459373358246013368711569772800000
-3402790754007408676424159518286954080993434366724934931552061141224754074462600437201837037378633854135064527371795156032672696643317876491351416434802422283358196016991641031652144680983463664488148512276006127364802110236246897351190511643590400000
19364752858049983847291336949312655482076591557907891927806760745199218253799520461380978738404879698616453437457517287068779678622088630109271145154570727060014082257763452633638542823637627620254243915816396825435498729026222121086037238795195074560
-108491365481596381150148557340294133996180432234631281019859613081618513986014303859400480986801216935237998836065770396124166592966162355863717551663537931969096921619818285591811252836276543357490367989918599169843731158370101855791134379869944494080
598430558213930177189011952365265081218543727665400383187799043071392980539199397673216642008221393967569709646304613022942511712586899698375699653047146556879402341206269144555939493657162512356240153074585624922302852268987438560509962143811709068800
-3250094793392627326110685401510443679812019172828428284701646005420203621720326174684283727699398817637104320384592976063556590481427463503481335186900293797636072307627793912303787753688895553351727620194687659639325606528160878354070401860545159232000
17380798720543099110978495872101811056805480167460107205774176065754494220591395179746092790380306680860122564755319529776891350041258321016171815613264903936860675435647573212584955018757600153503664640498053908615971834405194294142774537323714853056000
-91529709607675020038372042424243456112215298451899492344114171973493979367117699344278706087247701184422137222488169472959105794625180500172530361688851712016136349446105944444663305890455476121587102878300656918384355484583174897009352411557089677160960
474678730693846520751268028035787233276235551734768701913459953009152208578451290222005544783832917122105074563436345037936506579883907814175489476003722751073822172538385068888562890771803284449098663710740027463652725879284736086528449587351954880634880
-2424426094393355013590039692870519442302392583295415867880848747782352927055220300316418031585891723846298769206207905332914783393828738458583441420807686954701563650116434267017957123360630228233164682861926072357359727557813779447989742415500602851942400
12195939309963047692943325774342246096952990731062262645748957929278476228953475617438542557545116274660238721235202241295763439296467432127419827496596271742165613009999271561132633213893123860820414231445308290603959084550162410794686422550014649340928000
-60428778362560865597134599757582088241866321662317637980873055539543917086642111319457464356068743321576103909579729375872442375562414459498318494193510493542141971538765822299836123344483777310151795730925740769982347486571219258074237781254004391455744000
294930206395773624655015055941849079425458816163149021870398556692686530330992654558527086972838010373867372143692566685117439069229309071388980700723202152544116659841388941462137679498171135634359608039249443545495094701646656991438576771132825183048690560
-1417965630633868154214032688424098523407235602280009280218922083666242562765298313685711244157863946870200745290050489487264789519098961629709846914325358661182263435030030247746459782882627268861571599578541854209723204621863019723160748155892368071720881280
6715939943902980169517004388474144431470788956081586401890413618339961536035916033803303903704560607985290071618399475814167555907026403390220011105419984818814027776795944208005065958402323179374079783097574778169051757906476655677064509822337347634312816000
-31337598499957543246485400995938200756204262893982260309923746785114107848622555997243577156150886423086165705479734841885709764897948675535493465196072212650550231232951077691573941518044639096800840871298198393748661661577607113085327735527278884149344400000
144067198814795891855347518677341115671592232983161753524741650895515660591406967725579038823756127470321171071949667375426986950107880645174475609182180880049644370593840528495231064872961910136869064993094870426466185199685751201620114658033796083703827200000
-652570170455163070255632714628871590211389626418752039776588269854328585802450536380190320980965358439395279905298844116447405094595178449302889169834246609617707773636797801046956829717861884156788107470467082685817575487237728280352283545053065169743701248000
2912552624616765702010442600768459106434837689577205540283170203688640009822608018882524575294199720704904437690263254470664590570985331946685430876018809770055982133257457103903437602458281224004755979154369486331954273988401572279865243454746203334897602304000
-12809320598528789027218288113494759643578651684000578921561627929772675262820179517230307712098320726561011646344409605116689926368252927316171304962461440436954228855631015851384995486733855051464855126507913132276017479151184870306818868942661822583881294080000
55514317446571764236442070650605123285237410501238336652686306985891214503548907261465817720516815166983522696316899904261391432588034937263112033128127954728183151701416732530520572843582948905016336418454079306264259426366671390870538692214653987332070574400000
-237099645848715504248937820950693769605515039570482686877372423411644130765253539948719752214621430079974477401520408985032642803871932556709015620498877220741849563880603525236178391414123415016302222097695597353595222772538975395559011284353493832034171243200000
997984405523223141828989352654885567816376175554041382785850902196748741965692097353704689909875752271571464672337322857277190354124476260495207478891537046364067416909762464492376617480263968728133823697303918494143158440924952353542573310515446494946876356672000
-4140026071036679209783587956810491571178478137657121228961802673956848693501054973677249068094034348271209376531190255961023734534604197661736949926882805592664425630908823782713271120351850490702397907593928293324272341861069029627638410802826688764971818429376000
16927310490555594822046471040285189982752457934390392910195364096870619860934546025419147082093509828518303345903622679862271191498976600499043451296502980140910252985219420117529653688404537430887035252249917737983504004580682457536477223185164828049316899581440000
-68217700384856262135759133433258651801586678932022360949688056418325029721227580903335575037813113968616898595548312657676094749662503346894053455782943197223291461920286022168326345004073416493248680442050313340468453189632096448787537180476416042472797548966400000
270987131387432056234095635478634943019990312518049455235073430087168538595342802882889514422238987672665383811910571631437064452120820204923174165018595998270934652603678138265962242731863576919343119943338191466226051268683874213990603832129000019689470723315200000
-1061110393758349869437927004439589346351484678754350126443584348167286987095997178086962536489811499190803597104996043737805757780698012674422273394118041257686602860590382976741744528527750147937655758383189308814313856068222090183429852112492328273016869866750545920
4095908043675696577639270921579055364299919940253749222578980286081681639756398198266462311564236225957063678288034832051974394573944343345019446835869897891886354946896659083259843420293324822075465641734283938413929466114578347076844671919759901438148279191232866560
-15585996279064067397723057962783589813112929096918213590275882881841989105415398231872587841077928490455212308312045469152418763737520345107615734767730533281663372753496288187009551321467928075065486816666751563025203527174485545238151155891160798300260049914865657600
58469622450749749112907545431651858514916132826022562408161578062610113150791384731737652783440303635131502807914711667196581689743771879165863092869980153574627840092178033515590053972657427439789286801824583094974614671126099984440305718634748531939430297086255904000
-216248733475272229928119685911396029761652460543745567025198073878889118276840031986052466146375777961798585476305891723036001372607165787484543993457484414938801002916368824496675140161724762769493769042059191988507748271666184777507866439105321471877229440267550432000
788533653324153158414437412725801621609897169706181366377314853097144320669721874659264893839426540478973212423230965176739671177941388728289319924785217244399064990387391308683184807384778097920959007706945715379328994191596596739317573227828984567082203549103996241920
-2834951902856406442340822373648029437382208062620285091298167801420620540320559554439491987152076438974234665573255174488322355555430865620222245007813474640488845632392115946113719244473652168963838552081657678169882083052068677810416096196495262332182875389155275765760
10049512511574666237762932107044789775915314295159819931778494844910314691596428658443580157329936464930401957239814714056841292999598244207417461925415354192917529711251124694863932909252995944926153930244784584310697807993415775525270438817548415138416653429374848460800
-35126330647148990906307743372155868112507602938873442686085930128429540631993190498794030138739756723175615906856176994055467692438352070103593747370166152618828912190584980177290981118952773756556808155059967736166763173420206145424184992558396181851573990479723876096000
121066318246530052306097529495809426344290145667865792773924710976671379881439668387384150189900305190037696979537853883575862892699859001543246313596702150779356926562351729883262346550341483462461626594920767816570984793834387248855662169531372095578227368888764758208000
-411462763246694789019516684687306257500116448617691195023232971690151592006696297652363388340073443371804086923677534722678182492796344753849784308290863330211950864596236402287543985051546267782909392078731593620327841643068578243963236461584212440776152792454995702264320
1379011575700305451417358092152959473483162850743555864277772476631104659208938094583079840191202324317086954290281038155425190879718770421996033962819661851411009331951798426767145045055980074485280905097258955286442726986660755874408872160011743094089298299791069536540160
-4557730071250616332968090637438253628866039820260415482681905515932395006665132554017542753012617136119057586493729617227065870797663556050278578891386153978576093212283139442752517617957187712220433544185298514605239445551297345082353095595909440021143602933980178491968000
14855435270712737708180286369196661895806014805737886589094486063699974670886805970541560806559910991424723686172409798114474544926744048692623706662734408621886768279057765499238626912309529890442336585846151790474297875948094560703006920910162049865203232740904158054400000
-47751900677166055873754514760792483661211445313379842440569865717427345024921914894753608143434636761802890395492136565294877261894222779402400041156046947207270356208007889138576099715912688631624546171624889757779186053301645019557161436680595085570735163993416705587200000
151382784517938839291300877764103462607304228461064894411871958785741137784824477235877615799646359267805262837166262522953100647097574287144827432411707391307170322600256367439756320107698386087469239946411049402750170877674611152858719763420333074045906235680403918399488000
-473319660932256731616009759063812210613112091525847565891871144841917474826633983359993105752448197065970551656908949923401209372272980891823153187225585377995936748081276336703514847192905923968504260190441148214848626430750230857940411512157381963896225513566347198388224000
1459607721755071214466905094682459095662396445438865866172632154558083185175014953026367628633309218816719083994070351217780205117187295675522353904183066020252226820797512314356976123830554075432388354450123419299695959544479336044126138799426301585712969736930944811001880000
-4439481780349560880641843075036892352628827761443161113265546993225537181250592475049593827646668848716480673873344262697479350821545133119232867609182003940091708171018125524311353592026165104462198679627016370628984771043297440927790568747644308254002816353340798205655400000
13318445341048682641925529225110677057886483284329483339796640979676611543751777425148781482940006546149442021620032788092438052464635399357698602827546011820275124513054376572934060776078495313386596038881049111886954313129892322783371706242932924762008449060022394616966200000
-39410339285455798085123435184226910502993536164877557814873852633589287423837113585807120149347182026724235814087165530134728132156957541100036531007301767363722202106097709338855163299502333048440404988793077318090945755662389329842529941216267449343758808146868108347308872000
115030261437931792161826336431096288548512578693653446550035801439480935554456681386645688465899646665257577919667995016736432632301523718462747192544427649181576506605386400269344849813791066223852710604523900810154663829938369189311307716802833104956710423778946981798392576000
-331183649714429869288094661061314226106523048270642579047856174439959863283702679655153598411123631635511233704916473580742747820614052221970034207502167625584360611341514840219929572881134396261748115627727538896200143344022357735775180183384383956874385817746930892608503040000
940566971717289604288757768660512344013373028120940331374051282066756738547277225609754148737233576836491703925757580055093805283827379206054066132621450449764378901815229627336163622196344854601138536730720951451457095192415297171237847199724959436751201840320969431257798400000
-2635017336512493638256802937514285522635176986915014347709183388963212869489421409581145792362690455164538751764736324942609329047338727084095256658958651984753149882681927742874068855264490472564180517676734792476932514631755014117538458167194923734034205847598023070428371200000
7282133911185927418686500598114479470354575121038333651329099213738735086120965007518454511773531341892719294377025307611395141755225306169605651302698130625063805015779775510206776688408945869978369278651424272489250697436318157015229282990859891231376931280421896557435846648320
-19852876794627647921496676700530261931716144836922976742118783562258991079196590401799587517394917516647849836404264707711242174657701069217070747046683997956397185115542481968780599608708361796911648906178159541713906575771104447120823715167007772082313540308891090629579873205760
53393164872131116628395385283702356249057193765413377798257898934474602515219925269421790367584507604081341070654936011769231355919422491321472007178293842165842248176150180650278967774229380050805909983432781788738459651630256887242407472366126676509976666834077744478239762905600
-141661813712889311474813983595661072107808204041385902632253327671158743624003749892796026349580240697231998494505021447906741495776409475809486808824255799296327554765691475197123224091712229557981610037579732506775691863694681665816899730426617005416736607738695192616378569664000
370793397830584556909086351526051741218745964288256526382307056818626961396469638319936696419816331667341578527716334493406034641770778820188768240859489996774086117971867575217998811847895755029119108472065674319926532183019374387113207752689122865389136034404089531461862861312000
-957480755245144688428724373141120973356742255766741463092958465173125026145948570632747420791958322336900434509202829337059594843315244420893871284469506126351625257256135571566496444090941093158952445741346696288497497821988804024155578634481164169641014951040984934317903529963520
2439233893110616033006233729181362668198008572590038789990893433710439257389626922282143891200325909868923371051015634696268231674076832025968390913880416823160088210751397501435356715472322077934490314926136031726762359660183938765279745852966577812507089365801178227901779498946560
-6130675024354075793474908200055703809927525338399594564355510475003985059734786608676409866340383646370596803783965291573073052116495237345951267461792608690289754716723184996547894734364669564824265081238073699195166102443546157094139938613158664088262292918153466574573085559500800
15201988179842484539663187678022741880755938385343669213758763955215133071568692385789692364575544507734782385122591449703200744985614114794601793021937663190973670627081714275833444598341386624314607015422072541828250265119813973119899514941282856032469923822566195777556412232416000
-37190770881218548690781511980873704026996219035117797742494512317624476670109319256029941969177363447037889471883782195683091989913181501094194991133520855785742527969181869294622132966565682993386869565464365239747082440454629715654674157303411319434029291212446862008127352404768000
89767220310213768635862749689163731325387427187620835893471334901070743643381323784327690316714632080646283604199485533725420493748723167856473733247539545878856635989832083791309712505512869853697776508532627972327402342216612368552066575963816655007614827070696004072406074815717120
-213773050896201666451339285063098454354384474578583677004863128416168178012673077684368606061162944163122142956538308994455880528485902752086586433820082326828103976046134790768536862356460793793908478218462182240068016857861051933941190777013358487317723025325495888227324392313442560
502279151269110359052630573661961480505139740910876563984370469044752572048288470173311783554174236908724152194073634518835461547884285569160366843436291689948553307904766685323012919741061316852899948822303454177447102620819844344610843406296961913954066204039968979103004980159744000
-1164389996136760387342908606865851103443498253219190253632572110511182784834991731148539020813998002311601814168522438460590263578627030235104180889118384326089159870371483526832151553566667195662319030998826639183429192138789198107616333956165729227007844850226007568541483144620800000
2663278961379451852856035259672988282459157023063231301587576719185635739931341467690347745484860309768007398692558048385664881852869773846333582403995382159777869641489915199332129682352197908359607691917745934168613874970606404999925664888646340402450382836306093125809749245190400000
-6010396927466588163073850562548977060851418096028842101683383791643620005492647064748283103542133967651460547846597361807337475608642984053557014230446604035172906070969961355957348541553248969219381607640180380887736740358219352367490436679690591334628912646849439238320113174884096000
13383232938971384411124318142191532255181158332481231744249043538800419991654237788549589228840560991756149978452660037796653713692359017647375066323144650205890836460496556613247964362244597241818053764886039510666692268568559072332687038875593624669322884024689097727850649809507008000
-29403095493666983249864434016445984613386708897764782223051770037728502415353674327643350966673750502285724819401982293322279299837393067822828845090380551446206895156420209909396422797171628355927854748376164657903600599816523579353524976255060384382017009636522555276917942110525760000
63738466832707108290569690942981763632503550851101082918499986307692751427273283587951730001404127951045269146006064638036806949525465740407116985548586070406283863711270306053068333401326091095608273633905236997248315246887851593826280259527740106031381877214766300072133793372324800000
-136329166262162867533444060924582436953214314900825720669470696928797262768999296309560941571986398482143342399131380262374215869209792373974339186600166903535952494549597418857861780307087725503237704263607950770182521694115979234158614454726426957257297535712816066393521839109134400000
287710875179387684738349383452077447110519069860122777108727579898658421658608762856276711072912782780166313347456109618180824498854649426595762435456352235429263049654423114706971770406759682516584960006239060402262882147185590555659039563297027998390276848922518270365700304420731904000
-599108518219718386211264047526189730011283981941075465291229111984465048994604676578528497496948235029816231575445398671154243238406552090110129337507778124933198336213504924859096864635832189983502389130331712292773323703757419305136899340840638777262675341740891375094752729479365632000
1230941655606863967773569463771243650291019722655492687594145359133733683572633502766451498590637494503676479371187425319395314307301506871287876323269978348566180982164181249314831355267924023166330896910506232991766633354485761684079263599819882367210829175892432851272109840659860480000
-2495473124535100060550029268436886496894953715930613832970776898410733401222124848305813666681717287868007485929865074374607142952615202703229247552342956166637164143998108400524336364723516668252199910958046328682759619972902774320425726634676776948065711021086199559633166835973452800000
4991741999428789119843856377839473531575907098224725948413802131291623286309435323157643217823473388646687168124376151642828637672753560764463351369849287000419301873501318238676390948951090580339939426479535911934614507681766295698989344126061040113270473608186776096166726901167560400000
-9852244322783707260556608107009231719536455532790447250164122373462275696686468504781996102354639753485201682011250186587650264644421985936284713195535227808294246397992656140055433229199881870557756198605604914263599940603543832097724765940383072929933283011484730484007569091116275903360
19186761655154080072696465956378617367821523982606316216605155537699617021654194714418818785907496808670726777866219624862957093814146881061758318038481831772954266205566871347384952471651144371145721935212277970318187776880595541763185978121975555998797944133964350610526761734575020196480
-36868117085235134359254799756852040572781311438952131812904567827152236204837860033149864000594438015690815112081036623179291207747244336748821049517364563119778506634015870023895691144414563836072767905743245613752554148689711959628206633618882758780899657249790994890281342800150315836800
69900769850738204879350435980981400408843606790995731599720571811405901822653498862481736609314169952802530344850472637360552120567259191866031906748835244326819206175911898844936121098674580864945598737881930741986990937497268596894352989563655830744949796447741621583297344305609709312000
-130765531257355315750632440667459017263377593047749933394240904185929962939451501666750172700435689915901425114335461130470094862493274889869249788291241280185235685503241452534939613816351183360228791841925803313841264887040570186707475283369183043106954670599584224217429480147465328896000
241369934481913089813889490293636451449248425246776833579343267454271177717576605458377199681688894256111129562649749841656369428228607435659603522266728989837564334126247795677157724980790074631874861070189095250977627006241766262965306551404546485087627256257576597154757734584482128066560
-439591730716361383920526645587722704994140096901435749287706691422732629900624936718979618010636453786316746393189607369833604133047370859236282099369343217319465802428574043351759134701525867636466607136001702437655942080313216969954786952739792002778637575099418422467547851804196447815680
789932227164210631926154450825738332844701809087151933544645347696319485062210981708154515717686493204008541006786913362260445001269725577908241762986825133381739231771917387652016637714246096867550725367755734612256293066436800411229692963529144666110839518869198681277148265207005804710400
-1400558612715118981304720968598269322108839224035878527203297867754227044791083240514992225135955965358578019757377633511104996105973906970133135826710693754050715794253088252656060370667810386155318666217342891471619103116835348294920040822348870302206687503707099395205877917579994911168000
2450082336086562513354091097598272734059491043756825413904403100234529552312957145197787918425797173090939282572132529015299243315783267602730528427368031509113338529109409334966372831936741567482023237629243204183714125380879252364559150965942610645550700975328651414785240594074668576064000
-4228870949632142185792641183014391285429001843365447562298846520801360296911159114949894913470865744533367885477466736681019621070477958979170144665790735996689439841669167739242366536303816559000796251472735771472837423579538785987096671994978428322738746333496636020025610650730707722984960
7201593504573208525532541491786645084752405322456297945793611656222483148546208340540929918717406530765241259727211380363425542575637271137179148974090055440498419816551228485558388057227527883296960694837798808759258904619220316958204272216671106893764805591774794118561281223077171899412480
-12100097687231329640854093953735416864703096945055335124967012053908683564671765780742941143316691437286931294606554754789978201153229850336863433289354430062793326749399529781989582739604549555558237917273180269840215405712028296977523690833882314321049930170089305398693601727428084851200000
20058597077025313418476792286133670708206002456406609141910924932243933809806489774941073606338488206363301471710251597252647289885747527480959614184562901329289834435573332507040848443769281888053783991807634124320249745716394624076503682107576253702891540904091974029682388288353526720000000
-32806398955321788055082322889085728866314129085360456677312097826456557628780163061646678446192478837959396953687555101803786134048706977466320443198900928395620598422201422293119468919701294126987424272450492862456376673973892875914273270662910249289845003166663477351149625550372919360000000
52936769869851185225548114906305277495671882182460803566251660076079484240439990895862654192758919324918371362214168773993942681302483008917182070706226525847266682287380017250203054154040227106574985444073586955002525583087317698940559285911346010590197117609763372203563381895032302378400000
-84273558521307314603912731333511903601561771357877331315685460746449567867698608464113024820940892159913351548086442853081075087227690405700821366775878914953527302290560054665131884716947392761062014757242059720397350648043295680121570449083534825109784543750134306986072570722962272943200000
132359161136361020375450669832259150557879443506207856949947897675336917773221057416315757513662715334827369636517160945741364772269704315216883227171049494526081573401504573254880656312151171131795712679651742590706719360136301083559559625481584816843077356979327804736338963443379377524000000
-205087324902561458437092229102991599862710286094607662646877726935341009867412837614621928122619691096547446779676838570180801873678074079506320697556523793826548011962449168147729947150337370704053391786901322432839019930154123992621075851131053918221432416752588485738138384396890652620000000
313500861071155489274437140321907073372506344344565542901220239400220280603559317482389015630599517053792495910454678255089599854200721678105872649207607454793175246450526973508274103571921248203347404591210621337809283892157123695250921645050640872572831923270283070916025565828947603360000000
-472766088184921678194631828484776449389519396646825962147031317788730355351163446217215681896980219645018624528420608429362023976716286973435493316678440969603055895601087065639241375780537100643378654163961586553555328090531789750444284487935676154009498923157063778363143993223998469113600000
703321194181904435926140429883459815348662374269952536852616423390240869052061318263657436212263454527756902786777885776961535702554925699723223483275938323937866286092515472691017624740071949512890697948858710328565653336876131397531199085859492577056764641648227540459996156751439853548800000
-1032173337066282248039584051363168951584888880005576232803340678723552528488850991341221271472487803457567150600963103854189563820555250414278529636203037876932532215333694583543252028899053287213962999571392165570131058885036706464258648890367481320572004494254520690965033944085957273312000000
1494288402906831610390292727844962334955750941007032189269144348880481222955373508536393438018833149386410299972518125116692227539383446554490118997260641463353158631199794577892351077217281879122191491314983715243959246278675668957752180300440955657904059576099481697507912044442859580120000000
-2133978130329826797612743165458242609377059330810561944717953711761494958535146797089367658303923219724212951250248743604252833067525177146726965796913742957205185798331049681623239003081398516525801216359455542633923380965674420679122131906613498763210257044992442185488025292351802645160000000
3006143528108148329104261748153688196799900987550161853771960265573264994068295433646980577723369855318377681278030406110285382953554987147302863625975577358786774054852143010701383276596778415823962276690430460730578402459869419108362063705374062161729341940309033276465723181437153793447472640
-4177184852322528676922181968835706192162882051921458693747063023270747089343356250658840664682099764196389539088627416106295348961176239104717934483718988090986977366770704521925543978398942443079905550519997362323407963152082483722533612846773250009115280415873933749014123656331689251595563520
5725342805904398085778954374015178051238618886987335674977078066664868774509412447363087230000156895245240386153220746691420180989871186880742142502250263344663430807566800856456275949229087147985559635885307546243219783206683978697551739452367467888532911429164575357681237765292111244313395200
-7740201217155979445904198108944108370134416806784188045964496406737246627851895922957158422222868298677480929490680331124405089314916701662657146673627560788802355683306927340115356266564687096360361872413802567047712414500935776165736689739108857094067951233775821034181848021677464833486848000
10321068111933390163250145001491781183984183908705284413451449204519682759328583645299746183070694308367324840384156604965749907365361367887579344876291645476146832641879973110785601539153495280638744050468327348843397042511725819207421351988282856316084036653531935208763655862249193141161984000
-13573970378537971447458502889389859824269795058647708077723252357113706265206015298152848809381356502226301469047484639754955268404126702351063406297202387227598630998860952256228740607871861021221757054240690296743382878563018536452125591706050927939949107736615110605432665677565378673418403840
17607056792278379467858160608234454405846050084617986576402255804039336276132704902120626397520299584064536060803048313236835288337677043357226532631112373862361212523669003744468578820708788477966600397749215709618553035597001338908726383968322407261950588233553731114908142759986537327117182520
-22524311702880613985626963021283747294008418021465832575407782164185736629651211989654382768224768177497509038101312165618652783359203345674709017164012173227455535317528084776285372487937577895892260300804251107272171247751951250300425983942276216166762781462158738369304054906282645785019702600
28417638615586712975676827632465132770729327345752968867296820295479811341838062359401103672788835279524079217290850845331627617728890946604201419106930808059036654287092250458392608339898410427513851632437068204866248142933250195304215103231061183728212523093445268437205614611946646731355607000
-35357573258787344033167589402191937753512646625103681229725175717738726226857533410394810987343279899448699687135646220299542878885324086946027385443296403348658730143611164115156635558100520706483036907590748849640757722061952878619515289887957239419624063668523463269398074154483430123867161000
43383114739302625199512611470050415458984511267346149939620191933907114026042474130056023706127233845856108681209749113853924327607460370823244015653975989339514049009344443733247810351051621146132085995017856103322529711519328691778359115450691202165995537528432102624511151814637183849024227840
-52491397163246873604606919675224459320560185143912621900343727775112315723029592126093387383187636635941898178701885633082045255565680276924358736692762334218974566748832182231991372301709131834935554733009743744280807187395335194175770957161408683902582906735161832542389023443840234353402385920
62628131048160348292892411884518431594223517908141188357877619380888331940389889795569145543427938938343357916725197152692434975100944214790877287674629030542130659878931235429172154762396974204318249703302517520199844249281480572271365908040314830307405455125134812732673810093387844437148992000
-73679887869479800811550261202311546660786461706472396631761212062047853975758320665535705570363147235144222852340107827210844397039704715676208117574678502802785676352817436757057122320548999925926319154624793812347472506256856128736607450834631400139731945102688276339419845542792809511096000000
85469346511588942493288216220220441982771806933609967901811158069221259444331220000677667641654036496598658878070377605807253613003128541853048580832151164982202943666388087220709283536669902806635833491349651775434292601954980261365031553964047856957315316483903549206402313941168977607798000000
-97754538162539156598339853878132939545948718563198561935287581416330115162822915759835237982342620966469315520508859507594628735390505964444215150784728364830267828157217867959845481586070344229635934641391423011051718725474148232290181123287125095378492116834042707991584584598657901210120720000
110232900261641051312515408745950463289221498625141145057560143960175069656443479035639860480173455843640874932872984374356383028143729010841130624269488195673545840253944531188593918321971007764630447639314529639971091266721286380772923447691123538781999109869899366629438504663317833424064560000
-122550582982456781856575470551702281810479174536542263905187745789163477473683568726867218538009331634442305864927946479675898622445696289107910163229646747017167803859310325847634431631918139129259579004529072460209974026062864566877892070961298321847232244143400444699969822652741024394005200000
134316967759787784970895815351832307085666638164354630967592717594716932316890879513518983115840033780676352162050678699043310586418539929251708176228527956187227800175497171568358521637121239589208538360945207508182907598179838197602857872383512529179858017639904252155012592437399385167856000000
-145123802744067776735804473841603975413256792631441496288598850758112158750314114412535131589471142757488415597982452049132863719102288626313709046890935741609237449746699124731954703461188345583989872371495407175305264780040274316319346568407846216454565848912268129879843417234880614289168000000
154567798906178305306924589395850467311205904075111708337887094214854052867069809320258954144484189413750761875030857433509904946584061702352560016965703905644823491743932878473084924493011082366574892323901089090801124534724925363735244786796417169141266265746833287741983021780316466609988480000
-162275037091856944677765915717218700468347501013103553164800433344424667940383212483761470314976163946139417938896586384933677388604061892355624719000376741015683687367171698763773191176381496489835703801006871804142632929847032588337285423623917879553642418919650971320789707769879774581363840000
167925184360842448158112004045608019407664963743014814423349929401615924760971814821539497287448301142360967741699862857246463301139800206514200752685294702802778210218840090524363044934901699979209308539753002072409709898208921049998683121116013636173049086187398334292815473978995398220550600000
-171273368610734595885345086979925848934960246600991172810462301700865898116240289064113632093619699866314709212324264046124192030433011481412295485185265827175370468539563518646559820482316316117479042904766258134876680190427231461788698324835081331477603701734024129953016520475430170748771000000
172167651210971795011391430339936117633112844191001143236986107208175017302951970471129623139768920953580884368315940633929624968734595749363619741008599838101002431133035585609496730408645209451141621955577014877229384898118737065883497857886061030475142471128767289670390681006443658773353000000
-170560373700162590551516490177027094174613965936470937522932392276750599951336974224483441137300466630364644971766769670788410883076061870367907800021465008538036378685036602159046420436169129875967989094742140530077993880094646773407282988627647026012128248522262698509963628830700859129134987200
166512206880562008167075960164423846612813634461818298174036916467619573319431685821339851797137695630736162534923744051632962357600826627487930152173864599807770024811604731534393564836654928725792735415324820244444972811316933039864955121012666115711903402464078349648038426130035201267006809600
-160188436587062057798911910744789404758628920327374495688938145799597789682829828212308268847576783262948687426076140275140913037134655964602973636861080105759367962328045501156163393090196451978970021304620177590529078550057467350514559843834142883802397394112864019852597537108375560498952256000
151847793390199347269140916375488740135308145323526933830697279660454092336888789592072146573333097948393209989575307134165199641587972878821151190886117806375592579578601177665500364600535583975717402835987710396487763244361188060901307568957213752747834391241504297065386051039795993506459840000
-141824875359356420710272890163887384207002840269991118694430754013360489654151740981133609181806968309014934878432876691913162851740989866637558035366881500455090598953032995719670520773791942058639821410115678228129775454513578391743525445278147910047735817196992419284756902772912579693222720000
130507829182722061425024584030401676610076695260691827386364953029845397520524530629373764040972983694969049258541600204864581897653086389524234526830462997051429287893719546469386607789597523824981011171063590434823909698857494891504399231175340597225559346885967105827544668286339351395253315200
-118313369085837227529888613348972824771458315837516027909957604801552957671656988589841341312103052036283348147492855554828603563527575423580163373489507892730999641788935376893885608660006326515160848047241612873393193196303441658775337320515500132612267001787441690663151808993566821480558985600
105661378608673606699520765052613676566432392620848904760389179279290416149100640431197274533292575268055472378589389385643672665883612577117136999965102994589753968108372195400178008236930351957984047939176844050455014596869755377071380419785358123561732338249385202843129639790794171087335888000
-92951247111015232553967904478541330051417725556592161032017126273550753159421214168987051620611174949254558134494317935865411700418658294157598263588524410141481549564551474321311810240269299744031840796547647586744847025464902984074768163867415083164252917271540841642581362877054318620013360000
80541766986890405831329459782239343317713276181550200235637930482616482801101341696118913207464711798917657197276568288803832237141182191803290858035047534913309146696679396912416184711266871906750859075445372874211761913753361681102675528619890712807271720420966156773417058727826475646145280000
-68735915614210600699562041522253604671475119626086529149082003116337235719169515605211042716260342963240050221705317786538539204018339284131884505855727424717213625606243387067673468858113983301989077257627550658879472134188602996274008802319510056276851565255290280349356689368472803512651827200
57771244640884033166578943109343865396285533816497098952773846523570251371967649503973895601954448359783204223211369592510043195240021383753469558518381693413602160657954183262365098990875105433580432824433699113607584115130300733383607476427474171706697043965116829593838007735143140201083033600
-47815981781887226518854416667429712918595178622293456532255545007762652057010459091811486513897759071109518725703057242037322230881623642843700750913458606374635206240891918609085221669595482680794303776976379913197890554079911768971669435169093368331581917618543867930409573715152345945790720000
38970394102714801705663562966799872122118948626386931683792376091396065767914581339294662523383108039243386692919640595603334572815366491322267683759522108783339843049338031659603599836813447979621129139221683088977833254434341671278029198223267646836599846052922037423993142157893260343550500000
-31272526956648677035939332392138837289313804836943179825945767205536793332969420685858001775657691480157200061296596923397975276562832202055678775022023805952823676688447012079855510253262625255183090938782520152686884953627864630860111240915674710479154122699740109843851155599771075394281500000
24707155542301601628727146271858179605840266927299080146910113629068807327179788205126623899902492897830737227976112794033948505064694682917806427200515454967056080545626317130010933689272079339540847732894955636446223351472649673399158517139133061392115535418091936485907802409883345225893460000
-19216676532901245711232224878111917471209096499010395669818977267053516810028724159542929699924161142757240066203643284248626615050318086713849443378178687196599173757709357767786281758322728375198437125584965495013729273367616412643789957774881269971645416436293728377928290763242601842361580000
14712711625865468662380836461380488512391276734089400325175722884139303543801312548495994215742273871730069331978019253093337697392624844021862587536680248407229241683515515048333276332136748315032768525499466920558456640146345461359854199234662334675232369874287560852307642393325167107681600000
-11087361281265553414864799996144517749876569887965075353670321051956251590190053644479823245319647382399059225294621435064747199534250419736914816721051248945307409413214321029387894003512992955550384509513075428083371411830863721449006597857709230646998312956668496422090448632321537653688000000
8223293037847333267621738606053412280867776648360232435248009417358639651810633983991768575720208644440266657586972915904609346426740315476122623332328583777428009193650142215650875894039647281160905758432415192090897015938416995865760967368480995861883565262461288914657949013384112359464000000
-6002129853157423290158749951369223725003623153429400793502077680910122746835503131619340972837367801047989633131478685956275565362598311964697878901995740453415107336644221584555334512077039421454289834758616266434032606209621478430304750201419642357379858453390159271130804520323417787541440000
4310879604176067531080051782091884023089709616953585339818055427140159379712204860602422944881184726355321991801699355709647881404510438450905178546667137911483129502377962653772120276844228642180372885337041230073968268849971014365666286074175210626657228505694575678114947804680789291161520000
-3046386197851865110701572717485716770162875091802443539293705688203945571703117482180412818070363000570905421883922608103038246520764980680397400545369475243028499104748158374121519544004409894798870226478981340641667086564442893361038079361898578993216999840180382669515528703474441388798800000
2117966351238391873504741898760958440946983335974537905004204643819102738581037716204435468984102198721315489697686836451979430433224065438580869213899277076534610318534652696030163243174094262700804555907530155975142177429943518716617393583663103768312436040411882640600521847580199217878000000
-1448516421670551720022152256864478942683207146581035683333207509278770916936727654969047302380230207004590474229434416183078246495885046398934576641709192271792884628876234827276789646395383110975439793311642110566862989839029055210681505753693058843927106820045678910685984578769769026954000000
974433091484687592633568735995589034509023260917802493463619060464154515500191546027177776392318418365399174130520858815425437287187380546412166757729348187815871188563141793140510581681800834121078076069556221579557253964601945763061123159462139496074697281253839821873025003744854399643366400
-644699758312453818006799160514603519779852113433580588135779045942128829953620620561661763670210515911271649263317312612146079925231213254749776624524788009207920074348411259326294696501718385003695137071747647268169230741384029258784924068692829304458069768878918780615387664589549864546995200
419460590086630077195336412711466304808302535098774967106455074187600596130080343231974574099713740780830442385040670698705631142967635131538657788027947463558593671459965836239883418385289778585580341145536439069483379590738655061360218786854003014413204027074196750599941932554974441496192000
-268350790867324745766407260732694762092122225479272704124842213534715779647967726036990127435727287790544238947002622765616391042078707419217321451925426638696794424219859636762730806117700826119705707906447981665698420636996753096417480317244168513452488737816586022573904403801549127223680000
168787815654603670597187946371516632735574800063399884710102451830267040765420143471673326345913648985984629517739011168193273659257608042592889341212789989332661728391750356710353361950416741913589133799190705919577971290548684902923252422532559593035472919752018182134867503291382960388440000
-104364486628725058092767035607022469210615715397438301194736715149961084845860803357669207826827274130877182534058910866791818410178321494242412276454914994855419187910401384225991024198076007289736451351740394665823223119173015930462161312460632036891237483162766286677940810769331432395406400
63428320358275509482925226006284278245949411891125409504785306781088314498785153119294280821575959206287738729209112943818497181494595236814336343163914547046351778649292173667528484824897575962710089853526874061714169563692361811383876671040087658116606248577755391540307741245473035528619200
-37885784406933970719490664070958561298854334182971754905324076067028474198231389137822911000123275828050889152784931544867980549737803465887840342480159677301344028892210027868874110634782427811655980522915843937911268826067772689066784127112242408022094120507217474633806451987967029200136000
22236891505503494367317846342880046098838435310632772317511854395894601148565564884402720573524877699716156898581811734886249335990480023830272287372399338338451209402073013490248255187897259029273538913770810744464701554177070156510779012034171627579168078826971970269125729957518175344320000
-12823807427315789637180408386778563047520876022552888450258745075995689436049744967374315339596363054214668335130657403651423290368175883706352917958404549249904577280363070577534165702194015290255536423047120914343794699234947413914318290965088261846772990693955421486252448850041613399360000
7265133939362964110370969346615734511542420126658371059166359177081262389763707752380095986982147659975685773546862764665953065773204659859611636475831189171298697247160114615226536082104588641651117846164177430390567727420889458929772580991709316628363253957770124530671470605532420394534400
-4042879044037311621183576298248556969166444499923837693132938555102250655020647453565967125105614432262604143770357984125635506861086986358948698938582749297120685083217696766321045600718719558933304203162648461408706762677955494132371973270714431704473644997147066434531596679124197050227200
2209495861509543251222122155107898080617756075319980330320023125528432516098562258893300573796214330584016893168382691850384296566915553853304474682903951580033904980555365178832589845889175301356547744167620995099268570990171271858996846010046923967352871402944443769693878855701504798160000
-1185724514069391709959304191170653386157647068561973337143129110480430947890474647708104376561320095442994091583334728577753722014163513395436135476055438499119951763850792845462579092852059237808087228098813643268217957923509014259477581469426216737780085680264207363468604158851336798000000
624731399416576337264857946802437239889219135843821158240813735153935523560939358585952839401268371111126790839091570450699321992695101158932577038724977880971674857281441303258652062106766737856044011169592794236047978398823950999547054669294424795064707401095024586367266915939888474000000
-323110009439750879839710203798984900114636803551212476893528043077498786934984600083371264955743930834486427604649436169911196828854823848579097213911082286455886943822890261949415622829500249131109323348070875358022133569657307546946387488773198146212403316873727052131839464440606062960000
164014182006910877636949515403810953943786155047306701938583054072987687391448680189732441496522476026863163379511202337170112410481025789504659505475133581716431635640268602764901248697942122936605405602738108177249498341399511345734041910660710098894551146908503012522619359613497838080000
-81697796578291394880210848884333183728131596402521041761145745023071168907830346474709245381170402108933670779502564788056901518640127236748855412498460641789807695588309615096151140956477753421685792250346366316832923399364632351906352614098277861260105659908100571125393944068043609600000
39926279685328514842965271862898480477871360846214448437916050779638633434446577694514960906782181007708377931282551637848305773616501404613429398418515139010050001146851995352752950694880845042716979678534447048948647941107947973094536867496705944221692394611153932053884030653877568000000
-19140178475932635681492662781299088778136993505968685824106079000630019897923638718875830012633082773351655355408817882579317229138213932854992839526443569012954562218795814597865068088446185313812388043139767989591905469787728363238085239011918181591835969441297965501367170796160704000000
8998874536575203244626784735770149708345970853040589944489873705139957792633160766421464454377022822658614213191427032606432116012013394368855227208604484243746918393180719707027498418458526813947105565907431543856569306029886663278656013154197157564036630007635246592752158894632430990000
-4148577140273598661984124332093918164570982943022555527732674087162036616720072940745128890211388817507129695647677704310937828698466360698204887938687889432659910758157080465474202088217655100813553398135700552477349906778250465016119763908190211428115333073754108742107566929394361170000
1874950086736823746195903574340505817597664641700136491932729328772163842632446838502726937572872188460939947706976748813804894224857583256026783773840848142572078798341506795765220379748845704487896996997019095415769227958304239715437021495484291766535670960187854786227003070014850550000
-830553520675385649536022426057438261272283558897064171751584755237810694890764127341424967362193524233169489626833674687095564863094568242552672910773177131085015879241176821078412137086456347064652778385848972909160203491771515479386574666811783339152546592271388673767417945928134250000
360526814034979169315438480324887085521027827425520311103263737679817841647446461616884363214072116600528380804332008155593380388674490223257127335754002205354385798518346530472689798265847839725671561170994951203366599534303501918197373060673671536336907894343684643025393432404104000000
-153320747546861342546557927552318134859351943007119023474059207884873255658808498076864650520358867745127899051832326384294428910569178000837745825275588402956815675111437707004049733001691068522011274378602813851872419261362168072553920004851130430681349734494901495669184829255952166400
63863928378979806464780630969231239357463508346561264360247403126270929292635539471438935876728954395548588912139273442545313890371075047433901654120401101114948965954995713177530896726625580764541336653543503364773686023768117507582303914098666132573694813943132028024045636093779315200
-26049296601008185421741596944916912199457312015779344659280368163475825838624686044448271173054394467000081412927778350088506067844405523233450426399398610527812839829486276222895660304798274603199042337853153955003827922515374174388633441006773872122639314967218466480269622069131712000
10401897884251483916920908357689159615636954604754244558323585443029832298736954495738192757235432650787510201325265447648369838215679480946135394836761640283637340116325201019999233777272957660557618780061826051336299519921739984865181556975488971839572659233637950996359895189711280000
-4065293984696099667755334727647790756000869269915455396298654252977069647670193235772145196453566646892250108985160006207158001737215002471007895416519873882527973678559002399728638745761568425223057318880603721784531541571579776422536519477223140729755288694307944688232856738300240000
1554592311282684798567522124868361783681360880407339068167687398631561877020913931225851373380278507283570831391900856735453515375065028125827849373053752322901698217354555518221298732125755330578411377295352262534389637439916145173003772425247754568869873667454178591338559100181590400
-581519488625498773283310295118519098772493980172999306602863543214440361131681124153933122509323153896026719206052087983763304648700632959545848895645913522599102765051813590632282344435609666880505229741380799513028272023804851887306738760178610322067104467039134374538642104423491200
212720149707687169208004346595829311787877025698353643872726974727883540434291832322240015782188176486861276295434934202218540820834024540289670375530222394679886626205627848511155684130895102415281344019201569861058389534038064560315427736340557121731616091876704692094263042988416000
-76070823405913433207472448703276351657497709006918754319842258319889455184209818924676278312931599514708257009220682987392583901470598915538844057946694163181477911805356458555040433714891876437500398570475324449136257311115434805429828809751957296596301131071348146028893767368320000
26586192252767694556034062085798508358335909128704403110742676031552315238283663991495560425836146884788317296026175089752788385658644183361078311621299724211332970216458438866075481638604866421754684100054608892600347807789527880114903417428101680588194167039063085063775235775360000
-9077801745901584207553301181249392219051670322145903522392948120766791424511398712320056849700292381182477437883065299748158593451134653260977142553054881996471981160387355035946949261837379161641503586812141306799311451518707229566700682133458928923671305740876438908966836798182400
3027220451829142239281876088361652478943959788550072418961253816349810122147862977620336418274488091400562558296322654522026242969177981735130274436981028534254332719726678911505551532469296083807037689876554491907423447480657328680618864095809078763803653969427758043197132509371200
-985581243177121699561036624141905805360203164434299216257009922245808532842740832423565753556861442643113883128375966601378195931859538031121537543760828483600753306905000068266144528111123833957904169123489705274123942014082229551778060033482206300061109154078941908859054623480000
313159545598276650800616482759279968616079399084109988709511748341469571637823362425820496954886649346530530772382335944382449076769906783110813809377455918513946859709494612216493175750444620047196538454384267895475465627176787688889951150304646972201763438719456525433140321000000
-97072619389384091084052183372349964949927310357317201623714873793024517281038118704979973747391052198218403056922372354458593150614547291920158372546820095415305548885158731397987629760949597549110104239960762395389202252303049119319591108912230480858532548250565169164075823000000
29343474151752921097241518129441152034690829871332978317812219289130179341423841003692216285716547820195016232016396016904853625043899139869013963410692745797512431663001615138159859293828916407924770610390907276336334632391676024442074322749385656774399319775672571550773923520000
-8646257383936415541273175632038271017316774914917156165695170057906857825226864787106289132338955443824372349374169268644155104917218773740611324535741570413568583397712647289572425924996002467167692188954546796201544822538815418043006101773825481016341826209560197444502256960000
2482313557612469083444078842411726178666062221221214254335041641398313034533002629450336762285336717311501175506861974975810748804078232808468659398705601163500162703867777230462724107942322106353160833291386079618069449923509983737595712335120717934824035806889567988324491200000
-694062036036533846440624004633560273756854004429037585498824425144263931448317635473049730940136773928905737985858143008689360571786869996638956140047265597441013966491262416136739874803548569800739705489380658475944500635227336526857099994592355366097770978653727094798376000000
188905743448018203472819919054537159420301123704117449920110001056706773121344429449330598753717594093954468708157442114182217797594235979344810534060998600277009344854909578648358216330387137778378721896988002367776673847851896758864702851421634850183181852356672882886578000000
-50024113654594293259901793981768172466023701894812668800940534537335356286592355150711624802507245101847098502099680050383611197331423850728578729032292500585012035626817013311637073056227449658783607943467043449947095005338743406365524630741092281814103833685612036090754480000
12881681443949287251630964155751522108845757309075520012324123748847057733327785129691419437766826088407083035039000105192505312500694430738252406183029112299398167615886889692030703399523704584859008534207641547286653787501944449626085012166179899627160888977747735044653840000
-3223924044825650668371127613663198919931789953483467145905932855280801973223204286085350137922441878714609765556563613766214714782187599517454976457952331629216784302707865864423300973719961445280055661772353213027957311217359964699333702975922325368240691221955401968047600000
783725755381053934443503079553479457348988441591964532760855655134981586831905917082447384565635230127478130350650951159972925776089996447630751312278014294855183395030053268666782110139348534722592471615950576294284773766672259881988903881053914477151918595375603067936000000
-184946177674383898635558074363967948067601865146245404923976601961763661630934653859170164239785005209761035629171848254046369123259700395680254554304209036682970881383148094853813336440056279780391584729659587478153933484745287524634502707310552982461372207017027438048000000
42339841687350384108861964387454017433533279233969846005616325105434286749207603533278106824004332131449293740281594387236541842389347248134343336497201944691732533857216368751676254752040312736010625323743456908059991107315892598700816276929119574205279364682330754878515200
-9396825441816393963430594656262166692519544923291511427111526508371601712515186592725897313242185156534590131090816108068999144458664473549219160963328161083968820652899466487910681193213028069096342791268880465556970615882488383424456128278771410276661339343909301309593600
2020366007312021687643587306647276283967593271859551462569820717515330171918619018193261754461291100933637986604624072822169883202954073922966154830054414799174597932215600684707035664604815564959376387843838581502112096519155883058073276547540598929576592201395788569276000
-420500865905651136507286285885426497481719069294171907179644329934114614584094120303045876316747463688127672821312468029138954015108169612083615352963760625770154622635697291189857634372524389708780478285917980332538397894408171376956162293738537611557503220017813934340000
84653163563054732610407437360891982496000579975050024532606109001068047948606135425685797246312561954771018305212989111040230552308954187602903445087377135137807309679956041224885317117926244881524417522081288964132901641291848985746832506195823572922633113366285310220000
-16469834694723578566749295430682091004320081098260278131441929669487700596325124653857489090913213303463841284074725491081891790613475482847336556795059710188009501496074923029501790044946904171792082469541052363511800161419042612827031035266140830664471662817916679399200
3093941929775114872784112056666450121755874343417661136167856501476795668139349259555604565999098774845877519341395219130142025556476646695724882781346906799615975031708052703938727886236711704030629808695503840033525898269351774761598558322941239241097567765819974617600
-560652408949119082824887350616416492573122723295050443234522404268425769960362742347422792267881161916260946019109781840662775543368940952363425117774221943970772178340335955538803133273990826170369288357089197918965865723000409874688061141855392512088351635176520128000
97901133799516908598522041343867241220518137287719085855533624165345719014020459518549062848812306136558783838735346256312481794112207004415385397894783926110810222459167306614637605900813915683755693279170876762791861013082840524605340098270369873135492880959165760000
-16455740268146078870972315404382306519658323632372953010051325643763505179201939886797342886025255761797882808936335114954859856036597639191583661475273346663499521645028680435385312471421946256292235345060006543341222407697128159189682595175635063056107434611916480000
2659328890247310770629970477078572744967005633922987097550269786134126948095720902693545905902106147184373900851563292034063154512581025889109013934707754417595169609054634899990046175937200944381053835393030687065883966873523550664110434208013123153141312581110947200
-412670315202241892821954197389215679909360386544183731507271321467687090118551605767079586981824054561502700231897886409748691106636122240893268074996316154626093377152660596392743332356090075261991940770507129200461717314041994498816808580264496048418725794981673600
61407398632853979655902649866378512241938032550987323070051210041054136452731573459739110116797175482656990434678495657871397977621290434490848321650958189731760483917439040548659190660722783703251143471085200538819049232500678342594302427544623736639336047450800000
-8749583812063789419662987889725630211524611715538457381024455437324343448762875120146633824669436435632698095994420204877744363468188480656039563470897859224960370690753652120764947025894332233139359171501830021600889809744327086660808142105884621234156245330000000
1191828346818977715901443103442882608211539912465569366718462230805682817317295391320541354211704419682850314247277622400929313125482019826109482863805432339784482325705847070670554310494965192486559249541609016346552796207173161907184106303035605935530521040000000
-154935448591164384024748306312833806655024655612619222084421447741216894074822584967389421757121477534151132238308133926528014817190640655795760057933918428918952519413770429100719310215517374131542275419862087101564630343494329075402676202381487402495425737600000
19185920908583675253087020403097190008611402156694195526414516521330181842643532499022482965355273890952991889643280820368230686102588515619606944377316722647045181940604555808793424093396355535355066325246142769571755562556988344701092842762579601007749724800000
-2258482697217992346351184643817282388216808953918927826855215789304917499685298782914725533753371600806745067602359638923284733928951443066240510383938975250903201892272459015572316514346377336033785807206064293383722385973175613489118094439788695245921136000000
252158098874173294813547907420525975527514704803093903163773501995882211389722040389226799314382816961528129594072525848594526649676171278071512560588649765135104653615013441601587796084277715329859119542737565837383938415010746071268501801228770912972055000000
-26636040687915295123444007846809476325910091723642596699528897989929376594020109333202966007438018642325328750167413130634580216084579075451139204022785890026793356636222841566642704379963178733920606608229921999978651641976039840652278269159843215320665000000
2654654047815312539549087239312406829734969258417674137095487831808593237756102058014764559572566299166448396400907120192682340893045996387548161429414833334737535120121434991492133371513642152268902531502476667404738663280650749348865483596909428998065400000
-248857543747582317026190398564729879353319928955494724616524723692985945661299938641571240489133491896634604941557418006598181098240876565765534447757133372455288872174184114436999127386756305829844663755541273599605807661309033055909295448673886141208200000
21867468290919477504902844595813933207136448838730025518390425483485873361381425987697322554253839038205838797038228429299874856591867983579813409676889971449418377020739961495215555187181731116970972881744868532281236423007846586020472255866823154968000000
-1794141771599349062513681339341302299013595752820068003740605530795098393722149786525921532942862901487969078108743522345866580569084612356615587486876920153922696013712070527840245832728471136141448982204412267003933858279974475338884709878744088680000000
136834799532599272204638054620471080999435496375965036631765133421903040294460049777363742982602172160153665569962508910647321066594659874605901565029047043109949677387688870077781338782545469418320353328352755757942509080405271118099045475896093240000000
-9651657788898504398206612364660996639526404896378291188270068326484311158618661217718549096138175613557789929162368895180165530023483955884202223100608836413209534933393677527477426484508931634917828157610175888803781316042950287789684850314050480693760
625894059873114873265322417943724657588120190767854328981298002611533532581314268645623430521409532205592307538483179825513224162908137926850144164401184163056707052606900998556424329518290835990031183149686598493047385026325318572146833321633196631680
-37057169992276464750527254444880657667358747372538286896957149434500029386485232223212160557223798193965054759664360955411589340183016700704599083532818529168024751090115823673228621413620143565747401348103572995792510641716522003142325650652177596800
1986631968175846980690901493853656376724951743187783640090505337674408786851410086712334130261850831204139857919914090580140354034054953160586412613458399354910763929833201823415716525491519692293224534072907877353451971638171933484996322079418832000
-95472187441732316732056258394690861025280678101832140318883594140715003763795043396907864058295029189452715027193955536892035448772156568580892685728331957776324332242455790387415091620553744654382306992469302478894458825950117702097100488817456000
4062196119404455360122947725602359072987011677684602978664964005543995728010780793840733495665960244736824661544873011209589098318948268402777040589438168618959395410648534460805251543744336614657374613308389158104761461403306947103078846283202560
-150638268617288274423170325410526924517529390545506147203129637036417005971865948934250028638338561992672461288473153390657395004518421124214829117276304666376357461684068455043122250879890356202427976821867160174412762014136037201837087299911680
4769255235683450479941934866071615301602106468574315397593671521533445955360466298047169295723281683658252043205682195285471649083599035072178055164445379503431727974701874004956174440565591990729539026596216386651866454492122556073622867558400
-125336452859857941632816086473464792777073403161477587669993003671109859348107885246827217003410282233177413620366250112997519972303814738686925418122265050451835593278812482797660713948423924931401624849364397947650779418137232196441561088000
2624775976774368786364312574802376845266402648672436460536962858997851872198873898940717543582702308051566930200812312479223237267213134176060829611284413491450116048482075648865941600699415962647625173169198003895030428352917297516625574000
-41064972104164352947065885383482623742100102831987722394907855422607647101563087007208797325473345605475349712502504656025088124288529317957733606804308010704488575587316130407961670244708690284228994950780031513122452780235555492940156560
426646197329098890990751366302659813369291519127473182282191201067120175798139941254525076242534960651801668198836728553295634892202766411169236914635753983801902836379267697599429954755893128406040995622751542204579699480554108184591280
-2207738603649965216552372713208750511529094320745893451039254991533749549262921261891692767448301013595245296784371028909881998554154357501593511399840483260531049136963807367609840587410059321452915967974897643761721498423768829618000
