32
-32736
8347680
-941432800
59310266400
-2370038245344
65044382955552
-1294250477176800
19413757157652000
-226014481477356000
2088373808850769440
-15585136771836733920
95242502494557818400
-481848163507970028000
2035562649921424404000
-7228509143498747105760
21685527430496241317280
-55151773914929887087200
119155067100157163460000
-218836037361230469180000
341384218283519531920800
-451308388343065503650400
503525887820775561924000
-471163165352143484220000
366460239718333821060000
-233948217036184311364704
120434880959455828927392
-48735651417063744216160
14919076964407268637600
-3246362763955446088800
447276647478305905568
-29321986255081448544
