-101
1030200
-2626237350
2974067896800
-1893180095556750
770600026095419520
-217587479590553872800
45080573322516386054400
-7140340183911696959897700
892101761249214484372404000
-90111198903783155066456528040
7506784173141604984048609939200
-524275891870035564754006042767600
31121513297279270920782181189612800
-1588626227241219926338906748990184000
70436156635370711045141927679671447040
-2736279600542037973999751838962236487550
93847762631739378540780416013126948320400
-2860908492326203215578049904202638483211700
77981550040138059948166235615938954777848000
-1910742929858482813879943188179544239444220620
42287643980541479055483549924336398587246243200
-848985612725044528888705897964414845190644101600
15522474189558848172800687041799282386926105388800
-259381621657124850109733702738399466969034313137500
3974141454381804103441295899876661273112756132167520
-55996593717435923203074472553735500926625742838603000
727571653897878003538438139957452215057611846594304000
-8739212072393261682807999954055264680098891274717552000
97264001186208001606519476301970603336177910025393920000
-1005169416703245136602486276760698424033100823495765388800
9664688252172721188560846199031064971972790436109128192000
-86614105556825256198655161687996175046674118976731903728500
724727024640763759855046678880643844834981241612471172428000
-5670550119269643778450603123248636311879243365384776604335000
41550088057603528616630705007575313906471908936892861061641600
-285496554130369924638191688342946119087293479230733740550863000
1841859434681831391091679321727465393556593139931220158177664000
-11169780519050413775477725637373555714248674602754636374765792000
63743389155396181177611215340172559894594671631762158930287360000
-342660556328476596442896289463015117283380481690491455599625989600
1736744759023569661923543358848833313060322251042824034330049632000
-8306641457982912266240893037759414207647357614539856223153417656000
37521400463533414411922086885541713067750530447072406260561029888000
-160183044850776689108747958733988769888924656066659833545215347120000
646743987506148251927468301535354164252764438519017678550953421260800
-2471136644133841501339121558560178836476181703887645525087173162048000
8940391154331218324446473289277025469043750193512930301718736039424000
-30643345896594457946247308839158276965728513575595317097514261503182000
99549395249244802990724285275066455782041818363033516601670653779600000
-306651957125773691132627088361314710391001617285488444539786281902679840
896022635200261458134550508091500114944872084340527558055507782568384000
-2484275775183565144835327351761085932596784769342061798351383818755612000
6537474734836921876334190026421483522162845501949633611040736628067456000
-16332477175338469090910347854074248099779262510872112776554103681574560000
38744415276108712131032283041598943591410243893559762408116445626108774400
-87286126889575271430402767757938946579500437853316237695581214396829876000
186769207182618432435875666806153141465277637413436283305534195902358048000
-379590092005815167230702120675882588643907017537355490178340457010826984000
732790984854661856877425524545225795945721102513941078425293844042734080000
-1343653691951561921457746079867509855288251388248479182968156851257246572800
2339929030864316380286534425568788998190773715627558480417537327639601664000
-3869648503955374409334417102846199703823815949595314583770625596203160192000
6076001379856360120678278504645380840068032501355001382226893100412722176000
-9056149517583759408384006413784191901517416606633858261351362885258708223750
12809360832445099698107176882550137468276469027513357862683016473918589430800
-17187950887429202877740231606635801997721754239167946902521173390737868508500
21870700705946893926855024044799220541543029675679953822054119493850457768000
-26378221850576519772939115289326395536372291630896864720068301128288062926500
30140207281482097787185210496520813215262605854248885544459474509113014560000
-32606783428395224565279347110623843031450423190484355565546872320981242894400
33376513090759642681380962327081735775101008463181764474949784006400161344000
-32301305203769507587285549381745576462901573969865530935729758171317440097000
29531236433245457114891198458972499254504873030809695387291308277473929096000
-25481207477553832152640780262718235751923945410989008529026923230654549850000
20729245407517570832086081863501981653476262080121902760680391236173372464640
-15880697875392183333099188408240351249416977095661256876040639061645978732000
11442459322596627964074841099680010210408049612525702373831271727332032576000
-7743031727667705017767278239214760360987827129317606290773067998261995088000
4913059708630686087222948538261568823828199876958455521785186552334161280000
-2917896867578943408989754280301909859276716833174857724735233450847210472700
1618830147536557538290307206264129231484110543020344782508192312312733748000
-837101788070287114907108589556867539837931641594547711002525977083785729000
402450445941180276465719792221272360566588706192646540693912909871026032000
-179380194513181968464383325756221878398798395829914026428905343189395815000
73887260743422773446367443245746202092017166226965279259850837554552518400
-28022412978001741416584732058452960636574925806738454343412871733439672000
9744350767353756560767738773662067960822460658387582485382835037972416000
-3091667075850746367485322077335705188499584948044717221924796705617023000
889913007567188703177191558682667318492495099298315271555174408383640000
-230828052950452279675960427752133831623794099213056837720669312594324400
53518881978609875253936000638098895872199573782039503492776848228608000
-10983258269948647603507423571405692595700692303804657084942507723664000
1970865630126060941223669948297101966531098908024607214224855126272000
-304462605830927250426698673542954298813371436108373568064387420480000
39672911297193401274437411643935097551747901259107735849719623987200
-4240214586342827718676307559600268130259514186221909701820076999500
356918902368319646422747963354597976316881202623844455717026356000
-22186649803611706467553158488410557253350487085218152859544433000
905485146561032811654041770774841638745045896754133368413200000
-18200251445876759514246239592574316938775422524758080705105320
