-285
23148840
-470042983410
4241667882291840
-21528850440814877160
69925706231766721015680
-157699948979191897570612320
261254103231324111779429095680
-331306941755585878689535075538820
331895931874262475807205360117555680
-269250574732995433498595348395367045400
180473542257395550731157662283122717769600
-101617883887304782283562461219290785274145400
48738101753664949306369460689886591072077689600
-20148977790804679476254137909391941775405015870400
7253632004689684611451489647381099039145805713344000
-2294216131983277630096154942417188312892956026577149750
642507532381309890205752236745597070215585774972485094000
-160430561349322072307208523780727001782441681422990791943500
35936445742248144196814709326882848399266936638749937395344000
-7261408067793015636768872203363265554676875384567409224946697000
1330171404418573639910967283620176971811829254119940106186154128000
-221899523479669533595147540179290720828634102906814223375157583572000
33849534870917604315678687906064355402622793134533611662536325829728000
-4739463780910822691762448786347542011920357019977432720437312746253009500
611201249186259694329685395487379017857249241296289723627595851756788105120
-72827883758437917335150634498687710812697587481027871225560973762067344791880
8041636942413194230192435493287196117392187931238435558536016658369510269365120
-825098618985535404427180744279994059794827792572386472913514943897833897420917880
78864122935235764505914978535318718790187202471032953910439934899266920345164165120
-7038622971969791982152911834277195652024207820539691136506764189759572640805901736960
587875165683853677060896269996279741742009382422266149199353715844809925537611755479040
-46043140784190184330039982177706671452588764140281413507751335316864844568400391016771960
3388166326796937200617157035622315724081407900041865337793536278193095669727579186887087040
-234677413166352910654165351803843596636223398917346120875251432749691156729599946293133366960
15325871880251618654965900525965296106855405643581787485730705812224728602749384247714832128000
-945201862281351564408001128965956907812380955004512879588711099433109824451508899333023778672000
55135164290971227558338450076483166420939001857443667284467577469927259416654269295206681424128000
-3046217827076160322598199366725694944756879852623762617466833655213481082770148378560169148683072000
159629024121813466372364814152205647519330934762343442250214667754855553071079491364076082726256128000
-7944038153562123287437217704293359177329203550282247868233339324987733383302940312415348804423840120000
375907537707879556678111865003159406544600932304373066288371649772054886520790650928475018024443746880000
-16933100257259533703627804367922930614195314445486274501326700488966696903530921719630132317029662455120000
726923616019595861146111735807598994284676733058365886867121783673456210608258757391758454730419949722880000
-29771201751331475327693209411388799926569077214599572729239266066985882997375118086175173614215014149575120000
1164384779607631035038667745867650841572479464393227733410246850619892312786226840703740123578187220072271360000
-43531812632315729466386562716372396231548808104292936088067683414786890818622693355969838107819854816964704640000
1557134317317817872121322154638696813323703314245726861898938919286012206846668509830381497477362448264953871360000
-53337932924062284846218257711041923265763884228987417390592950715699379069681391260557091216324184800138205070140000
1751065899544475443864351497632306771970250899819118779007121510709824179836970422624803064571235961135399365451360000
-55141065176655531727288428660441340249343200835304050350934256372252363423066198608455048503348220416153726018063326400
1666824724509559602662947103036732001447274057083793023756960773937704660428741560704025272405709527873767994788239513600
-48402642083289618920376209126311846703269750827025337284918756261228738033108437902381940981719200383940878964041181526400
1351207398221160112944186833338864283048629683464584851738764396931474802991894363315479631193482669030654312867302702233600
-36286591271365167107183239620004500391376934801930101219070953758335685990223681651876507009303989824801614741538274111526400
938053367742398700093133665548546092762207041821796335646726804595653105598509720719584412604156034479169015797782821659955200
-23358306579603371202669870793692734642126270946690769787728714746195776582615441830762636223165159622590506784002889910906964800
560599357910480908864076899048625631411030502720578474905489153908698637982770603938303269355963830942172162816069357861767155200
-12975275447760985150138493292754173688256315687374245135141584724282159527935939950428130456398543353444847434310932304540740924800
289787364093860967972527153850008755880436370812761652911935467625565127934458981759863422637819119353696127243053467705893525555200
-6248540038273877121907616754890813798671909245650173140913608520676248071086771794197055050627974761064072743678340397408329144784000
130149649859279379859265769677790280207543040627484821046323116040443947998255619762818746209048792228301503339437273356822129007616000
-2619955789740087849346993892673540497591021859207961222004560104663265645175082755688521696254527729297138041079343301150950355030784000
50997053286006607933774593139931228188937259953381267867771301447685878227172132369229637733897655392940210758787036047799904416290816000
-960290947972754800616235496652772387447397930406333937835286305995743188912001806031814631049265689160665409085567701008486041924827721500
17501160471929495774544410234855260078922991867760405494276223801579224981354825814070941204921528536182541183334606621929804787742422380000
-308837627253615337624759933503923091599341474261449634972341379110099505301139601814008076097592510800692322824092717268393517958900887495000
5279341538189669536193713133739595089544902510342303227720558714054933312271830805257234067147440166808181350908794553866661838737852194880000
-87457361844045604701984130570412353688198329843151117981536011690164780850634626192367946967465628074756379684464656492374602835025565739620000
1404608215930078369656062709501367404413862023341043286145803318184574627801496756390090883621149293238431383363349190093033318877839709874880000
-21878922873645557462040609449528952477936330394184720166342538420497481319785559169688507488241677511514954150042372843643013890479819562489840000
330653414045985548440409004225930116163281371702156064501614748467998436196497329851924073494188446644962362024762573441797137518808683505004160000
-4850157457073840102036485549834867276846465815124160744746776058691178450389246423470323779431246850179317702686144067725250025861830845371146090000
69076290178659442368954983541052183682405586321010190257703380700023584100345702112160573008765980660763651034540737504986972408108371897220586160000
-955525913941430624544552784560109909013612264103396804570995870096071306065939844648292776632763745265190979221224675906730857001789821556348097340000
12842268283372827593878789424487877177142948829549653053434184494091198353526231512073054917944344736364166760733259644186462718104055201717318428249600
-167752129451557560445041686857372895626429769085992343010484034954066278492936399126454279865648003118756928312078204102185669255234221072432471969010400
2130386968997213370091053947311983395022374075408817584637781395834267921302772661262523436796058701776002980972548567393855987897135420791006140897049600
-26311539651120908915518061251638682492665386324834642032752717268964945081297113829705337535222328551964273503165396433685360418569798266544541820043590400
316126340201834679397725733839589003049194252232238551223190154093265092449284214614104314972137651680898747694496729079228179078038415833772780617553049600
-3695961469625356232177316880398007367680618738012070249261750512504462584768389274765680526217218716722382624412612148961445078049097572619070048391938583800
42059940126216673939839534759645911004497137243550253481310675242437615367954125409404781406718856617186400894550110271308845497250087054112215530122801771200
-466018381817856696191550443058950032085966868200734300209864160653903150286726694991978825041933601552201673564080571880246921235965011246046128674848134258800
5028587956279894813194236280335333079567779520187223826448027615962918359662377064729821155220957498183257890268470516953118759906618533311958923090943665011200
-52857899678192108616752169880412601924385294675845550451222188243814298727012307895967418546142743294041107491967430523227872066824545067632466180092432070608800
541381948261067963687150252062357445315503364153989028842967741182319461010229866339320272998555433046234180540566070410915229473358662284401729733818681415232000
-5404230375630933841408682525623551626581706040038514874316855782010473700233134234987246678638500414598488820325777773440705851377582027825188656641170826149968000
52590037329564283660034075849825382297199384342063264841152375410194669158986885349745097286536845889505389423955012244754740413405625821309564763319074959823232000
-499014531639167500984370341880296864227854850314972980861662925815665610081548982745947765200415027480209907058579320087399674627771021561938033106075535527217318000
4618073630510987816204807920867728990703026378928011537568910379243978270599402427876398810787933742508434165764688609984439559261977902357821686505209071618121232000
-41690942497668640007404515952278108943846765920877881936385996479285914942911271918328600375168846286534475107597883284581746021115078285174779114283137452108038900000
367238752511766849015833234104935923052766392142557205647595716360950583214070742520294822577746204990335799088107716255347286772638361361404309589695589700104913600000
-3156977654951402138615435012607424704305568934154608322320972580120407063473416977377028779014578405163258870209098008324116721746684760280852902889395179840422213900000
26491017491704585687611725225459180869427791763811406359205330786775195171539682107771446486965203183388677970204127303980933656779673160150674098751386816059484633600000
-217027870666252065792273107440670511991512949070908091323734120679478225811745818028459397888741975242453939518459322250778158270781321909251601101687883683536671926400000
1736222965330016526338184859525364095932103592567264730589872965435825806493966544227675183109935801939631516147674578006225266166250575274012808813503069468293375411200000
-13565937446880334206281071348693787237844493011846372177196849215285197536873267890982059707092379249334952891306195604128719096285323098405641096989099666812319625649425000
103544623624737812876849975552959190591246690417553306863382816797207115135305623005501923682064651734534910919549978053577222937488230804028007335675330180868694466536200000
-772175082114467606835992513440076029710087381757141335991497367954266013442911706088822706792289923144431992395781859451817397335052538360609112181216453861307451727175050000
5627163867456763019146406415666155529641187751721463399842537293007396770140447474307527090085962194742160047431519592846301988292908121606789636611693092601777719841011200000
-40079474645960794603870279695582192759869359761636123065378471869445183495325337135755361699137265732051034937830998300047785911616238096144359186766784052056161809567602272000
279051525071534111944444931388984379823248839105033232486564119797615401683363076632672170308746707318222988474121049236603661071133388348255755992640336291857350883514300928000
-1899529801719638345061277824480897997257045947160472756433194687445878543119709385832610128165681522393682263237766900037053813986806775875799778465473015813689873790980998272000
12643717266305399318960052300267988780686545065951922345959701767242733452817550946362107343816360296479617937675383863984974279243316739112590928091039917494535217986984086528000
-82306905418204221583640747264198300856079784721579964909086227970580031405272831414793788458835624270972024720209513912658843752518739671244306088753885868238972833140307188272000
524076622254688104777467615233262650348916180268019368400712308710632036702961702069707387737892138215168810463374864096929780628282587294453540810024742671235908651832160055936000
-3264471227748608558674811402862301498333062881877750763171720699034213743040547042199781982946540838513834983581447433542187470309084193854708870394519554540506408920708530629664000
19895339714157298523023289409216521036569813577247090335493928159298742085282313775572712694739962752043091083446508526756893434211429706560063423936413349429502593139257440231936000
-118650525193458148367628860990613033249728463841468179940611551499398130846564045656945599087689176011219946746881222533413602895848873612656427626238070044552951807386821570642464000
692509217996394397812040715136189729624540913780217950492531556870150996163970809025775239721969381476478073160149103220017917617182416614430377688229335002902103369365520999463936000
-3956173528429815103203083837503232649611271955789881473371590402367701455358221667265017640147201115253020397288868327279647814486589632105165277495772957196331231025404267693218560000
22124517555630872483654353440412526782632504085849037662624467582561813252171325847027739264402462920655313485495672690761858047998049834475635766623548400507751573944846657019197440000
-121136319374863197787776199668444894129303492755117805780190613682870527421267445033459196461928057705160043486713033806936796284642383664032297519728310562442034905142379882871133560000
649425004238831158881667125421181272810368854259875049924718353064028884419318992654905063278075582916785647813174676348004176244144335195003129376656059821640844346967402088012085440000
-3409481272253863584128752408461201682254436484864344012104771353586151643201424711438251582209896810313124651019167050827021925281757759773766429227444314063614432821578860962063448560000
17530792174915895933516458508533967061875363400436702670935686354923123760884452202480234978470546926373722213179838144138940712223782810178912452738466038285503321880329871109286540800000
-88291041535513923269803572879372652632002935663213057617913237855736115796029907945145886166466297165087751238479819499862654067084834814433317331274755124001952632320754684542601039200000
435592357450688021181200533127424316469789631306213533441696868421725057812891800933842688884393881608690654367884658466120549716899803055560560982173413839914958943415478732943904140800000
-2105415200286466138574833171503072674715118642382898377920112104398916842564308467010093852672263187743930603965312079821055667659944961608896963132810465731120127251566010787550825379200000
9970875290728872616155823163172238249918417953023564495221693253965748120170382249245458239927452752126188971423606335789794315086967650966673676685177676279347518819223426838239428940800000
-46271093146038674484348116866596168128527658313249978985638170256684799870165680125404704644663335427835595695512673152024514243450459255267220030867152653983847079520458715171204849928400000
210430603513137019456719828798950840698714951241679980928879989643542156584598841982784430985606415280855495102111592729622311070685429892269146816150433188502183863314679536299399202761600000
-937931783637800524575265396556785657269111030658713491991590123148497057913119576456591100242953184368935393749609323654654242054578211803482092779510607911745725589637137538137492778178400000
4097662712097565171017697247063077850674807500986074887082830377395932417200446263829390267807405226654052071205907717382379984324106119860066918127737004463926596508206506888805322405081600000
-17548581681120744598487535511307011796896813158977110122237077102051557865519783170323980212334145861728842015923375213443830618350550460891359683389265999411101876526332613951674146400378400000
73675965330017334122290069090671358328091580366649499137200144505253260542598257662288198523463677985882370319652698496122578468082951055006284494741494371927570118408154846414708736247348674560
-303265977472367269309494439720728306587456329389026084600459324973154152380842374651856354579858143909009008441608981734890046630810831978685165372062352967441092193742410623479138397897958461440
1223969376250308125920444543868840588109433766377831359858112729769510986631738807138523235025757687141227008091944836940566834613383465712969776493258784101218013357545784732221340017953097154560
-4843957417324598949756319865051238560400622244000547070590813446715384636486119140238585515277414196284442165020129099857378791697167803973063554540978565668156567634071425037961664312994187780690
18799479949551823722796836858630442352317396010247661318853259758588209925053753894187176667188060720679911831359895305882396002822539838459007067272072572868951611326174443522127043326147264204560
-71554825310942074613544765143870012089515769133679338126345321536756603753200160901987582196264615731226942517883151807744681827311235213542936662856572085786704875654211306482888879405587146151380
267122447917964749609121370210179386661776017352137586255240759800173361857992838880306069915593283736689169947302968207642637176438842300589400056479426263262016266762507612523733650150896505509120
-978115203145894684906539975940062847130852369322987267026550488751771158166999604763682711586591316327164011237825796293377404413106897246321413739867072717078736216466640736147080498925467627868880
3513230117421989072317368076845940022347551367364199163197405837149218853824325110987921576311021870889405428119537554033355575034832937048011608535032750983793011716288342235956860567569026581733120
-12379068628824450134576050392847281091217822870448068437087139112864442396001961764707886512119739516000322568038261389292513581915729844847997686589607213298819339400637509741966730410421293316978880
42791842173714148613349309999965909944950498811425421757832085822247455196056164124916150906092926721976423691984113444467948184400053784659745089445555799057647099162697564540131907591579779367334400
-145128107034759668488688844452198397758261237021080519109377644439000898410110679032864685888208434274592294646111129555473071023963612340934318215605010257303586985476689853267621887506066607911630600
482930419999091579473043341100032134391281571708061425834902773780288779961738641892300965519417442114866873803480031302500193077557215214736734960510763526567895400124254967003175054935206780527934400
-1576827160573593441672616466758091690221816814239601319042222714578457079752198618541544126074506194504544060070058381979666273144065595424676796711800030815244607428855613216930499269634850494644375600
5052114722226992827146713408115154908725808605594341910563105166568231823662341663588621064153834245878023678617923196421989595399318700852398552023563433962367485030582158303445247491717601833262534400
-15884518865165226172087561927300837818889181393864863277472007953559555414958765562175957810126532418481286183409669233648219837575664027552503100431229419282188584949470689053561906973321286376265494000
49012621360328737704367959301259624524014785142862339565074335088937043779248051639561488652703687172643026992358671569283054057453927574376578149632983124412583700776637490533760958773272018080862656000
-148420932001737405919778415140558120068481789109716193026334257829080779121437476748822855515906558344016855345190083549493779200664266594872457766055325459222216492418283168492460717300870992661949744000
441118419645830729237637681968925634763658331210920404292067624520524887861728401725583542805747811135799716390007947469511170458192159351066971157013959612190788280268647750418005406361080514940713856000
-1286786848281088685419341519319943225367425192738105918944004559202451289634842269096200951040551666077999085875539676624385666948571832898663677580855391733304812513752422539305301361177440165328358431500
3684402771297100540415902947113464074535980813452269979568564778310942574840309374534663365167239490981952198321402546149251707505542180285353312264803547317238987554239992240959768939019353053639342572000
-10355080016214955726955166525549846089387130538239446528709567803707555766377748842137227788694133545939096183582140417397988391112287787517134152020647200048248757055121209193266034779870070467746264503000
28568117462477245620720959210846389211203812030528152355756841787488067220527367068020406860603890299167252444834693096561547314755432863187628747598820097092711273108339395958431576169037628812307895072000
-77368941562801894058929328951178718699681397619748015243601698852975695561947769441291022433248875841713868803873211704762945044677092443259373855748247214190865843319019416894180036976053742639468436978000
205694536588568938107934089095733196366379659164362274300182274361426848108121487478165907305980885891685932718337572526549617959417175098911818497440860482428794447820449622213507612381180852463942391072000
-536862740496164928461707972539863642516250910418985535923475736083324073562197082318013018068610112177300284394861064294294502874078827008159846278320645859139153508811373513977254868314882024930889640697920
1375626891397216779108233261158238386490480382014771762238197728386128927406596304431717581142953256166246735471486462011747819653312634933763030523424648641478264312915910976738175449604344871916244742254080
-3460561398671123459944149297601193441015114711005910214380466160471355583007218828336039540062741785043214443920458130998303108815364597255247623660490131738718758662179088550856972615410930068414303179732920
8546961332204266477001620564317595795878929989812367249973131339818526822467656191169057287721281517538488884177248378905459119965360312482779982466354712145147753035693373645023141899807695024795649222070080
-20725552338241489324754857355091103753803397907915307310621724161815806166018402761761735349956281784117092142020128901268091100104904124244062827275155723593999921122014261467011126139148285258094661456907920
49344499219455283636877329478094115909159390648605851328514573238537528103902295024881217981997890449594075776214417196775642494318439788002513786478206342958451425106314911796588404377077291020312783988975360
-115350066407609781016531656668281400392676223479969521541250228343489539624543789516373586858065334886051831723909515939651936466933009578389012442429268599793036781840612632199051517776444362625516681802630640
264759031079432470720568583214925088588423466250263931628778973538937246695532858764183214332504539190769135932975162229775972962521885265403739216312154663551902672295610380919856329657191620751398912315535360
-596683538197402268675288778250877279645621400204538497731402572915964926948300519425240819642727042117123151607319163684082118844914428253360029324184350806204678587006222385872938509968084352471336893357808640
1320393333369545212561621589749894329041360848583628088963473974099550724781287301084833369490634138056261128654715529177733873527941646857559965211509407124018612352022313403555067916682667260577369216487055360
-2869018717526599705028914098821791877067410046971262205023173430050293322889027582923588131949864215991387706305412160566853387304365394783272385347273858252872473128173483713779322377557553373813131354183299000
6121222605381392310748777644428856061468926555213868484495258029223464446937031034528224916066328096955661653081073806102745254098245584394664403350396722997448372126094916990349587005456692711907774252989976000
-12823919374579878472690083206384047215196732622016983049307795370550803945932209392981113172924965138649566885690082263882603140358773071010632661202871598350964370822467026026764618318359031473609256828366174000
26380523818624631630974036950134611185734977537316429882305200187166424798406821355067022529240351334940371399159815432073753518741732883027480851018260005249362364096230862076813089646137650051623604245970176000
-53287755745912314540421938335212049788436778503303997586100506431014451698120322627879099754279411350237040368268650082136189579109146557183224537290714151739760852133556160981974209822464767610598557223353424000
105694722140652524708274919011990842555577081328867433228629103664822052954949400253644495380388915074850328003177487766220541313935497303503916437601416499318533921587218831699783556672657390302013667219874560000
-205854624857260863280897322849997696658269210982689297211035540883558381479139910081755204767386147595882648192862991396621070974655400086433143100944637178905733670985064867124970376798695365079067045508181440000
393684329713753286383518219065849515901088122090168753130187228246458095828871822012997798467973307331707731507567159422359404837183850945175449834414398815809681633463351850298591560003414105627922117652994560000
-739287952067695504946600380127164476767062484371493554586630289267663178040888443824790827543971558315187127183693559259653869606561128257697137778975253388489545643962270104084313041090594919656515736880894440000
1363182686449813244371967452785861489599824189522087341435884512236693869554474598424032216721253392637198097615701047051938356113579190454233467455339544989720718174910857209533849024753863339826712817026554560000
-2468115365691573633625024116505889357900027706461703119053033117743425838215843714966695008302407742897625967395901636228120224347509728045597445833932238463222718979315245795462237031842418659392136614218493680000
4387760650118353126444487318232692191822271478154138878316503320432757045717055493274124459204280431818001719814936242183324843284461738747728792593657312823507055963227103636377310278830966505586020647499544320000
-7659151829798603089599775878882316707608637148572129726039161302409005090517660313959202988026238702660675595354351084457445856951490287002145165573589010665181445274371648826600888321697875247260941463545293680000
13127196106162890309870363309270183361739204489730895333185365971745541953396167712414423351057300293751278537181221999676873356215832328579706586029029432693412657181802535942040133895212476483794889682716408320000
-22090682864740821059505388434535822833176467484056658288098203557090223840123574738400133944808376029407249642979458305639351982621232702761509804848494535813736341351422162891762543989535621098324277792466583680000
36499218055702385162807270360408575848448302194065858265396542040449480042783767567772956003503798435526753695828917233154325234959489788072894567357839135091430493792064047096267256354955181308578235307716216627200
-59208716686498875001481873977923893588864886910821775309204249773713388515942714892595017633653872920544416530917718945272846356259019962579896665649666151188316467024710301605770059548687464668606267625821028192800
94298513447270831085382220434820472868907478607755220429252617278215175504851023086626480253081606283107798117612132672390881987675957102138163491629344769373176240501290983080261192225775152003089097304668710227200
-147444850861357285784652208766615359373770527638770400684433907100746686330192669319989977850584391392230887089528552730807874149458862226897700970168203800641223460758567623809469123976048693516760414391194059252800
226332746941886855717122881182772380245296015460980724298966863919450860474523149958939704460008823265050527468286643285542101749851274297548032973900718945436719662118828688537964776181704033642156743591538610227200
-341070875599926720073719897337927823008536356632172341478304232434172477242857802368679971304318851725805308754293066617796083886928656406721688578725388966387278935276290454255127475218262328474638981662249155689600
504552941457063232552509419876845456923955495492249942230229123674177678858943882482088645929382767010757561840849155415428998183697396419381579172776998591831540133672053373676642897316256081535817087612687130470400
-732686301081578267993245248324361288597366963189008406932020621840708263820615254536618341922752097451529087130379338987970964908647158107978303942450984460381865474271206355730594131258580901399418479992086211289600
1044388105599755746690720988205431946982110823099838911681654764376005544559135530788020340112409869627226626750747652241923675860108714486621049210094066535303793194177500271646082040364287315512635210394524392550400
-1461236418187465440837451633102052986076193513097125159719054363590707899344922346346223283636127809380083237315576723152400832993191448975565704159763286794388155122134747470687714442639884388247814782643496749489600
2006665059307841511157347750351979265027935576787870927882996496384609825250879482199342420186939577527068287913282863058081494541417037307570141578053308380898269999717549484947336122836364243904961133213859670592000
-2704612817969283784939182802958794113452064053938074733965089710657820890901354473796772393077142026838642247575108874480728465977908863238949246492168103725659192733750422445762785757652238071714777219349897750608000
3577585018387348530302463317042580014064991131543927046649580761708603709843948998825917350057945082600252675336276018701723695909924572563723193278095679199693775031952859408367508879463579863457311763511935438592000
-4644159637523481720201655710990001517239584034245329244775051350383444058718600724737774839803321025769075175336794930230131985401857438710847211147360453184731498761912322954824289126829688425624856298712401252208000
5916067303431273262116294097950478123245990646798786762807422430722774794880636246982663036040713304683407429202024481542843869536858455561109473308403741824641586732231974013502546189279643406389335713350945006592000
-7395084129289091577645367622438097654057488308498483453509278038403468493600795308728328795050891630854259286502530601928554836921073069451386841635504677280801983415289967516878182736599554257986669641688681258240000
9070081529588309354188874452410028273159953314751682893665720143371201290471039316184872772285767800524738288842664106046743719283914734232418323021271930052690549763814980580992774550215467112177723923349643765760000
-10914656215659369337596914593732673183204445773537852779023030904950354287288025583367978001610485715035750738697629731129003855554300714119040506389611656061941337838340829903250338319827157567364258109909764189802500
12885793490827577276978225353002443982512247505627013176469618166288941451791409515804188047969682939257756570242609601764586258741333410402934986415462487234017886997741585970773359766778143874531144853322016430260000
-14923978437445086245249332153045582175409882998266975166041401483961331409877132250621446296709281263665276627173586723650668254657136306357039353886268316400350878848564087333405249730951549403415295807510186368865000
16955052425973115734247761972690838921175725063119877111715675058701630950866327764019631295669715991856408949214962431603126064462545389470719265953630276620516974786534347739726674250548505831099034290189087472320000
-18893920223435108066102989439007760396100885418239765183138180278736935635559054176642971577892671592445361586498941241526921691315522323455123413583115329858593064703164017398739046178460302637534323170780524927180000
20649965734680706633302182484602879872220751781804681388543612427604572700092062200945355006516415219798563659278494465216983443501228964200894501547100410504833503374201988249759472872415475705987164101415309472320000
-22133767221125853827109249316026365042102545929578984711457788435373220830286923419700152094909353228016412700911682887533998094055839769020655745574704273794092660067527337726842740780832841155017003946168062425680000
23264461170479092439574641891120967109731480815454045595558672403069996814218401061124697123772301678315071898758816406421937240649990519070623841665652147481258374350414330586149396284472265352804923417471766632320000
-23976935293825014645536615299036546727467007415427325741922656745414015466653839593621640973187828417213470975658305158868609068644896478717161696816662744497871912064895769460350221545684228479234574197131839485434800
24227974714366287910927620181873418568899609186094530979140381153307635142958747248088162943724657986295456526082885319810205109238861757064166954056667901323757405463659436460714770534912822539943869137489423904195200
-24000562835246537683746822256923474462638248772451892870988955656255463192665805374840006723563729057544570342142836670719740729353593546767245673216463416317213951726462554680387994799326320946158982805765611303584800
23305746861492039407721925779151392999027692078876821692482080359647616178934574192035664758914950179977760363298982072254147031614778309773061779209153341924085357380332587252551772668345314348358316289051340773235200
-22181788913803301348050215258227785594446555544796040715530630549915475519786129113137750995671430740069663356158914381485835009977646916373539119874455851602054424271376236266972394358431602172821139703312056821584800
20690687101037225766652431603153579900114336165520637621625240156018718390853450594527063391560263771819888246553942742516233965285514791715472540132746445753730718178178428594058723589542386797729653215225047647974400
-18912504994865985254564076950106612563520006257054859381308828362989208871307722101779391599001580531744783796672185998667692508234985230838237919672191108595095221684733788922965025669590904927352613784648986078265600
16938231736632758060378328946703338788248121545910926360407654723752570180057997698380030619227628520764494456838941629556614336297831763136787752464235010932469234459925409781038199843548754171441198315005939222374400
-14862061181451463774270103206957411329065434125469782626836052629631363641946691258972918415692030470523783609376457636825042456088248695461251846137546811436932891303005465992464661248635222288786966744543742114010600
12774002998933489524992485401021246101014918587180639613148342756046791890598809015976723266379927015987384259298773506031441449860974085355125553704998912309429923103409656720796072478165810892841690425062389916174400
-10753624973591968222570204546778089829936028402473497633517737524223064601779609630796731321187183457336318381552538920893815506260513898385692430414922553729877231183992823259853836524986524476116729184363746613106000
8865502819584456810072028653555468410816737864926377600247861415715805196283075220429981950379694562522679856169097472035367676866779769689549986881456333238278877234951429323907262096833076399258516834367758039744000
-7156668471817009556920240111686675627733225046221829514831627359015333043929028392497778905787773638814643731347254925750159636089436561590124667898854512865298948579594001586433770383926683090990972082317920733356000
5656053797206698288984375442364553799025821976621259430091093711231320540966722697026612013620013921253231625805884472165966274584470395035718444139860420403759375350347649736233315058433625358958149727426025828544000
-4375673202490088952756298313117603645420688418414590801569948447358163495630841523996764718109517713688547979532637806017294504809441908151813886746246720990584132004704927996004238780794063080673602207463024479856000
3313111132226135496949063081862977341043247044770377026607857126177084312538225058732001409060748944923724808732121648688054249179674781726630309056108928819263269230171389504816622116339474479687962731448477161600000
-2454795497469248928198563136079416660290723745941940231327310806644710811045393991240281136613105072810961996593379485457333404918813818790892557307969597915661693115950676521605062798776991025555838127217129779650000
1779542973977155628978873010962368432450978907844168951062649062320793566349796540274336615333197875628596884956393257779344074206473454909764665553841665663934837354925615191265697375163018234585021773889527111600000
-1261938762856748629160361066880792411035065233845137989642335158010122548176805260579610686670821092638652967341036301246142467907422815922775418605967889372533203301455015519755181955230386279011653455135320115900000
875234690846039206863706981270671561491011654023574781331970490524566135871921982192201369475577924262049421522325045863340694574185537183444914086631135132460634153157766440423184932732502849920636361452456961600000
-593586337335149524076470695458880041445092098002558723083097755195638086983385104658244007294129036444251493005585116331904097094992567315011969109373285345516948679285200070390310855721991860509191912493324375300000
393577116526309497915530537903408432713455140183756714406401132332580082489505604497298866366640214496235546968589267363329626345165727563509092926802163604947090887368643538820249928373722577562491982027063667200000
-255077645462358000018666522830386509806437599070882501721752669585158274790952408758384528256977012645569750948050275725430395160517378948665772607235368632935943308851591658011882212527089376875325793318854812800000
161554133835034438025858569508050705078798258970349600318291581999520300484945144005591890083889641663513540908922187943617521485967048751577091315680692764040106787902224674953090594336367250780535727369757107200000
-99969991658242671122944888485639874481656711231871507100658389060568913619201645731617159502843779576100763944537727468538353488077784133604055888483933147932901699170443517470872725278018709532143929350757103425000
60426306068982236767646688151320101908912501011264555403064626276610543343161883642221927521718906765998683984253915269872071441682571742978451559261399591639442804831912526115727513945824642206095886185346515848000
-35668272802759524166101104257853977454221219222112441867941800799074541296362041466233630136508405515077420382200471678897585595882368538629832721046517665602975196234578485978993437582282620758704379211410684202000
20555512995609207041404614722607302964943106328860468352003720555984350139470340650532202847595598792441907967742925478401341028456263776187224911878697211235342262170467944645387822826824986047671898252674254848000
-11562476060030178960790095781466607917780497309984013448002092812741196953452066615924364101772524320748573231855395581600754328506648374105314012931767181319880022470888218863030650340089054651815442767129268352000
6346452411508336439186554737204379060380119268713026889023707395395637251542958476626435352213351004908886785258208394591943566898712206102998770965999629051914085673462491023311421204575110106555094384337614848000
-3398171352664907932702441643314064969475744391045302204756077731088495749526546292068880554847696922760760268288067160242283582843214049865169001656180330678553241525535445335260794057081096290513668212407617024000
1774454125122373917970443468999889550598229825379702416246384998389270170439228760371943700085759769415974665309471399580048907485678984378910984841884686082105049040826064894243113240128701992820090535607013376000
-903348273678622319528614028947420733797972938563265939126917273722956152277892896532246383138560928986458119131703809079461209014846348301251112805671861685043111785963046302154346497710437041194695689026601024000
448204776286307922393537318494128182239168138538932957621666335445514688385443147985643290099656968873606732430723973574100962000108700433651383789231285644390599551782140308254517070904388221216458639496408576000
-216661776308026232702069897056415349106737918383136395194825886348661850516368885309956758084005776702379585811761868225087266476383906636319644925070547514818006785304285773599035947654471689447338076719089024000
102004638913692748759688860542631038058400830746248008602362572115259540306484219430672262746657314518096319259498570825754077471905506066895622780476853515351166616892918607760523940950950908567329832407357440000
-46755178591418812537455058187173724694644405489100930257284438802256190830297250033137607649730942658942849295743662284736351690970189320270366883847917146534758915589258099998535185444858261721045735627826560000
20856660342655019084165178976620998165340494292846817791424431601583277563138526532968290289513049889840873648349680467986861577897934156005880692939048443511098993911311416503111994276315558505270201568317440000
-9050871546550438247790838648829898239923640459933402092560623423460888104291860050612483998420314231731136839737368398834564021720025412908349574767579086751400401972564542212114185638480911369572184604738560000
3819299517831476401406669609975243206090919795630936503896662645946346297611228701527692342534676462975916429772404682787562038121522602068291138989123550131400978434318301946408507039966805336954323938877440000
-1566509567860566492764454332216408346248228822426751300426365538376431098629605522110967562367738393017465723148837858174585992198280754754572537476007706108582432560950866032706614215611385001485171928055200000
624219580216679308354548493738340503186394997783177495171705101843703127471696255294093305270896461286758607747055033308528059149067849865529636324180409259086996077730184457240093652073998286433994233964800000
-241538144718430602530947739508990747604448074666426221195376157927739849935730292350581387725288312089666634966122773543551573464534979608680539046893181036475828463176075916698274746425259121113324624955200000
90710255843044201285818507872298918167559831729625698677855030198742720658686090588604258398888950005934855747070037191176814055268128296873776590694223147976900066036557088667055170734924321661824702924800000
-33045799835054180356223421412965117511021989894918230627250701256055678385619501121611088424037598036124715907991837487225106155010589133144573711293452799255425045892684874632151296662015815851305361155200000
11671319558569739667670746088377517554913222586793277622619156461947195031655700521085465632479751409676700995409028816812532286317775753813660352843335266042732377724696698745549479204243820009124092569600000
-3994007481301155707214513198893020210269976973856533582636329419830531791766770805921721656801889945518454638672839873213211896314277514801492039246358484111291969236247338461259570441547446436792762790400000
1323458100312808991739720349929048117012536748733525920873576612488223552301415178293588241307135129875937631749580076331005125405914442774458900578675000652262427675916277833316780738027556215741980569600000
-424361296765558437273982586839079700760995012060579225506435424929764839277708908869794707772145094567562533099204420612053721353571129129082725974116312562813269644197855670376564661398306388700695870400000
131577257931663931197158775655142145569093532553548733587131088350991101276990307642020829699709961096866536609072527569654049762117568851752170515417686693884329214691046554205885051059193271340497369600000
-39420546476326513786668769186280586812500422353043200582704474069956933942586296169549440578033104344621214368078129259868353308730423627984950286419138933487745032721437547640083161297334304093613011932160
11402994222069084415298989693033085412469765511053146575756040943015113477082786962014396677736469160432009184677319846222137278746420536124787448131019950856028721390382341045267147052945514480754329763840
-3182043030506523131196671018364816493360681447174552948931922423015413610597506735856908596720961986520780340792182933278257979287372737475865431600053611569659942236063326178873442821322238947364693212160
855849221409494012196439379652372021898443840624866871358902286157155411271019324852950966288304481556371046994613591515544522979759237738200866603548297532897960685779596986290758980953985622612922531840
-221656405241044631561012858742195488156443333948181854943516310673319948027271713977431299146123125772295303866219209198233514701295757693713160767541206886310249009527733989148928820955424170256050012160
55222357015069942811048186261031401893646782160100669743713406119304623729977728049740669683463200884447272935528661115130841032848770082862794378072549812506359614830438917711843858507925744838877511680
-13219963977194707225990829380025049809408941121060476800676263864223789088434151845892049662229219950501911393516680362476925124578313504486608596764835113653751769974895571593950169313520004436907185070
3037535364924629848470632813082108069881301616272976062121500407325776668928775430563032682917086435355826845342232905584487512159161921362757529478162238411018135946630761926899540787929863999977341680
-669029895816958088582836783735905090026587389522536236505668491554041399903322765871711768587335560193975382782922850621569788711097183599233641903721780201669624588569701349231929684091096329903067820
141064665798587606101811891134011740930159837173070653823529391996845031532514381128627946138239951154329658384366076820433253701193461111604785723025012435300832876384219911503054716712399434864551680
-28432042477895800786053062377232396008482659489394787845348934407648129506368468089904671096649694297008011767558991075124305941993504550970639134263547254896062839359985152281495865609562755917596400
5469289714336938293631029042310789878233683738480487660566527744422734385159530920716237431195924811262209688672993923289865167332876552545019233648794398616550071886396932451031573566854719595193600
-1002405656664428364783112528135190948343015778710783393415119829155970242114271582564113150776119253692818893030635402204268307065656428931427174677109176752444735947828795046419617549160876802446400
174717035040933776197793876435944745091347254234370955066759453805958987970473162824284696117580039071269276328663713643028794835599096520078156658434099595591576234830978517538708224387854829913600
-28901410367695786067842711223456252384041300706899430971141381756899982385095057021940689014284611318478298421619087961869820013481720382518093837739421691884402008886684333802567824824488899421400
4527098811600621527180773562947935581693902567118458393486012094352435831057965500054789308040309355689017908690779175230587684561038436563887963191650247215783867536540087886482678149795342024000
-669825844573561348409400170028010876883281502277731088832114034368472648472862242355045356801882506709089384449145898375954300266684258471187504757948250863559857951835013003612232991551351626000
93357875572429204474684735224204520651324678514659149358749386938870572391622259255140774385718758667697851335924387300473872932005986788560914689152236959142795502944811811133430781804405024000
-12219555973719187893552450376514071879080854626814305289619110417302325838906784072978091167299816916838765599368249679936440179240759102796574390074629366965101087703054352813340704774771826000
1496858033347340162358852422401856430068306068352869668567098226102013739943750556555019970798435305632299419200953070893942949223892548295198178488709590922992441251501137122724285279689024000
-170937491462504895084189937126137925655948532497086968324020476437575643141724600594246107776364525643194686760602665503320645436061803354698557420006959457255309649091179239323452331322512000
18117637743823451523472371980090924869022798940065153816453689200720153677308101619335408054509354006707798664840227506132104738147697843343276520708244337839562782485610751472525604866688000
-1773218735172815912649538352993057782447476307377429968438326712565076675732428144269135079513168149364337831586668568499980677023781899919559165312072843456642978319343472256333232926574500
159313457187365661032635736580948555747001856380727918912947116791259153090801417623020951474193588108569900579698274962442413199576589003761866802582078919423061933292059335673460366788000
-13048356974866954148991383987376161080615834819184506012516807250645379779894212757258722236331402489205555952162671063243358713359748065748464475585769130954398314079238010217061481637000
966225442105850489049279343197441349440643636197464246877277627816385147337621043843290506095284019035386622573368039063309868361184650157902823977260259614474453670660930343346040293120
-64042116377762538321909937563062924980647575603352722412352640501534979638044116918252123572714359012151688948920069696894711265432961807488596910591092349210794956195744556074802528880
3752601431459035987635797146887498999243982065616309869357576297031126020834969172861128746405189147762045556625847246246381705083952564043174441345743476417674335949329034968686053120
-191359171903370177879932153561974452099018339120566704559005850973030221625570797451551529289152352768104931663248072013055616941874864847758274330308667260520347781899302919253554880
8319002039041182435293616572933563878972239046055391480423887150636994257279988419676653371802669053163077154050326636247995371736032972916766232881958479587888861833060226342853120
-299759958677185464026842689011955586200211419707990828216804607149866183377754684765134512440593623407980777553471591165823812820845575873595211835351182459640127993346876778297960
8594832213942932467379742504819688797726455518786378529689918194897443537534182777678404986835323303854668512063672982857677995800387327640475166160953851757516366015340852143040
-183841476735538053003029802332607648570654152676621270044295443507878771909683176208829622285182900003229102397016092548676000589211544242196673427390253280010252736181464582960
2607647961287707777740287123697914679622209260206042812000644580715832197797451437441227271110486763521435656869361349689669451102452449888691593271427133889693305051906551040
-18396048526739557200136671461318605592950767073215115552821448700993212167064444900615680386603190939839526988180254512663929747040461267440308428033153630024244824619802960
