-355
44738520
-1409498257230
19735481375899520
-155428017043482663480
783357205899152623939200
-2741510861500787220485440800
7048256577314758589548446739200
-13871960105236629792157998433068300
21569014117208914846216629069806839200
-27160781027095326020098290156154262262600
28261578301119090307722769618350795338102400
-24705525959188695882128124738386225471914362600
18398453698932855082491818148368856763273692422400
-11811525665729705215177872376485228967683497162337600
6603955238883541849197228199830408018375928635653644800
-3244425181402906932936274193220588226809070971005950206450
1411560707989189986573271183248387132477734766818007457294800
-547637631342435711426687533967609601665381907172192454905597700
190632507770126984046324826228547625993569396074477541975781244800
-59870521971555505927048890737403238788605388454640603026768797195000
17049386918992804209393441937337978095302084135345998844702341557680000
-4422308023134867010850128293916006421616361455445190167278464176637820000
1049115250796471210574003214316225220958727593974573885128125028943931680000
-228490380377025202943225918806868294694533711695340832144857911034700148132500
45844309918846336718528848349410054647511243914553184561544291270002237721304800
-8500796455647144173566379603180770621317880049475335993498543441425311384804490200
1461064187526426030687480245212809102563299175142745814322899175633505919438221404800
-233399413150506533812921828304461001038431316318944679249507928132035605684135570100200
34741821802417372091363622062384834665867997505434923575707967271439649538600270163404800
-4830078281141637425479859122839891597296370208741716458233843783154317942797065337995584000
628583673415918567096995943120549638630877464917870995975606075854746742141490301176982016000
-76732019297522692193058193248058423221189759758006633171822983484296091322684012829515555646500
8803114382879058835474672572671650287936238590565947403080694457845745147374517747353861763316000
-950896271518793423639175509928145588066012263464860974286577193993720026650093993593710522944209000
96874983416771770832791105011455158686235371820746652727318231681972456592597330939179651643622272000
-9323394912492689972379013685936566734394638651103325037056848548966622328964562107031588556988705528000
848953335435857385826792059922650593749231611170150537486748365756014078188025167285704677253458054272000
-73243390222946363562110513585334995581629517556224739688806508417070630107162301499737101382903779680928000
5995460260563914562088762250774850946676661047876531880483343539749481742841640490416349816289975138326272000
-466240714325415668367433901907913018150152219301273424518212512458330791158169448762533953682425097866403996000
34487944903081193258465318916619593294980682663175218737830230011373399105158490146893826256209081718679439904000
-2429425465760641811502357706291421361920405106807718738991792636872602010320917882167332054661449378370082699496000
163156482767059739094168074925064109809533923495378735604675415076415482549275445611687736733174763660618382527104000
-10457605780000865684119949508975351406071929252385357397958970858170103726269132629394999774526303330517807060643496000
640366971219806096212777155117502999680453939405325588813290067364490302250554294343199986193215611350226210133231360000
-37498691416292511141601608938305613982705750084014408499180509904095760331551952768323046828551584681850273852267752640000
2101827965776221620420346225579559937022496673790098688426679046756686582712284555890758880092323679931178590897412431360000
-112864695205642324262163912923146152330017496084194791593245294420045147873153887820903029255165962675679403838723421623390000
5811239100417462180168992741029162822010030377306329411046795617402607813690452406485346142707470624663969437800226686701360000
-287133323951626806322149931334250935035515600942705736199822171455862852074445253404440952911176123564646729921709200589914197600
13625199298502724699540574058054051290205104779220497033728124448200083296592207211145605602502499759647427141044612215920634342400
-621402811645952112674572164723847507085570904762666758393633888711716890613553101141156519417977356826730903276909254097466178897600
27257660676314572985158449216309574379870311356794854860174436892667464718348009579995992060023317194290663929571965344561549554662400
-1150776182510428931971835227904888680497755199185067828182858282379766431416702713094556442564269738159097855180272661729639164651897600
46791891057448845828937432407372333124371533718930030699666634291805378864216341722522460309224852163163317747825962774461361075101952000
-1833612468162892606847031929563003394553856316066834356712797519606400256136697072046894969687606140777734998313961970468999426389733348000
69290121388478701969298612552793876506538708236817991683524293095474114449811978983573276946249778867382946184362879312496729324230809952000
-2526514738297320470349624588091037362119067922424593245509147834537440651762302959008347718045167694902514733032144809557122864339915392248000
88942609046224314771193448871883965097247647080034287468449586967985098313576459008537478529194780236752015353258015955865574342910253325952000
-3024666364578892148850932771705665118619595331603666012034705745709882128066554998366722446926853047356768188784059056499123038591885489841576000
99416499611248810903806633085377497088860786733795960208517240398629783335407670658490626753276494249911899102672818824528015079801656261645824000
-3159939474246095464369926700573493228879838653465641054692207322878508209600271750448762556540602326729574855427593048074832833107504204917832576000
97175503267468235827446654916905590714073466033611056833336371126545527344663836929396362459339823026279916491325345698115846882783958991043329024000
-2892703109838655890186704879727388127484439365237344372224577733175920313380741448477629169508018867619942367644240252838273216447989583940166519669750
83392009178307286964435657834507899154462654363528649594545223171793395069769067082739700081911644515055379971377150957562527281269853567789889253438000
-2329252149842853374122112500704026993164443685435300107327530477063574514403979022701987274854478392218152668902085991702404759362906752465433433327949500
63062595073134557290555817528528541911613684061720791678360156841256090929517040432860041309136530602946180166559127442090324088645630445007555748038688000
-1655679520863669634435719464485487352208437036932734824944766738902536914994441657783227049085312273297636076643694773053029289508146233056739246403037362000
42170619915566484887673405826794399974417960270239688261311109814382952417535386093136997454375405904046322452871456198173187095760521908294985922246990688000
-1042431905565916424901926791993973815694158252598526987888022076789211247259994620516575268706371640842369552470215333061985160606937391049434728537176887160000
25018365733581994197646243007855371576659798062364647709312529842941069934239870892397806448952919380216869259285167993487643854566497385186433484892245291840000
-583187564354124568062841367922887916029156376862308332145261461950393871898819490452979037248827108569596199490987458622885874041217228110207139033152741765285000
13208558128595499881199606256862615859083328591062707160180986566253469461944064030721102998645981740648523718101749353715112301234519527864432511305198596378840000
-290774009102275185386912223275845777793395941987585515970171247183215757883107190438166224503976342741679854947671253258035623228911631585925762382273627756550910000
6223856123718032412548307854650992292679977140498719310721532117486075955400196574000926832049555851750800806346598914180886939868615189856970985035687961224663033600
-129572796921913033167680310113214538123697121047062066896633226384276860727305789097478783003311468424027362562737564548361750975114457750192331021391350701056874156400
2624586712621701405178906143254615140918119320166632819365502438159236610879830670846822722814250988674648361331511309158383006427280471912143394559793498700308038233600
-51741544197659350466561995681805028700996079779767604698803045354249999728063407378704596350602248164468441667728927996674164394131237192901773650048683765222492835926400
993079495300821604916946337245526928043601092828021592892392883306117924599639030516063350306127174192066626618689618835702308570199666065461633535880714009519481150233600
-18562052285212622576279641498905649807377465738992512976523827916483493239098721722731887231307884876988432845196991508315763853548458602043882486207770377091994989468233500
337981559853778500754865278467499550158290133675202190249572104589968607882287714050364605426149239284338689440422708969583053345574311604110711375144807244157611556444604000
-5996659439636470689850711271036758452325129571324404595324836652243879370756217515455465168343996192126842651536565973048814373465252966787925636193657145900542417652498171000
103704168819934761519241448393995537084657662448730478424825045638224243390102007536841674886896549621893384545428991691848388619125617281353797153950869173175645444832054304000
-1748523421249832574147198961732604173954738866760631560051447116572264740912279724298542689855328176299182832480887430922266290480265810989991481520462153438709376831947940546000
28750807258751572291859825142399083164819789255524294717524140823361252764066274220991954540458544961154729480793000248244323226166862054755846090606353471075248992060265098528000
-461151908369177970444975553923426289448270251432340664960136736308074912675556793477833230824777816413848621359788105252700895078008204258197845576330598420793092574245157973672000
7217097431335625005552916397879955680127401361298632026492001220254897853863886316317903711266994453840514241220116236730603412255323007479070418230917871123459713829407376526528000
-110233148408549723822547069273971983187131864723109955413933418947955781644224475384865440195295889849523484628842532101850787991344506798506189067506611145965126344454562745730147000
1643602545088165204183575188679862025291380097368789063780733810305437398726106229119321796342030775759136678273553643650673584765781041652666955388057164850784658728122923686619528000
-23928621003644676753499765941367003621294567652125240783499140071638111758614330502332842325139997435974838615482569558951318825124040658875401322732918662349232207470851330338840474000
340230835823347279273526921990136031202234944285935798914662812292592420107026413557140223008245846890643810885325403954735428540684101357157982531561982246063035507359970901994497376000
-4725647127862538929427587249064553634707696394754123163540486162089964260420856829417646710429157609441278007028560942145870949275917254211820603071001677082870571512375418148555659974000
64131987198519293488321480049277494210596666901452186431232293185509497633386344225890357299495063425341594097928589333485229337751192465067251139560861700691295664450985903642602514176000
-850561730172847157605580118322179749778815391298583100462843051846613005676653722667254988860403688066133552596441088207537408427085162266723188523539816867622481623058690251468192172224000
11026672845454085034886745024232136368323700917665841856415804661058584117913405601337266891597477174929376803743335991166966956894068031601840781967219786538706963977602965032884042565120000
-139758531727934702565113476512101954974774650660984084353957652631683176240163519410438889793902963468568313266976490211829670493472134624932662749653751741080709825874546955569243937498817500
1732179927302033507740809137733582907996420518809790623979288513050947526880955359715989113849058134536142248904424527850220943167897380318965607313595696996266134238939968941509506963052620000
-20997721711415039879705616474810647202400174221194776575832231151385293838713838393741687695066763544443171257778218237906140402389606509174749580284894277384662600398961903804610402972256255000
248999000937404509231599384671808250224646245146836211891595269190756493328300903323562280448060353656704737910827021373574457925449405869026231529336960768774107343002647516354151563620805120000
-2889010908376235818359631860654655223231458059316167148472234110785752213841611230811631358898620253301916721610370515486897648080026731595376851319132087319701580447188217808499043516910391404800
32802352656775721735681403845550905457853190693288476012611316895171940438779607802914066318309361064448701339456872324846037956202432718390640959434090273670925973308021580183471543603826014515200
-364536795129667985659479007499657943093276024716330919363142355895489708330655232005067979795198638565227152784442813828433655760676804434164196306298438247991746632049861891810184865726448253004800
3965819469006104273058198617172261396932184529047040191273111334530477912780743166848612117639989260877015464772292562995805336344073339671363453755089127045924727051057296644845347955762442413875200
-42242797263750394526142936805269883809093939294284435410168628304356678055987115339262366259355170373186027614732900692509591068312162110780150900857069456160682496193163839603918980458157842831004800
440627817263609557415549907719368402543837008511810437384978889342495961581725012609085906560167310015092351536896469808490065565160874624917673795788026073331382046459305356412760340379877725674880000
-4501533153780035376127942182021945493022828975619634059895366832390153874510914246385222688513264983029764679651905382061833938782418266048386868756204318701640798658865895564014270800272853707057120000
45049145132981162831272172543221803372223220605345025071759240998160037586336143828616759084557240693127637167944511403189508723026845597935188564469461614076268333228947405899423451062281639124794880000
-441689410712693652481748707494460618608609373426600001048650425222100485117540101541875958990830813006410297853506710269217713226515182563911702625282244482799736184533235106829901001966185745194673120000
4243430359093485756154930095804032728765348734989128063268845563214496908783477598720300434563537776264935362190949409727260892056842774057329970916607736238085437845918827374294438175947168226538234880000
-39953124269398790476855405881361523026825814432531935091562250478447236391170056647455390661789342244709319102281315000262660919634364713593497267493763334787097810462504331290619328032626540513088298240000
368706277244356795096207050591212613768541709620697276816085880074780015146627718613932938869255366495611429202645454166858663842716159840470336279775250890238793072058160253637576501470803357073305077760000
-3335551422828990231530028085789333436150181899670467767089145548211584095890821120537924412932235988942002598640418429871595028024176700801691185536126853178825611974667736267781076129098233080678869063240000
29585027170798035685031314972523827053381235901721238736741191025785196050137899352153118279509226968722331138822087061910671665275758197665936009795566049308565550145114663540121666385554819154621818045760000
-257307328107735547510265043092443493999432726433952746473924290585832173311098540002655802247972331105549120213136478802762489046972427925822028412679519466551081530267171845589136028769842694231128768228240000
2194651539550288828669784261688289309877959284820406034197252172255717894101468076544391266054539050941848072592952348502957184461133449529884673342173897605063288968932853246310362498694764151929778832222720000
-18359819348665016584016717044737592101936087896324932139086688449662151279808870385591972386184111654687343615020515228792314751605628067786087083342388040985758722944693992054392924800503188601262133870725280000
150666130933715633207838551094867568585221153475166745326644914433577867351056268802385843376022964923731275647377061782570930669615737791132871546084484109297698290650532857872911359514159266178054136204382720000
-1213000857785151982062044629150082541365403370132122042362986322387138215162364176171808060061444296963171483147559322241308812050746468121501438752342484425192565073270280372049068968177015792719480517282929280000
9582030079463190545963460235523256366591305882102937656019567966069827646417816976434089176662199338711123140372754468130906641568018000843417621961163736864609921570249745324404847896063392037057550214344862720000
-74277368584727683659248003388214131383385730492343084434248907931426702154957556944059389190619305637752022260007549826743920407293750648899061948014923758855005728838828320960881329610977509453927016852517034800000
565078233893949068827380616719680541630150686780898990275553607064683545715988834277515948747212672573961563240808751444713122781641084780887447306720460894495318496071583478034752135604748235299242322594136835200000
-4219521633512993379370055705646467016750643474839820927050208508651974869283842719056530506565033837848875443439043633721906824716095928757901893383245011037026618716198055585344019558132714567279836802971980784800000
30929213501887561226691896194948152970426291148511916288331014791160645456018310673044682864434925803561959889987189028040490398156928687655250734921563800909650598793806568325223768452553738822993243578715102195200000
-222573266439279185885290818293107321671741590094413047957045945345157014767362776903077595881039288842242930532465691907105373443396592245081024880875137422401920467347548320669724554858651056648372750308353755384800000
1572613671353371015791110805731779092003857378971084831645303831430741403540278436486385061457071199243751649970189592738843726601662962166844489398311370971723009254090837414524005814809284905854742504578704294046842880
-10910923613372541195412891417268186898786400002285589765740650776534689774411572782850770227666599617378432885649182001171006402207519124446696501809939481050914446102850318113656129786812038491748175367651782519839109120
74342294092329889466866830875572240525080923470219925159392061363882216346254213066164563515385245926679909504699764721972156958087762520937079717459551690096800419673807338298614547650288039065605894984404506900628602880
-497495328770577478700973279054480958460107271130272388574273986816248173975809214769735651146872177041449704468065606926376297671002219882694235675169842947625933521329096092431542823420729424511236323973699617986561318870
3270117723829147703276681759275004216104823853453140733838614612938434605021928679068130789318518491286697582689435030829562222489327974259276862874393251666553398972240961899797601117544202113499012923594685356279191352880
-21115479089518091308879757217803836395410585976809111395274486369047732323847216988361524993158776944476974775797905191673134765038338176984827672258471218231517139813360648953574746861065742937016555342442014171832352448700
133949974686865421143866085295670231650252201607094406091437660047783481831088131823377953315962769843455590116686856872344510405054113821996170369602366453094568026842357303635100591007695416298314217166808894050600618668800
-834888728246572061618744302639754524073062405115476331263557238225971872723714543397076969012102431575362749211565044949121107351887156518744610784503363129736178964824773044770176726585556124048049948262890995339145878561200
5113262777054702406440628795905955459323833383492014462308142741842325106190080771861932868726051728596783243743801837843178488669458250246747478882353798859353196016352343975251391590896761165406158584148824629490740454508800
-30774403823430866248698614020091373386815958449576660220938888280694933832749823954909067898772314783789583892189180263637472493429476701153695327207456710232314576759366309927681144900680668433074078415592522214548609388411200
182029121106493683490244751240924556987586300184601589674469802834508305468885104106403156076140221327435782912372764467496270770463516509430362484113241885489355905331121438145625647204026121102078773838182381055052954297433600
-1058250938768390965182878884958119414377063541984754775957291491619368705599250992617724100871068439614935245500893760295491268364898976359349991757905103087412681182112357110854291750551563839532084151819091330691435398067081400
6047405972003971514819908236190956146221233270771850298368333753802920234842200674740615704780612529135249330888372377550919680310384389599789158505294354347249961791712023777600720123456685554523587713117825124654515160908033600
-33971725388098974828132146766222677981458399314242980296667859342343531277234481746714230661265212611815695687238445984182678970766920415027044946757765979963408326110015963860087305163175786458122660005096515945214486790017976400
187615495357989390303866911057555231682290618520106773436967406617950632027639777459831026783274325683514413985357442176710759116852827284563211220891292434450366028116719807863296713945008494292610129557673962911762672658872633600
-1018723423136429635871889592311240588356519340612365477705574298434458980282732822253189644153569903615715383081207437941655231582197048151002028274661010068182663497057240079176089427632526990055664950927318954228792981516353062800
5438930588269865060609921477102978774232402237812933014716587612948403702184517513467258266135331414384914924891689668169561536193386825559074457481294615596659153675954111511697944580585832947662014010926479708146521916909198707200
-28554385588416791568202087754790638564720111748517898327262084967979119436468716945703105897210489925520803355681370757890198065015280834185140901776796731882460556798759085436414209048075622975225573557364018467769240063773293212800
147423238930152632725536877930450215517085946401365623443641345913216466019102218214071646936470961141218853493051806892024820329211858249788764039610107671046146791754403110373850385567002394798396750642684904579842793729420959667200
-748555430348998868973719730922992512614702074202034390757983876825648557614065077813531521715571519463628079930070008480632779110840439007620041327474374352660964002557356726859198169654905244305960430093443813575765234807918760725300
3738326762741730380130348240043482227088880751068423830182559194610848920308053896333926743407134817773172337343988151746323034798489707291324819946958825542420985506231745841627386816350299674298494419016009532720825191668559803860000
-18363504269090065977344184362296536897928767806512647346340100896439640626596735570990295335682946126581492881917416747101038593109169579694470377736259695239320649811034897510366018303303787230067604246610402615953503705874611958265000
88733567576533311541041711989150594508497858266686315207341754602371304348499455846199392742406890774822211150830162759280949869873064502447027579328487775376412835886390849111128611558043789505055253135918913394761490256495140091360000
-421796374618162204664207637601458594358076401597226343394066418505912279952068656051959777745258759786580690615211257152076870955124787667060215421259198121802752049184025821781401669285750429467488039251507175930239277163829916063390000
1972550191358770899376455734711672316590825833044927159882237369260746657976828798069396512077102179004637341670811835618090583759509749774553389752570379072926846932772501099978930990132145065043578135545627720993701306799580073211360000
-9075922602685189215908781330490038958891788638487825965635938829009724345202275614228189951679200136953559146509813123660570119275699859796028429961548821934433414609567696727791948033485791904828285621438271547372130123841178981298046400
41088243267381955687161442220012446010817332152943614204499984636011569045619038551076298389199322614661382805110694700966566816899032600657218484029249401138544572152888729749993247831609902354457916538193243375551105649023369991031513600
-183035105839777452444526609882526876552948867837305649131810202507052748344189623732484578709954271244094709993282453658162224002859476034117104553097921468775110193496687195057092064580900396477803117556587032611456689079948678274192971400
802355095085420268274917450540620187293664873424450275163818861995972695291869043057483768161846618735700916770074427125719799148935366428166978547596920391295087684901364996709750920544819303898767342098625953199933342160195376555366993600
-3461298170985590412672395405943679825511366146701892528324133241353768362397361693631645591030121678033008310584818036971043469856992258555377610399143756464539092846794305593201969426969974623148043009055840894161409188019372102378269596400
14695209716567334946621616291623531413201221517735402201417756113135665888221889396479827275133086832856060257217541717837520662868395853179959053515615532128324140286077801061669131386095209638339246073827087250966232556835627656299000992000
-61404552139546997180596874551237067960101044334196059930143417216824980625714813890476543219140716097398911550632585459614547940763654910996747871176422906253992172154461107501646626459592199741661719017151654974667374361935327939734924058000
252543627640014458443757911254258144408422389160755396627782833533727503586858086452227272724394873426504606976223334965064887502245781989419705147810501381167784106630315600392994782910771992413919364967453696892850815177717384284091348992000
-1022364667237922656016047839659773366930763301993875225869266180890563821502622379224024211216154074000800436052880405980789240340669002308634226163390365329362178721365419199299649325258192930834125338206050234805655993938282990431603742208000
4074091453511225032937016872698240104350018515726077518886648159789524213182239190401688823019667973226400819971970397536831265728426801494444305233360981161396437368191044334252753910992895400654765360240114111596100132641840971007534804992000
-15982056024174405231746090603153154784349633181319974016960610994018084730813530105316000002021490477002394622878325280181104682061611778909358177853917052075517079011741626065130187949666465648857609816488807017853060774240503105993425109036000
61720911085373043529135089454035083775029346089381377222862736890752145129175480022474166282256058126995397991150490870230674090239403785191249991739844627173626082226433537889116636492165112353429349680559991424526939382916219394404761664864000
-234665989521780508168748222862866738841495320154875903089257230212472938314824667433413152941997856118340489519699250477156183942927067104487430095480621732358313675912047128643268827382438922257945966334246170718286943246714040824306566212536000
878427515295201257873123687494797484971950715545309865544249579886774381912725436571099346569285211265221563689683791465845362272865158114490641257710892958463940869114703572823401125226686945390728820344717044486354255995528309090377276120064000
-3237568454926308948977724495005643214150226891779112941014868999278556577358215340640114036513484299059716998326690383856996762222890030440635885530771233941090570880966368622487021495486178249912163787624607967834912665176261367929060418073536000
11749192409429543587107407901067311278532320180267267532498404302248719553461585882653563519101276354347108886489513679525115890087108723876393957408271732355546314161229649950476316758642218956522379512114279787771877734413760262677361590658048000
-41984730271596665970346906249462805715118269554025895146522912368926156398236641757839082093278544830026326932201187491259930199629391382326340419220318958242063071895127101211113820398705931863470829880185114545729025570837151956219230602065152000
147736150092631876785326257366606257006663792210329708705911740407936365029128010166994017724048308488632206956810776135475797270279678464483407199275887313494320399566144114326575563076747295684806675073392606441954306479962520863979720117762048000
-511931094643193387949323033471919591181573325608080209791201605854470820444081225990014949242830520780070807560340515760546642886572521028378036688505564595629890497377000443780237267732035227652699037303460540767771156747690423151150815165718752000
1746957466766016608770449918921157208603370421451137199926111596687796087103460404393782326004104683915437876407024544941910927568954314957803892293985026705944177284981337181912294564694341284546852665233867096578902980331812590665724696240034048000
-5871046503794095609924911708485030930297659245101788946118463281256131313492165805423740775541476381497816738617033180881768125956217572327913599967242066394976754975910462761011474380482280182062735816984060268346918753104750791294412149561014080000
19432419028870686690296934263329408486643023575730362893236529195755733834172079453921935885229857053687790952098455571918232834121492477007790084444087279982607648629955139285993452222584624504659889309906818816445681905560350213215635083721937920000
-63347820563930431824598655938674671574511216761324091663961063823954797414189748330708674239705673476024345835969684755657324660475623849888733218424561295592302063328877217005154628373387093423942143893209961921201933770083346907542220900122614080000
203397111995437828748592750879845007839360816796291219637809562271601463874970030926117837540136870538676051236370838527169176069132465150152283984019734781023016441499942699232428051995355879904679216130238380860697685441208503606107028621677393920000
-643251092497396507624818579204461608389845384047697449765511552977393597719794738114178122163778742806437218583408357053042721609306526808757135658141946939759968333240124636966764220851609530485966781122149383307931783700299676700394433990520174080000
2003792790995971488241883835301408569482163253490623239432809866254476709305091200525472419736309944938256674379009216746457980131521392899769167078750750630305338089505563767073610013689585280273019785111936364655565458449260054113228702128836721868800
-6148582805764982372995313037886221045993999712068383531923074153461446175837410043864463714602160509957268809499304204627262543695795999281061452791457260351881846593149997756217057018052085204825356971691129891662798336135838032134822924478428511651200
18584895699662318324656521543479638295874359115644535316766811262286862238408483561996528964153537988793562743284053463608262435373522868521797546475783993305940289986432129577156322620621796436405311493863935530048847752520645992244859129126664315468800
-55337635563749614097538849227793604231507477380665986186059138407253025831135423170127336794824167636686450661663959342578812221170733522888994518749903349087101151925577374587757373827549580154239158302064686966302813591104351204215763637827882785811200
162318664861378974793018045810834683689460340006382823435928406231617876461828020699143210927397851851263674010980479849346995655394969551986494205867198787821919249167424985901057676783134725545894730309954356600636797620122697280890556778428130699468800
-469045833260697731944330695649364112976102602873382464326814723254173570485760754257940837132025428381930909854260723021454088525813395811874553087170261929315654003188276676079831018173487304914641793989798661627611733863703318917388221554948572121536000
1335279466231974398585392936694310144153207568584082969169929133713172487951649552367528287728739035823460955912449927409813318038871235523905507131096343474732003142558268548515288302522270993118621295890375213761410846648894305287118680598904906148864000
-3744982420372438522007655754493361511350595831693934667276161890203098578166773187552703340728401919062774612523321781979805188356755725498319813971319327531278765364895716291076524531838591279184670843180526136144452030688592255025921161282419535265536000
10348045425410850460524364206091483795107012328873060956465314481526290125988847791315863607084218698151420213934668231875638356170108029941548637034548815803231264946877780844786564963964761044242369170311241498231150918564291943954093600299500555864064000
-28171343301473673088848952165384155538492976705455492535930162170598908158738956524036857065257128815864787621046326685483982503835145528464159863150913569345700096257348126851463046614002482888905213966753804869165493531815696602738210451500610430453536000
75562580425866565071039702228846325155110453223106332061311581804557480466683307783976142544648777948762235313719584798463976445641091585478739968948250275118634589815180658727956396761590297420058397140920359006264201788770809295291971349824865961011968000
-199693928944287032543649235029517593438738398304294971500568175881861656884853397715954293464987082873088866126085903530430191422375978800113762186986055451607747771771654308210149306264176185189574493935634394253200650518716797406036814907594452247351232000
519984283049300810297535667157990047989869987588889671564978575970110527304389916280818271776369464900110949526062456228855600965308333827766270974240105956750123855598952062923828397471784343807998373410824599019687106683985149835685556299176998022099968000
-1334107479945497022934326387323271150457486428942624046717514210263286349210315244405298825909714787420975583238254572014736723379785112602865358143251104806022464388568599253564839376163956430535680752016381435709151384144705108993034232989069413695168832000
3372672709862494419502852945909707958089439110865729456475977806993527910167361155364522414684664039731916213676754314582984380842868755311697693283170901385824938387651487556169179334988100039279250710508868989397810996159218671439964261242544283035987968000
-8401318377683789769357175932435747593661850749157914719490368539997035936891965426486279172867546087891760817586762652046395303249168222199568284445682640086435113144309141786385414174482130083994089200623546921650918388632070333219910974854177137174825984000
20621355028955271815666208757819867397463248361684063365643638073120105971137144051678610297284930426637971290534499463140879390207053515217185451670848011948678648375702908147257353878452560407915537495700087320860443414151753129515191697934333970318319616000
-49875776794072292490142546632377853651942835481122850850264551167465868285930959765400297653977367669527673563241821468996960376254641343052286025836167523691301458545628444914214760448044399374190463288143323720031412631542547221698784911553904924249991734000
118869552489209424094737972021691222202069241125188923382723987071946895834836019332953282625828741502590371506627183084959976223855191813761704857301715699299819546399815050758525855017197497888349554856995132931609135487605604772034989645577316533469818416000
-279167841294737267146078079738156696758919602343881489767126966024612450205795539186428092730746536100341703345182008866418517867210557690152602046764835501791150756901191745177365867762649315571615708477387150725156761521255494744271460829602865104603671484000
646068902930621420351212913003492158179748192143631061131023616309425262803681984178978886530064304453124783547035286791448509462578016482141459043137554875940072757588556833020596880029273892710116563997634957628239185111649797172804432689153244686525262080000
-1473382197960454290283980947920734706527737384566622595653577884247512438800702180131616026395574855498589368017810663278634227027983065545187710467259424331690801598801954279053037069514906717681190182613202858258340451073680942329035390031862417059084539920000
3311152098155556221015941723668602596421529638289122530921241174792729646794352890885078805383196078156225883713607019209702974683000619562191536914439896738198483656912346218709311784761578610355399081831356141252271915814428536323253641604239031312971662080000
-7332862368992030064912383338195891899395817384090906725260511173264962265695656370256438806299726219304195680285151387991164727195000428298363213612095354420649182470584297802636495216426513022387157016724828373116607999258353738193072248181859936170378345920000
16003012483971798851796364173133046173414411797749362966185561416081692352478003235853702365991958253002343563873738631745370581124232140987796832736843234020610210495638427143129124582319763678866383627015140206515737727024670171702686194208960963702653422080000
-34416478723341849905644555699844257426699369372534723729152823020460689615548005709107868650861455217863165127055959144897387606030301748211880563404673480165574833947182392374692073554851441761862016287849435906637908449182431288018089496420646672563019015860800
72940683998104565637506730953279985592032543826982331738941642986656916602105948883360613483858351069882321002921696141746340842522179076975670437884254401269700739632522590151002057029791338071277277360234155096902657683047362605016234623933106870907550313459200
-152339918414921801494803478055324812570792211976258731818555674859471843195472773987571680269284691121616539510586948997543498503592359158880100244753799733619379637590020773827530298552491119051375376284592562776030325223188395465201659908004198133653865926460800
313544675199107173568474163283273782499073315318943934526987262949379112632367172183986013582461364317771079500350473590129568033213364420868610797617954286846594271684224367321599888423113561441953309106117663724229854258291803969437355596041740127253422612019200
-635957143619796170072600337576361416449545354497230357782787098190458994573853340947666172156910354207486040213982197358449795946643283290107135928876727782545996152407576283670918035897409472504657748662492451876646428491160920829878838631927317435633750222460800
1271157645783768668318820424899806281541030571749371803777611332492529578684204179407589731378476377238044672884580715719447539786270929122403317502097445181055649656210265504541513742186374674369809658242697583762957763075729145739674537658105762393652231259648000
-2503883411570822867756194752025400774524771525637624651380119560555143155637523403537115139414541000493706196666726775527215109887703852729111389072552157254200695143579976511903115095570196829481996878189481768525824216649475058045849159400117885114596011847552000
4860393629741995445599413164705471185368909342491891712833270894740474389444482872706552984572425546852073714998055177046177133189097893873755954573002829278988938347742260644450360596260045543396452013822687474127843241243360111741733755333011393784957359131648000
-9297592390696128075842571951835001404685565506979739507345468114821015184560254415404655869919529185535883707631149327559140757208370256908420778393497761509763395122908127616386748643377349048100817425942572070226849909590923775144638205554626385933729105008652000
17527092965350655211125678093493769732090112545654624893955157309741573552744433268058903938844204831706389689365613429832876685780225737388498444999752287579495822165260567762728656172941654953339294203928828427709066389399396244145282580485569357920537291335648000
-32560251500824318099126330562573176537448582093032996472500595523822639757564346836411013723124976889740271548781811343289306632257256089241558619197385627209754993897709115962846828956196033606628609470677307685715765622484025789151979034156015184753741895525464000
59607617491143173386743164937264755520051419215888262718597707544162090492139092216141669380507583307234587999189433115236666915736290745884953026640545319289860313619165872002782236410812909033369829660117321839504453208484491316885130594547558716519597031803136000
-107534826312730946096709740038233438107896251367110987662126662633237060768804061409242227995748828812163751102756283962631367706363790271606841321489899764892781329845042454340013939801199748071703879464933529994412170047105977226423177147928769319467013326264464000
191173024555966126394150648956859445525148891319308422510447400236865885811207220283097294214664584554957779738233393711344653700202293816189940127093155137587166808613408807715580337424355107683029119048770719990066080083743959513641203818540034345719134802247936000
-334911795508354580192075998234777632435958826134526933129327549864693710209348940433501022306496745441953614084608414360805970427843694440106181903584521432733880816845252319726903984872447068178481596474884839158070825815326537859636652571352266912453062844998464000
578171147248603472132561701657874636417296145495624646051278279701515588419817099980386837859566041887893962227187700724549841863535463846846367028794912067759084676782068904579922941975581958694274340696502112813716644674160253568393831805168434821281869443610112000
-983557651448354101930926133806666924249922363079608893442299077967026550439224610089663128731050608251891629972772218338623036669816234354860024535074232165337165460209105514566270232803068511651360171183570734566012439367786033210516333087800358010337806410105688000
1648752506418214007305731387333837208957333382574529244892890484368009679234441882860915473454824073838291696649551866184831872041636354032475331748404501904968347018774362439164201981281042622177403777369371604912033764019952819501482666198445689224745165257026112000
-2723439115106813773830216724961988779150737056339599365653917934377853880767252803772088325512943872998479430996685275805392786531868012538998106589965108240929219117094651667301342894801429317472190344400156559994940714361802800346896111001687253805061026383339088000
4432821481655893547680032493430760243856949137134223324793216355565413259694644041485046246801410531510045626682622117355188225596291664703495510786660749561516618943659992238614958648480615046374117867543500379463419276619331828074479222894345692980510914359354112000
-7109458006478073071046746328565346362177596627480249702212260735553000088508197184303237911321477117943539086182614501233398471320498770095223946793688857122163792262429894576910871179510490557330390484877359854459667796437513081700029952007718686314300820808778160000
11235159123932834952512685420527583252151176636339051063973938547796375152667158565001967915223621340090377363852478812129125685600241130833311461872690582668599949673090005999555469403151813090988899882983029483561249753285825632111036052000650254591081152173475840000
-17494467704117557160351756997335996801260722470767289946035711754249688044615502301696615935844816274244697047305475945978435886670077603710720617149016881839360213007519684895947696564144007962332180137975827156845504977617635436121926338498942885877245327062428160000
26840634397501521066303317015599493493715700730552819355360869191060230429970125351610629802353075719595676686062832407134081610516604815152388751151267711331734537425279452207388555109854033491405337244002568094244498135339844220361529327396797571254002885108387840000
-40573885491392157034399718836021324577583748898112659344801629609230058551554608533847151225260651312492276804870451515639209105470223984065958513753039394068892158186583648965206762526453256263743690701139006444920897223122445875920791572738354970145983434960660660000
60430043773846294131234346671328550580737079840349521276010723408117460045179604611399016343400555238753929305426805812922397363999108906638484383940329290129273456341104338409414121372732355995778257360313700463151321493796195931741781423890804241955696809798198790400
-88675138045383465792972884498970231370421790996835231226324060394607947234046640027013565586998359593338715786522704770787077297250552381620482537629096639633074561032763510444184724386500848725968842722573254287977296472678578762787116765979949235068085210227214369600
128198550017056156100706553661730023019483043375579525809471117296215987834957761560527131944517258170454714262508401377953271174212135888940198085024300554369491402874046662540510881792714145950625374205996956110872647985186271876275282862047435390083876570884095590400
-182593660391906256806948559935136823530038935337243837920495748609747767684058703133714015395198567101389610239888899400296978897542335206083048753718148610073705620194623132909394548299752771628390530386007629797728565125253477146647010972392547009025859979702010649600
256211206999828950647060560139339601125729582156247031321709333645423995294974840513933985027751022322012415474380442277444230567623714151225473570175935762545785823237565046662056185848649109427804366581948960375203728688939033625576813092666676438514881118712319590400
-354167193040878866088209895277678796452154550003318793296786295327441014290076280010990976467945056848717540294216821201098475619234103918872641868036206098982241745259866616959600351421218641340419552104064607323946553126250790810402730763728746967228746347936453120000
482284906863110172699793553914980080309577373389575847456338512465530515964357917031514557711938674516129970351735745127651648814602929614530493219748184628782174512800789862535417251094833892812358207943811971788145880631282911929069995468892743194968415596155514880000
-646950292814049821252560091896096105425679918551218151051484411015973706583356977697539807174488782675741304796478755461533455262766537624455933058840641319535927876016829460183554937319747731401327938684437577569038360721225801207468466536294681766868210732350333120000
854862425266788446598273144693369747440854954727296234666862268758715205943445194277122724814771451196871893770012341391231445536477377425039525758606573075544388773304781413467322974885693662801040008279150731538479910197238005404758936717339337457460221501517498880000
-1112666925749483998111847628554893866066956895471905824904532965011411973343257278671492794850316797343667598018390853214472822922404964053348344679854844337076722979849851460230890516055382088796977871832252054313973349401836427189563968531449653759510054171079893120000
1426470228031932405003509499351498156949579867802823583580641628298922004756950933996227974203756075182103502756035715845806715489475264010449303817722462273699085323193652935886773174046555941816677832969188690727556598237211752739178433173863929129439779724987893760000
-1801246492876647768448215663241373058749407543139629054324241329298960170794161200750874698322607745825232642296201448213870663847660619121496859526655469858643043875590462821889917957438958503878647215507219036020150962320900340390578857129500794881937127770013530240000
2240165838921666871632369338449845224091556077793123025492250214522390672630755841116151309904468420167128691275319987295984423681072837496684730351155343738456594793805255049688299753153089519965582080622270166465909409529968740378576735274589320217069913965035253760000
-2743890722234026008416167944901290719099926774828131287191543890505225394707197073167143811038802405543668450839859050183297353637040366823626214188502028527608519938369507813756513049458274556612033937145217965178505415270792337691653705071786625696993992317069962240000
3309904349097763135867853085125935045059809080596585462660775200563226319513046114905356649145106719973055985306098422538644646539917533579859257758872284688054086200056241424328684287037568495803567626705661642349744176989525310066450287884777676459194937879508213760000
-3931948004982889627981907072044133775316274936455231949350061512127409043622919798826372026349894571426325621433503204204978471171768354777810238058174237496182306393035561101730733026745583755648595744050953088155924397751879676064181613689512369995146069868148429280000
4599650061992001736946724300596866879531843189382315724017158440453585166576258377291352093771065180712974432648851461002790193786171537973236321940472622586398488758258435004493602464992027387506898800533702185252769877943797674118984789527043757286379445448967422720000
-5298425531590096803090003552396783630901196526858144953519594384800206763923245789059010716445082783895874055749678444278212370449575133583984965412646396972560420226092348265797126492227770637056944539013798291089015585273658474382570058163443393728168222277043769280000
6009709705562809251363377498777743576745390075748126410386769522199845013810958864130066584440479339772224097916822697826848070640158921352113956942156600173317189199863860818134572032438265951794711467509833432301612353118402512832512188446117372662327810042969118720000
-6711562560688753431770686752825742284907018287194591119662152626336090686698415142386858323247497830255902446358365096005934247661810106856031726738898316798637573782413132255054917358653383916771005286940024776274890885287716082298456444799682511269576621908542289280000
7379643965105501482663312381282782020889016359097759498503991225958883553887470210704417315024320812942766538269922471243509543451552970470605480462595400395003413071874497773154927874570984398282154917751630741093590977575831094239035824352837080279751054493357619200000
-7988517028721268699646224647786598046903605206360881865746215235992803601223053176565464900025253356716697950220178980248051204342120819990727979701635304456280629700003742392451685011158546780141874653099867443623174885154589185546053900084771040585071912036574860800000
8513193514716550111888392560122169821132698390348294438252650097252997409187464559779381172286742484556259468791738212063913473446660775172796969763174629227319599084978336235434751474134702707103937491942844198636337890036072882483932540574529560797243610499597619200000
-8930797326401966209826206041422387471210048660959649867496410589959362738003778630032606864872413368985015888168440120651921195698686262274389198850315268151272890422767417277680892297454558294827216943900303241093508666152078863988452969732199886059426297363497300800000
9222195900478371068497492227480636368070711044487679603822360794367159238366379945633257881592093571650403335818715993042347746543002358927363979084088719990275891298967131558946491967101024826503084427932985189073898789402117662424746583670172505363924924797996019200000
-9373439913246216354020851100011318804507070705617277549325047511394780649875588576741643310850203906225469950526142935328242249586307597613772748341067774998116415916270192516513214435361481633657735012551086146174710729548312392088512427642363334451893293564683153914880
9376861908420970135328171294536806659184038731937958131913172717229006772555341890772611990651311105949969336390845103349583967523173442199495463428317891009369517891890805116755747155985175131817671012063612534348898732068583676433491646795008123529723701744743592837120
-9231714275894234596731742843060841665703660959301667302301327025917654516675052443200341305547849295400258769219136223017752255503847423465524311366242486517334209311522187999254945640264379163775078882357475422965915495522485513263705140609578969690127481052896103674880
8944273344902386426141882612683546950276964771392338568318816054606528183632302524918564052006052616093712569043321283048773201851717755528721831206375572870361954173059413691227713428215340627422320173230033211433614263155532215634706650627937467923306814119520766853120
-8527393346946507636641469676104412693976468257851871675223542325977942557614224316529480381220786942205160989665906888199004756536321337727325796944524693280474509257094542078456901005271520036147924414644524037480162745868213017723900604090052168679004879869762583674880
7999553927931364334258049215568922327298186293409675850651842858664429004451636805971523310333994670888347871889585854365848368300124592100989982523890907960152942171207490454223313515133605877816584225964105594560398731225851504516077460199818258968385969581784199987200
-7383499413248295550765001510628487284178771830780912514191884196132700287632370891668876243878067072255939856303850688854000884248447211480663803907587236505152760604769438020103668384047190642444570362004742176961730329179695612437027122345379740398234541534920417374050
6704609620266465411326162857900258192492028937953882858955812299160544935593863292384934239773970093803422441243315552312791367525395841810841834140735697688580326273397807910698687565316875440525300186703756556578551351615943073347410841796037719119509982938400081037200
-5989165203873930350082100980914717450630498958591368137076671400762952382899866372641376342034734026615667654870031639565994944781376752447486123127250245181489615716340770629440157762774273339478920653830780431024536414855411199511904273541767303896478323050000108445300
5262672795234790038240923066427708373607491400176049901937170272455262522288721448233826077501757017111162836699797930301844129115449550487688347544202359117749048296596508459649090788285308324596316378995565387014359869966717218646556931167483072119885187666540546387200
-4548397308603440946512217901716551208994344453480557921903538064618324154803528855222800126894085114271001312635883048489426675200741715787621179072041757861752783235630932052588729723455164776102659533177750114442514429035583631648300128749411220245625622624521174891600
3866214497106232212780837999750373324020618036058458124659098781486758002080761216553207066068834932792355661350657976831399453924982726486199802601070241881753543848093443865666942732886303213332869417787825231964876550533263378502417325862889671277619325207355648198400
-3231852078236301943382921526479753098677627812002074262150570292822266489677119039785554085689875550354847622573890003038321369175302048664189599572460980557906009258601624358368318293743793553467941554426944811423818270295279790248925012751857004655630127902267852241600
2656539515681926633216894653812153452824461924839016528341205230214442648254019577065556291055003893232159152641517009249039306131807215354438605058506578244593735089520651657814759573061590109383875508081631571922575309400286656658226669823469789308801725513038225318400
-2147041643406325260021729496019639460573764861172190111698400904108547691883331450248589880607743834680244101657828449466097553304329784115303205124262756054001958560858711938031559802441837541200130904136969479092440665220511178301498652497793700671135967579544452966600
1706015289456360975567283814565979094339851609162096236849708372363929671870272622625437028663753734071308235991553257105136966527327902508136971818210919014785465114929385918720698283748729580618971939492244883351487207110067977917032749154530274082582940419203709156800
-1332604429772225885559220548748475020705936720373959761920494827748629501874019130248816766595299411051884432345202625458530937348053675217963456037943061832610349248643680116764292405513433987099750694270406502034503737488924572778230581336165607415205445955522779713200
1023179397494880782055709800338011877475629512637139832631685181327399520467060992766054153324640667751489658837226092484087999364320806389912156569636990734471798965811842989398228465937007430569820785837716482141152163379957292367535371516171649026900156964208992556800
-772128348791769231290397734575080499151489686099989085381905331269859398095833883784151553301805090677189950415411163938656349598261751324621697458104457212061511134801287896362961977643291096907925713037286576193648201260819018762708630423646964091487739580322616473200
572621933217638009811471704761364822300210645442570089937045752508474658164133021094135085977088050000700950775868557670624429524759450851764054841582034408425380156962677598021337344263478578577782582667914302246457858134362319797708654427862946628786197770047855756800
-417291360798175847342036136014369083466374355818059479120789514430901456995467307896103243381794275120538244306831510648174524259298296659807481666104877612449908379130895025992915588669373106816799721594416286787970832831111086958206752626614801641347966481945025200000
298782000738160955823499519017709234419409173708648297954651976781831976888245706327646586375298132690709318209589032773568023088614556331739990140799538192195993821002151169602966644171379957365158379656061137844782318780941781792327771682274379835631887766868604800000
-210165902092542094263769713305587779363382255744103672062311358181543548730011824218710207633500353094685386420648016524779053437967535224644258581819701111862993545074245093767679324304211510072991555413076850056502982424294323992410920822302673564907535024810892387500
145214658645058268408365671837600776692250434620058805250584144439302373376815587220634932070666910638327612863686487930336139433530252571861701350204448314837133405750021137391624931025099973469639645474269149867966530919795791011729565386162412992237631306439932300000
-98547360585367810180854369098698944691958380753601364866428839776200338605884401850180206112051899809688229897596607085655815014104811634660634851238297687578415337651950382665111335324175749218187840285424621938076439658914643244933262651973850225658200722358784575000
65676521963669919115571044000984156198012593586532347626684476359940457067591059216516791908065001658291395528447854507332933245763735621644905738874845665506805064696308089736484116368111838156650144137327615810632099951197329184061308266571663489232043853314151968000
-42978220743632926354653709467615248927677086978773511300706186490058179011267941489237365572163572091789642088027687189351493769272165209559138129820050692867159284683447043232435369628675790541257785064871407274524778807855960702797103494280755792831444996374936482000
27612172317873668855048407537118446886298136033385278227001683447117882320106666888053345843753671360722310943338410088575000806084279166552767183823707059333231035172558034682924760927618003238955854664571425315134740399484776796323241718959769286233613269315367968000
-17414275800236536587960178455653048751165279338585371436031896031467997284875511759104188833010683916372938223814210523876017212998212448332752255405404815731082939358025609032664403658881904351093982094688109327739019484127212693825256516534057693446412509183017832000
10779530904775083554351475940791954124769052551359791591497551141175652691697712755497440098788386503597251517532713093131409069656169224579146396814712370616853590653089065474877013731832397827020624519860380260374056279122642520513304813564535860292415826395787968000
-6548152542600935641275370429594602234593445507123852991646312156868500758190096555874561029397919735125243667378768635974277512020090042354360295258937202176373115495578657439298696160440279929998179116815696554850949365984896046421506910025650769724825302705349515000
3902967936892522068122035357941773275020654745346145783346741243789454536840449136987631112670605671330586846183740923791408376612676102802213914920867522995261259453197324422476334343472870589600363495318118345227455084924369594214635088378404881224011575923868360000
-2282228157957838749179402019260228346935962304629308448662124824926480375957166708403272400411144237243393427573941661601834426347593826472583738968553652819307930006452502175061264816983953967192375922938833825906919784015745064390306652641771105349300365827118890000
1308999146748633155393437440306881710907245244983105206679361285043174500243084692245036409310720844086110707950362523784063556901735194756391097819419403362605714552265631234172161727989797718000586602356356935744737319713659369923873770377360155518553878867691360000
-736312020046106149908808560172620962385325450302996678757140722836785656386735139387832980237280474798437273222078919628535750757226047050469992523423414391465714435649417569221840971994261216375329963825450776356414742338933395582178995837265087479186556863076390000
406116078769659039900457045192162746874269992903345659689995744944142781238851760474914343054849680159679776427813303777881214329624215547689204863642584976764099805689060105892748236938663003922619666105019326325237063179861078757545324881618663207972394551749120000
-219596411168067505449622410042106779445230665510808293589280915975530479136060131473971667061628276490078693721279214298888799312740836097837862999584917244575521667389865512048637607848307081036891109738360063866679422800406812709270284294942440400819245912138880000
116387244302506465028211049457905444566050212258736258360956763683275972722308648880376198536372227882466406695433541495371916895883329173441582963370675220400745109344194645971121701225287352398918504373463887483929110245050441496629842916388534256069212926469120000
-60451375286895749178727336777778072643590967331194742795722153938069205498285335918396592992205005177041561376904566950739264465079447628774074503821518846089946229451886206875505087896491662190125965554026785984461202720715399186394558529621605472194706815263505000
30763822933085294992787762627395256278578925964070130240171626668546754834103038970744229457749326996144377159803542985287792253729443397629497524100882856218281324895810291268500954920947804860204188646069306060554099692787290945014000260330177069122302396714120000
-15336186402730095036535397718829323656116783246654461478230623639462814463968726621265776694603335723107645807666629484639603926725409208628022398310695763935213371536942288483137961177892232089941267645498878199628188223782487192267680866995751172686712580050410000
7487621669966970739487246056226066735613564867558036104391385360942249160949009027167986580952991959662291520791784809023745406248571914851229414340376302407121569570781426471662543745808108590197703965889699227517717243821673698670480955173797386468740861699840000
-3579505381984468173112211912387768650430949962076997439143099768922018883109431377326823759455630808638987904379268396986030288329166351816135322737944249183907420450302844394016665247031388560764784801951937866073016426339548245818956115287098368242779441074160000
1675152980542673686623679085278698567248469355221440542289522024906650405337330836881995962211434301714405270257562547231892658783591973704586573242782655071260754627443151071928776607353994418307563212189088465880202541026892454472648264834470570915466771011840000
-767245492002220239017826268072312434388445246238391522383033544403135069842422029030974803877880426796376396920572952038079023422921267145528227221395281267251400052592055483671020606096271056346639363313362757135121227228396100931529364576471093432972534564160000
343838830084304387494343285892791553474856243646047335512074785771011407341045206919942744627834951393952076758429705595921653702889163098829082006715495195895485228969723227384887143208900559580797876118599799233205720906721608001489746836913216246893752921600000
-150731665731236842805768709686087367346326623701162254721549493776008687278147887972380397169586749544493075650731904700440042881143511064907393749953609557377073732645842077253311384718666243527881501367778712663762309787096765907245476696710643293769883993400000
64620035045091231592501326684228138665767524877089093228016593053243371063161814911897165814883883966200162668300034102550087424110045623808659003596523019439869177450545454470759484004138836912904203150743345895462316848721233655844584416134517870026889921600000
-27084616958845780945728704568641677731617191156368329568938399284207597792238479267101981991754797589139411002621453643203198099328859152333026629125559471494204885521899377965588698190600104147732166855927864483300334392890557158508527504987870925186600488400000
11095480044974529159141039542308618530472231953902458609330991100600877636077248181545430011588547185206449464323756090297356038409191592879775027853094373485797247540341191022602884559820787399542990334912384747781249055438124465869691741061909651615016121600000
-4441274095780082366200621661240755361780690623770400793346099493323851298218698508224156846305304581634026021691814590588469458707679190372154393093419164498064953807119904517658543514083820734094846964613540672653549969135093709810618277463947724438121730896000
1736489592486988418894833630178392268691506546908341825183962963449676144723559077221361045943412429220469286127204336122183442845673090139658471991934752190146388270145092191405572184003545939720045682436949534641773866807668343355275790122436663949581397504000
-662978642383989997525733540595169040701141939716409046694561360798662043719782582210484331616985704551181538224588638525838227087947707027685711736669005811292129577153658339512887910828335085818513559801511115145840180431886971886913493792524089682342592896000
247083371214266594291850459377667809219469470415064448384157452113485829144376704167499176449005902111157157924522921018637396965888080075584031116577532734690188386888971383467557350117116113849037239945631738890850217447716940932616977677624244383132744704000
-89857005530863551414850264989006637379427257522289441717269172092301606125707200596925638647795180099267236416695062029468752971634051281815959377132253047959255339929789638449631394781056910820120894621415524502062250673047076997536400653212357486503510396000
31876175033791961265144410047161720328095667812260699561084468465960258018256787097001301535901541986302808941154926600080288611275718272506602090248474609864610870386273131618788885006986058124848046466075918393636702738087111431536696818661733910826292320000
-11026073659377673474056583974299638597405811704593444808449366153445115094123190624169925620982475152658824370915747337028498310805771702424455712557753899556846527841225601905260297284070992317118452058927473630350497297875853861293114542052574860499730680000
3717434843875106922212670822686132649377362865655458437047470624535772021250713591376285759343219879795932086390505866178076821230614665579894796997688971896978803686859114962933837032739231735814236040960428249403361331550500613231440202954541891874072320000
-1221105869138895753953755223327316784947377342898146191988912887198085595739094769574089649887144487627772808905533746162664992266478153927043997398855056220291749258793819376791841960882813291867382877301904881510985647373557404377897918749646650918029680000
390627011310925020776526215072208752311273379640776461160957208518745367520814723786627645983524902651864692192275141052067317306975301196548337957820182415272056109179820268375174336812608259096546355864615815721154424580575584245226945992283358004632320000
-121639056331731854804761154901517657782672797978670505725719505358204527815404584904420731592684523536493766013047175816681732262343765747208210337021529227648452435662914896265630510188525516685370964612368660618684143138124082815176028707794791761588160000
36853536530278535924966872584382641242992149295054440088362241757393177108410954767208208337300351296134379496141835176766591352609275250009712427663887806029820309701782013421780548904214718013131695774452820284839074560018900991676247611720501005795840000
-10858360877146189686719005512334386644171780838381989605669763476370333175607480622106124910853379515167140638651010588272955771122890198117280593953689658990192269709040207171988904535685633704538853617142107768218580471892485405800732019967904435273160000
3109577241466315853490271602793266764883621178144567162844071942073983276085736062773014325949049349054591735732657810782860365162692355728632775101968143725350205870804357015150922288205413337020303127341699675868289905168120227267251248376726585307840000
-865071546068598904066946527171655179662388385891185572534890353555390556206698592902359222954850851913043092208721155949156932898367972587941380870135545196992076725529359290119017479848941969462553191608741535248806481082968575943379391574964841458160000
233649961548384486056882508724619388409695225415810262977425663646101959247563842678591354751221998803422069752519294325395876056198152334158014687020736823173470962400471947343811221566658047685527090300975289943744154124702019000076268019239685070080000
-61232032564489601181927559393672536205068442095681168601348463707286914872911975234898825934192522098689634507227181273046033092800126666725896153908084260591517401208319483957300471250379290677401041760998060832977895862935899046757289074221712451920000
15560122835004890642574830644914586517256891175703950894167862842990562730196142857411024281817315769010921660844005821418299525895809835519434805662279848326334109775753031101251130311274722275454159185670535893788609188626925514812508173027153710080000
-3831559458827348422637117379544105443477451912169258348321604689819508747128418113330088956543777737867775802743924181788072826374862156503594063682176639602607152283592680545194557136595188673124916121616846785048358029804982716707668466600897457920000
913601072208280010287507159886972164980069901011928779824052595727052212933480774578092574184395033771520642267455865674529525644988309523326287685698194625815980021905177825970663951438622438504957348836107844777600055376697365770726188555578030080000
-210779544247271633232835514182907396461466322377019701399836353262222739556186360345775752588929030008322023179381297134382422298465320434458823697017771953465845000170994395884345076686889210055465013342314920242878919026117922522787169967046200787500
47015819382374891724881275006841389352494074722813451121144386636182950922054204697036227302762442384208939943856326446139358062401635512714371986415664352815471331644007096155955272586363307847505438288251920370166526672841823461182833187979443900000
-10130593156336922341205707389065270239613345582562163028986986823800811181567194428614698064995715108460436781814881651298169423171510927332585399372249887217414885809370419112111769847343299454314252891457082606669210026599660294223657230167130475000
2106733018814383988294712184657766326895217492348902884882455176692792985605937470149474155969548591409460805895347145152019896722187513341523189379562092544441462704713939681741193326955690411686127833421703114515572666632539655737872185736526400000
-422426300421276944917080063775161212227722841377572557764544267396420129877489881584136197883354560095428864724233749221773232034992045499216217166308513240816456604095447686718586899282601046673347286672129142446257135535249268534012266018596100000
81585765951186269124813569713735277911910494334698037191921449040350017983439465887018967449187531606596438725437808133719989903089587959138564072830235930060645819867901849079850156169136675523183759982120089996720904756630391271894440016846016000
-15160876319865046002351830971024107074808238479204632621694989434094927407457431704267544771670034266425844672255930528367986004329446654042563719695174163336667679406180074687398478811625204231504347885570492466269347247155459343865438065910384000
2707517083337007906750372342607490472187508739433564931345916619752141456226160497383245283878189961111278791173575450716971642292316521295409073228956090705767434521415282161345952467401686165631465993536403820627514098436164666558692265958016000
-464096171678109782201662109328754571289502608788429235750204941114377979943733508070386175267676430257780824174895011216088582461263840061799512189686005992573777327571192912862328129195368219999348085094482663371802382224692450699070903447834000
76251016870903856825734785823325461662517108994682472709801689496383976453648402246133606867641260111273677969774234157730613635231715631406237237104017244592456241105737149161072453595314422672262879549526331846565844416477402677657051828016000
-11990804994621015134441764988286947024523466405270315382510137122365248822486032033655078214952769324201668826743652524803826983501773463616453743667642748518327025977371429562748996949676395668158877982420922248599082512692153543203645661660000
1801887655565761476925632467457911992513342803519231044419518784810484174235449032065216707870340670071067949028463551522623994453986348289822970178659105079414537615496784588686663007634762171580834120741669607806932160978483364840635099840000
-258306964414234623102971391151677197286465104137096909319865150228538797694643001121919810577181493393389322312733638568814248588033806515164508199602559509361201815053569941989384908764306113669879154647255783431533378171913699809904151660000
35258088839955768879569434086985959456104174590979256909751904281390969725636595739716096753476170621092631212523661980697566635360402703726519277017416882952241887587144213059467846035734268831960707416793942934102473753123265250139411840000
-4573033162047043815827836618421239981447625427201395426756071417471457751803900316952492057137641298689351366255556538408629671618108095666920716224721259989924234209709828415839939261815044782258591878640248487876301523306146911903144160000
562333327121846332443075476357434722601712906174018773795801163387000374024449314982796973833811093089000212558045713789610955387212222946789983371808005238235281194867414855322710285703253446158775388061799323971423132293382289011034880000
-65395357247225061106196303935451747387311231090195334477440064077628329706694613240585507630599010072681793780776840422546434180827569400761813453873186833659217393064539838750105082031232412969623034207264768675779605157665604383023995000
7172420025459723702231957328320113459274526450523233331727790489930689491204361247565207785986856179638144417344137258435298225364212104147162943949884345200355835201612308213256336692064127851346974210265917271663136611609530489789880000
-739629917719451392948379689830006448161069256272663876274334755102004944643732536129387214441993913486196031132762167305296106517767084476714108773096070435256049284953210698683282295518429766260973908224001009921426179242427424636870000
71465185704586526982003359489322156963309691193529987401347126466465336233795442792707300051025490687957124717833912911983083742512558244615287578566656800002464051479890112322196696943436309504458317252019275973647255891507332194880000
-6444849143341821313039662825918542269398819469658738050683769839211947493402400442162401410310906059013434473905004689510585190447174910900643365108628002941398682843234034783381492782312487254186660530729246989837998639004878357540000
540059081472662832915596482449843705102485332189736445041431130737448219190693147706249854594211166390269308947552615600064860946476830538229538356382136898211993065285579199776999386579517511930537406897307235653128703214313040960000
-41837448592932850527070036314404721212797267492315600770496968944393303188048208092800604737168251587345082319121902892789129176806765855364880194309176690560333685275406391104779175146173251390193559077122027822689025510626265040000
2978609842960038385491917688798493356325934878457406965241375718265674230151482723910087338426346805290333190294563138063236797464776333029063030774028372192992332683378557674894222399037366689425845105610537318998404386582168960000
-193538154767101601761487249097245262783853715525782535794187211818421859414166024406306293479247064172165460216459031643525450714124739932568834873762034831259448063163346149627008484537235604338454257512839891882256720933868790000
11382206119468273155474990495112092749312967936824009666534849676361714059224214835909632886828224736023173463685891380001496786379946897945657165438640989866130110835063415647041036687760127959413398887543618930273447145869200000
-599839105948455806557951443697268478360582668260071143257111552408751161078264988804786944794340521397058048902354645297449323609802240127795374525981372624088800738902194270750625651233574854622098412756128602952781399673300000
27977114825357969999164973613300166719041203439514982605386129594362103502358928129356472373037035173167105470817162238623984929636899073638173420075836429642989352537391083926745622481108192772614212276810024451517912619200000
-1136835959634583253780972017035359033759427947267251530924702270229355853936354582214982168613053657081147823539199823096418201205106192540076722488053169757176894271341173900147932423615515727259500417939804881142816488300000
39424923387299608902807249529620910818464738789146808865493242169184153882375035962562578962582726311859249157474733809732846872278294573027184307103690356025937401188373811005039913936272595725356358037928554100108019200000
-1134472285226376501080780037485009882735413912095857153068274927725503203554057157290066047698809063259623292082436217790271716120661129550374079041147008204011668075012389255451148543880497142301070710887331862880659328000
26004251048930505751188081475456107570919139355676501004576329704278545197170943516587905282436317843566011451536918361374723633125924544851554769946665620961915492924854402621683618541395962125780015483200827759311872000
-445143146910362883347348921822075188516266581977901105942555488949305868762909762386064591167738169439271615837340229891494938225239588388027405629010183545811456938384686434341029788596823634981755333482929975444703000
5058404256715597130382605376016647809861514658497443732111312765147117063520935273845929757028121948864115818485613122056647854705031395464587681232322062618823865248519095659437907219005868493721685851036673476472000
-28618920313538242247129394583259945235977958862991857432944881343877126608225151689782343816694902979225782145187363972183626424286342201988514363638452730670833097618819933787716462528928155718732446522271709078000
