-253
16194024
-259124626530
1842664010880000
-7369849878015240000
18862098983797084646400
-33518473841401413780115200
43751869120327233170942208000
-43714269857801951954935929540000
34500812882340286229322766711520000
-22049124504974853526297886977665316800
11641937738626722661885284324207287270400
-5163280233870803075009053356704850010584000
1950436746333207504784485007645193045418240000
-635016429049800869912307866290115835751398720000
180017279602277771939940644193105548744743182028800
-44830631353453182790964983942355695504389109702664400
9884456158622964731627296805560224628164962180808912000
-1942875279203405891770630855129947239026807458286467780000
342548824849690798336335492153215739250909255138551527040000
-54472970499659954978439910800934749895027717025270310208718400
7852013126354612285871810090235419912306398902182274556344243200
-1030576722834042862520675074343398863490214855911423535520181920000
123669206740085143502481008921207863618825782709370824262421830400000
-13619286095735800187140412914755170855786416448964443568469104110700000
1381191727827388734498732691502146799237065952321859665830153111924174080
-129400910796585814677526978625599797686510499938462038781096282599842776640
11232496070244101992858583274935466663377756428128776150984599126087861324800
-905834903113754271043984601476779183408238074194441163451532244575133969720000
68037787348263531264335813681433040972094628621539190740673470660311608322560000
-4770885246401736882845520961801730869675466575196351987170180066557339210698265600
313001844968924773142189808116207625256294294102996462109370981099174945427787980800
-19252364458366920738633618226757165309343453236403547037069073480987826111102759737000
1112358835372310976009942386434858440095399520325538273252879801123741064197048340360000
-60480181556795728179198018005700828317747531186004374644258870363348180889253528837930000
3099745076621928977961443561199935351103233467740488700134815442361185460368076371069875200
-149995611875147401230629637386984217340846512702476286922495895707405110938320349891130465600
6863203161328877438339401377589986394616965343815277292056349822579880313496264950460491136000
-297365862734446826128604326308114611342943515745015805940100780228331171616269956111884091360000
12216829737376800309746368929876045912950594616617059619714015486461511013778748860959508942080000
-476525079424967956581850711590396343363333537142783796129207495309110275536823711039763745978919200
17668563444615944555522659816779430868024897503292937801987653044393947206221979929617129541566969600
-623457897738162964205503378852287797267692599258769225331474752691780750482589082040259766618387768000
20959514831478750597627955667635591929778135191955162275070021972591179799890609702337775604650613120000
-672014444284287441036446328593566166248511459592062390444432579496204702333992673581204930324110283160000
20569947315810998886520044064959805061109992252520688992250720497527285071343309570003657482078840390809600
-601670958987471717430711288900074298037467273386230153023333574552673088336791804922606981350806081431180800
16832623479142486254965123428711902045593244678709381374758721098847984091993541667821236508592039761180160000
-450806003376947532275443984882234338421584706119688532000645349567888393401241965543797482101854085704696950000
11567370369032479620335507297219780558715947761191907988128179381998529004857857148364129644869232199956255600000
-284598953611527515586886687337876592954423692337261227376710474242939008223920774135491700130504641354843730280160
6719205130094841090795670010013197162685601729737230853805858055482659983473482083088148528109968864405322487137280
-152337600037153932348827126465924205642914502234297683983937917193551949070577595822381266832759482704278215633857600
3318996483543545980686443623963887997631316317813819245217871317994083048458294362523935040998533407441020575575680000
-69536163295310649724992078298637108861210565090603449639264544729153811961406919578077765246818724780793645412772640000
1401849052033462698455840298500524114642004992226565544727573221739740849141963498694047747375865491580799891521496422400
-27211338438913576161703560743183164678125883256316238649298968344057157114100364813776393024875975787308045853503843023200
508883017404859614522963481303727019342237201186141785266668303042447788935899712553109769218671680159075674379468606368000
-9173962720130116326618644567082201274675973563000466280468816658147813959577181351897545170709376945079412685119760295240000
159517844160883562487093742705070806881237382310052347895494551762243861920507794561233729989283874671579055157980135349120000
-2676753735531893090634123861964061770246852507768875634449702882612608181876654267124880109700735995843171984177339443418052800
43369021555427780340808938293493511422908423538933075584440657722910218239446313479286420869023910700723771185725192250681958400
-678797393829945994850356340381903515806265687362098983490601501534571613001115361727697063367539955075193988914972994735244544000
10268328426694370756063339550649908563620103771534498102488212182447891066915335429108322419901007534067686342770213807987927040000
-150196865485483358180669644164572258733440253238268160355072328243896605833031858292032939732306900485497385706638627899897625182500
2125294534008079783543941776741961636951477420022869514477548892717896966419402749380094028155322068313603717653416267542598727552800
-29104727924055092591310091553716307972696621335313185295484211225275644567910154317899620996682604991072406466753728330513921463431400
385901850309592138791440554528223357214279995962985250342441579890489277051016347739225983898986110284836184651633305910489776231552000
-4956051336642545234024588523066294132389709679987430599391412893987176842057656965937269691574673477349696545315147896084436713129480000
61675305522662785134528212731491660314183053795399136347982027125173756256717508909441578384040381051462890341699618262384101318944640000
-743992986558994809493230229866477663165519617712703581712830539049366440526186782475139236061682221136922445960718925688012621400305862400
8702991158780163841737115690292889276243674036358402064360680663888720544524535248758978470955222617734981708671230630821410089016710195200
-98756453494452765816008069151519909659535903778700424659725509269532018910427427856529110446362069924432928050267195574473273241976847460000
1087451433862730024035157346183371795612979327028361966416343194583625233564248727082215838054517970194356205289862832859840809502571103200000
-11623775525618549396795081253497315798505207989216784328021880242615656646496744109259192777363970114935400249129207669062283072062453320600000
120647557384482380085774937582966628547542766798654708659063014415088444026500605879997993086865427767180161448028384097872415089652315496872960
-1216355472501828677204801236196138448789656845392323346492939147928297327042106956753795555995054441683899297368946830188955046384301123325727680
11915318914303627858332746803554009294266026240577861353400220224603728917963496719220854426074002694046360464022336295728539229887031412170393600
-113444255113582781672242662491102233459953906966711475821122247947102399338105777031700853489535931303851977297582812283049907115582888650553920000
1050063728473233477270007070467231825430959349087163681338662076495467297702883276328680484599184694690101109521993895203849869292259623708572160000
-9452050208377266780007474581647930973633146428369126955974841182004277430213344166565461568324129855687817940383210360749779237509028853472989619600
82761984510113888428268465137404410695515469595633227460271708005453700626565492406775283672776194474859589245409947996395872220152216060709694812800
-705089274637399479270279450534832193142861938695099559051407613487866633014991706204955699761300461108318198977291622690888985742328925793836238452000
5846233033428401546801910613231182301106150956345490900423341977417178411644117616261731683896862002976794240903309259414077350210745861713445484160000
-47188280889009035330925342283922268366623953432078336628657964234671281473691529279897166183812072230093163605749174071911840607504621465726454175080000
370870497162835856364188876989652884004204092967077684030687036830667688194062255865699748731015184707766117950015377231756672256960889316236812993459200
-2838844166560252344016471727016660184171174461214868702816290591683962930196112289254307716996885161149373071322907051273856204229762956579247524878137600
21168498449023733953797022628196631099831032711186046979383200025715797037953306593409053712155396815335000151336355393565390958743271405645756414866176000
-153802371543688067008056492532991147834709847042211122584581062686841337853879493217737655877379054986418360474553207156373543684619081306644948951762060000
1089062923259989433448790879079713104374852405113437374513821820979618350908773262920902618716126301739456255813248362957540628479095446575823999091835680000
-7517088762536141880825734476354034562036249767591008663172007924586355849501062266252437593802457457277933309415173175875696172547870039828116538916721115200
50587166110205786104897540260627658262668292120312973165227588168258475882260016661479995438645495613957815175351862183939233945628269723407955377460576537600
-331978277598225471313390107960369007348760667039553886396806047354196247977331359340962470066111064966598162088246595582101222768185520059864707164585033528000
2124906630574374157926844303004512457720822121321505740655241389932744165571171702291095195150873922598089288149535383446077430043559994278426429486810897920000
-13268161331901306633691464546137162271370633646409171144089139113485660236199440508205816568816112147069305148831407391452063156155877723440880646681283122560000
80835078412549744481650026216598972889644644921236771876631271469905323260630475003123392600530206126809825407572975513750719177626014487055222324335032821145600
-480598573291974625584098294974621041834016821741463372551677219797148695466550088633478738146793791699901341531808381871196088964807097633378558682431581311743800
2788891710249953720575169189670986171127358748760112673113144457532609073490661583525129036328508983612988973072243346813402748164360456029596057398316966693720000
-15798589493559842999572269862978967371947516943595786128771410267811494860814186115335760643633124870206649841732132370198164984785717472958160506326055244999150000
87379853001417403256893541958204659044845525811492743033204837036784564168453770119387910720341233850031841099950559282083677940543227504756245763383614194563200000
-471929848075355253250156330762067543035306200355291155848036004351969752617401967037802167009490969900636970596722975626605736189079917430438007743458561903416386880
2489324700052810064394119384927490476977135185640379032827283729258973477976391044247628566066727782414809735699291233459111994202726418693952389046173737760908631040
-12825860298570826941738443832087478567700820033280711077922582113314809043341449627729155063822274392190107255109621930947298966670237377363448463554415918173155244800
64558482415277797972366189144450123057330925608180787214729558379772910068284796881962190631361056889711728477976605817003088398547523418909241960015629185639220480000
-317498091264411234055480279138381600941993706164567364489007895607919785989485318097468084897743038011689716432046005290666168748515016015351267342743284326156347540000
1525833910889212229042681824024309364563319231512329908397786334774605164704479827127097415893153480817357635867167849825002837639121959959852294683710673626944935878400
-7166503469148842734360043422858212717702033268476342671402312054562142965196645952027261652628105076822215603205593533180391131250390102613143925537866089294656915371200
32899940810416907513142098201190292640616548920527257473046163122350094702658372891829231588971368926349519792513406944183890109050616105629037009893461582088144595328000
-147646382177749744836713231339275194467856074523748224659345113909414926887058687330487065117001569483004596496837644589618117949095893351264741279395854467970158508440000
647799899853694023975102038822804253616732720543215845050277089291303872466004145540243222827965475465875229878558432553456211804601525849232255989592382939680870526720000
-2779061570372347362853187746549830248015783371130395975265688713059693612879157784367643425931971889748604736179015675654327148641740545893206378195351322811230934559628800
11658480192306297418322828361631980022679961925735565876920129713548368108310843889164414690331285044828007597079860583006319426912936071433167054310633810037083397899366400
-47831926267302582639826559441277889976660095703761232290791970321091100501771171935255628351235617413271158401125241143528398382180664454425059187667153143619140391652654000
191942039465626465225523761122333705255232461732377284249368044424207689694631909308677139691229778076279595620147024527715179975169335628846427502237052790276823061185840000
-753427151374269226727427179604001947228776051889332286966221302724846635456467958569063321565766748923149508415709461544500959993329741338438196842999290088518896185001020000
2893160261277193830633320369679367477358500039255035981950289802463411080152836960905203154812544315864894112316324332330883686374386206739602675877117273939912561350403916800
-10869346810965069836504625791349662907469103187013959125708457222349347527866109310689709801221652259209125450351303802937214848192950795875976075625439175794024949015083918400
39955112245435189873103423903916651143534609713678312747874173966587710395370196545686770194862556920403476708428490566425644763026465340673468925814310711224730472236030592000
-143719606206019928525882288582854457952020319413213034614857656069846701748931075408698785206096751174835401532723423586571992096824225552113666414062751506154167315566043680000
505906004530589746286150718259877764281640341932762047135189918774784152869198237905007912220430114579704476774464883761276792743626438480457739100925078531090525552315242240000
-1742881317969307411354836873760713611683881647426555027522891436145712988867226068349273438704397052373927735298918640174526417445733610178960276323457793114504852925333809186400
5876822956458491106055978880118769864190278612810202076275534759896288425271307734599202999928876011310434016545114092489312217502969528537320601156783302402627933830877637587200
-19396595521098049958680459720897243320232964045572505845003738583707684015819201321028342338854208146709558657805612052777308699599125106785533091361662169479245985584645521800000
62668093665891511797230542081925920648621011471186733141898522174078365701185971351170954691201909855982763381157929614631161956269762391412311289956907055598224851303950896000000
-198213930752686127291539604127881327972449639104983376228534783356656683087004249786777903193107601588580237481520134687067982532470561549268661222975693342540873386671764043000000
613784500834429797303926541191898251047616213661153003228251325307422525086823271787741572358100364496759437459575692588742225078467561599988153895197180587871847548206504413216768
-1860877385907256830034636949306477608823060670959453105592430148716437918871508222534603495988438198810942429027573495299441264783439099426318330274472530438147873396184408977158144
5524137220983288301944225750684738539924864835113064337266138974551618051681307811702945959943357986178183613481320537847185055355636684266360075239738654434777120603218395550023680
-16057558297688544029546737754904826230708110825943584537493888468201953717732073030539111410052638189192870763674798011167736099933605779308190831499789637295914329146012944828483750
45707254458560840910496356827974990018399242449570080666547113091868886707621707548258916487673419010016699857805891003725336433006131756160710492547445197970847301423492648917470000
-127409647946055778369974726260891941111051474115786800598838340274843277154399468691770964308745982020288562934992764455295673019082003603607982875350153599479801510222444686263496700
347816979603567455572319560391018335596441900785291068961854120692025980311712971812370266064689223570099562751502886148924403566106503398509806057013227424301016324858754656609305600
-929927341301204655523215491323208744476598137516229594099401642127986127916732598248351058575731604683946747634226466439832606756604193114071356471875642766360356146323753769406824000
2435085897963242673064353075814971397148285699007957193661839791020878367635426194293833514230758546495585581458384867742271826839612540281744882795934183556889122997213877245685120000
-6245433886104990800993130552489801612434283877055772590761233453769464884423829501326237181491931573945266361266596029969639365195181349832657445277409052982034683748646173356846560000
15689489439859034229501755238145024802397325268977859659556231135658775323372324273729516769131774769904530868819195206372014743270023754224328585710885930410396486186448087844711270400
-38607035730769043300568414043776736258191471938094146122695866548293568408988137687621728844803982758578336582643167789122486321931692859321575849992406539293272884721226850242016871200
93056758296126139853892857975409427690371473732184941690594118101379990133870922744312803715644529809690657307196809141664514955734977087522408836573950228441987602151862257176665952000
-219717345976964496877247025775272259824488201867658890102791667739369421149417456479627453217494028717325163086436910473374549201040918123316798641910715817154692949525230329444905720000
508189470369990654544299730233702538535103191608195252880987218463689285871599156107944290118698470851396246985492089189698351777657292536348071927421255030123126056021090676581644160000
-1151438070901067090696826873466760001724765185516752193122028642079284566136318720591719284687820428165288567978506030042107862453774627767687832970655638501670301276624521217158889566400
2555739610317503575185834529064995993969641270885933342291075897473701993585004401301312237548621289375677980370983053855346096995129358389041229984864544831834769615959301457209772083200
-5557250704938055160385980704565301991450055620015559779446152684226069426142358558572507193776993673511039528335932949627437493689319912644689185116365104550277498205303291628216745536000
11837930495726034661177237003807743887112544516009476453258076723795177475806207580391139584377027943573812013023289123466730755787900405633657435750836909101182836413663816486142179840000
-24704030012613459582037161307184244850840139797515339243915738525693900217523245593473465626675691078427351815179243356470671296065288110194119319890333987631919602629652504379090979370000
50505494699746822671785271896694771969964925995548125662804951476262858832343362120802066420786107268257849722885355359549837573844011611347634951066164857282779177143066979701823860035200
-101155520980310147322505564509551036766453020525799217907774994997940055926498177848724086212357913192143571881175852709948452596177631249918585990142042421278555611267074430681645996269600
198481840416731465892648245416491459988782825225317545434294034333502631833195554666384434976351312848668954961444590443880530800959394927879496782915572153371778329294458598773741970560000
-381532043952998464728358033841370202831797884227172902232968878543285624239257616381853389092369979341362598094029605580697121501752890953175959278883316541166852015839261290237783312200000
718485279653482267166487666269087223097689561000389383205980040274658140542988262947278342920310080460505720513273715153271710992535690508102360503200472859470463000685006802498141737600000
-1325493576583839796791721623962824068602755377225118351444312244078257100257728880296825632723517827992672531234910161879873575626185065657814261427882152352167086608685953216217571794935040
2395550164636062907161671184608572177491440883500402483501478836628955685602407425080987266929990906360337251310388928149898263427210832227850098018515316614538893249012357358619959586232320
-4241256037241956077625006916828845434569225646623267122040685241183666565078188873049592458179158501760283728568709275708604071394133444091075495994086263249554770963939165415267895034402400
7355931270537973290254828519938960427336091300478646894564134341153268509640500160015953428257244443225576461185424263905733918518596173698050541986411307101197133629626644276127837088160000
-12497577107597679110483968862957519501545502056425456203519677222469583743419829353496492304130930610174066130483399387145966300340267988986994033068749822779074721931967717060972294644680000
20799297526334468326892445827949779802280763963542786299335307973495268944720019016449687753938444516844947353225733240193311823217701364064764595971733315879230954494393223682244171865676800
-33907401822907107245759533338767735621954501509107205820740042456955859830862808778747882242850094893030473222572506362515995231858804496077473940499119651581062198292901970872192350033982400
54143995121490678777763610378266788676219285950686016516058585383008748547314704593757014283686142845132842145338709498504181602740985231271425790013604993558789732841438661752180246555136000
-84684036593438693834232501490924001116126502962046767940614783940056745194275862877072689581258029457947917864314609532490617316096049044824259732858564611981370978961463409233851855742080000
129727596582045557328118204095585804170141497832923825355173029248467925631261248269580757173488428655805029984936363196641613362516031304456070999333352727060422264673848143380745012823040000
-194637002231241711383425472699506060639490812119717625315110971890797052951996612686965910245176447509406851433258623985148739360971806498939579336460732222408740576713196614809024812403130600
285997227768355167747074163966621150327415070869789163728326326043620159439668492111460113013320494299536598024380018916953249673264695263747953310717810612518965745374492985025505846796436800
-411548746634351962733129698300542895218519667405791333950626569998373545238495679187215789054566699711248271010162757750294904508110090559192251820578346204152520247449616201016926852014458000
579938464902334957459007712159747299370746973829381141296678790347363676981793753199945769212351885174042503166114405892997147983877518556820275816269083589275861269318138829691510457278080000
-800240044910780683974425684911685809099737226343315820082675488777576894104153463805383229207986894499711459696758028922769302242922603591585027378390634267132474690965351219004351115443240000
1081213216235010346347668480947344382072533852481635596911703771503926114700722902208162229685457848568499038879175292411208301697104317741519325880136679187592321360237630091454767729309977600
-1430304302925491078364478122222875045713821909003957846357321003869669714733105383734727019840470131872096656418296448478218036789248936515880533688076004007305229008010681148345211497914668800
1852436136887975106691704606643846916389373851813365750311105979410250281335285110993522175647666863753455886902680903547392717158294366486916163247635457160309257118195195348640289695029504000
-2348690021206639356326624480893922261302215961137375757330035695620599713633190819759891973340127505648292903656903207675859140572192598665472466759376234214911662626651610882620917188797860000
2915036723914882248628065704937773758574312922880770835959353850998179988406195447598076071249635510669118267876821711624027688631458395626682119032469757727327075970363303195516483054112480000
-3541315721104761275677604111925961899300538145654705303795742365214363363770004012793109092923994918480348555947658597695778135645739543669798703014220786299263886167594644010082636800928548800
4210679012050557095610920959045239332269112213950370849231229115070380131717639599083164629895744171735739495680318529622338983623373771564295383413646191924106795057451201495932188238934502400
-4899696626211480124946117969684030692717826797094426598322913138395681315386010789563207895624695548675055169645584281444328674663150422055870354719266162688864805971226257825090102086442680000
5579259615132053949619556296796811320385697391993653595871725742808808153575303141044275621734425617255701165475676177340463137175320471237397229738133276234973189465046973392999120555513600000
-6216315385032685159285126587390898278192982234248973336951411166672266000943179444340287671686067490648915557371878203535006044600841770915944006829054360127967717010979969397081494705348800000
6776341969434486901471825828357804020218596535776905334882805237165287450628150287995303302255271089235049696891519410508167895280146993641073460374894718645292220887985479129866730424273121280
-7226333428342245797272689262272189443436237711980840454777366522445794820396425893057491412170660185004564715825721871362225919576094254937550994852915071055331157431328264853334442991510008240
7537954497054632853103242525808520891554031358407030740276559671662950452633508831597523679330242741420063676248351072684016184740871405131321348009616155066814204885435465396500673400445180800
-7690455091443347019838477296009356073080547394915644132036352461384448724320735165427027930007262233821599492953160851676266354366515218118607580305859178529692247598841731439902924746540540000
7672933690061512360107251402853440746051588250075319484814397661918730901628702654984901497034179928554317673940471461764204700739326440898088297094900478113579531576410613609775496966305920000
-7485609907689948894772534246691185448825452252982431283811675793073739662641409327821535537646709671656587264061245754163726740298437329331718301940515716441115290543171700172573879123702587200
7139902273907863711847994571002294279933388236048808423324905991330185799524396650766684242861462831413114338005122167397458355387368202037713546565649250857787326360398928207093451813359129600
-6657284196644257056527753662764335793857707271777787952976383333602004239171325641798365017533398126681380157266278171116728091599410304309104663859439594032808887049901005243209795292102304000
6067076164758061613223059565456344722999708141021173768247460937667089772149328394030460758312261065613058687920415950983383838144286257801483303203741419865667151385917127415651794688254720000
-5403489709237648624276787425484557018921615063096982887345394897609751828320495600933379112871857511561630393929120456344576230847254948354446066915832202067859806703082441604564879644226860000
4702338568296103042380126710902324214800916962433324713416953736461909377785175777303134068598258703414217666991524431607504995165950076896678499839916619616921445809922788626745372544153478400
-3997857680347244733076848969469593656201276755002063238401342937060762531182662016933087130294848631157428148896453581537505619806222962532142580523513340640319993224860070004580345781049435200
3320020218973490435773161773953987811378222910728357014589350535967415250809131086726439139345203015494057978322314392972323006067451595182402142995305196379504492643482411076468107223016832000
-2692631835017969198207268058238769256823131500000802224513460081301096598133876827778785025162127785172509391936655219402207983502815187186044517569047743725059310820094593523850110161492120000
2132335862629498409307891683644307402844622039473214448840647204161289453487055449293308440183261128942637263209431506577353921707892724591104037204815726729220284551911644735664508727311360000
-1648514171471652939207034598305511781329378296389416677359934150164471671949313865216812888007607613508589013266261050334276193932010472316152979898869864744759249904689808668356254129377638400
1243943370858026427742968899486146989294019509964306414143369624893165652954160030747195120228980082362447256303106663567390013063248931825307947442671243570454007055078014665785229672254259200
-915984233993628672446910014554889866112905805066761545462287556090629927556441895470719714046648880634999749683914669665169322498966261241264763273961341870659017510581941951571724703052893500
658050903424776591980437380587099058154080897301579611709597975811035379779601737571383380705208839050513927932066808779831165133891840071310506730682850773412314654975241392361119843584940000
-461121704645064115748221783351672958356296511439434559985578366884483900279717202278937557108578826450186093669688541501500885271445676963563396588593336790498537952908439824655643895070295000
315102863208345719489856536978563317552399961952459371641427173836329511239136667561233753685977967823317171805737989806048625980098473904568870399947646631540144909095934264401111136607667200
-209923666651686588892750373565503201429575495268879964036314183152675478476239710872934596472439455708615066066853716501098565303744800152010388904255001047506427755583409142774303345460225600
136310556819874308539187029138877082017709873502944551359610333052833674085939877708726115877901370400090176631315253055417141530427709135269184992842537205214305430201806549973265075255680000
-86245877000229114970781916584783338930958407617603805644197895913058343171659490525582881959783274481538537683393910112223808684375556705957354702261481873669545102442501057853454754405600000
53157480008625848796920406555425159380491220250258167424145406516146764984062646012687229687997529444847166177022766041745378206818984068054016655458151298515852045665931815360398061804800000
-31906448438177450094131551024730066289155342674711208542157676626154192012559001702965192439478317111033390318603489747406619634187924712247722147022368863151677294109833923874694926646786080
18644276991373808614199095482582792627766127815266508533532794480093269103054204405920701544793547445787883434607836092096123272292976079966937067075173488806831453660675707899155907731920640
-10602893039526253036282962716236979289464586706040077701221166942225377647690736526796144479632738664824719025097412913368555546847331387502028591350833271438156158273600132384077856066052800
5866338938125132112578600546730159135135348513618718522357800632937916726136251615204253782805368767939129650615666830663279052345826291223913511194132315484237919110827319720376012965760000
-3156596689769225379588922578886208513866922800496538924239672952070808565176112130413034769280099548742333003321718265547933675009133221342202404271679280580510854542694064073874953343480000
1651269997094268905291680522884816370466399306272835495787863656831044747098908960737659877878731909091051725045202958948382484506859839095466452242917246978749568739240602132065841149388800
-839448761601344685970813081350601931380705821336221136549900619021965508746459680695483470295925239768622369318507008987497769305930985691547218734952723373375540729843470397658978016678400
414542598321651696775710163629926879694175714240109203234518824208378029010597373182954800146135920873393762626423214314813713237496783057554182091334678209074341101157269332177273094656000
-198772332705775343232528368724640188592263202475755025450723303628947906153495804980593503352246433027888165811879381956379680129249971443439383956285546862223724254426487432877624129730000
92503467851995173581896858575455821837950742426390150348259044348097640536806912013129386601599448057299755834891235924298576902254834355949630206803246185189988018680470605882107628240000
-41760805928919997978276293818112243922262161699932006877176628433702401937580245153500974100935224747682105190858267936890257767505476126816353464563397467141666019589784337698568724957600
18279791243296262900668188358917621112666943851402146178711577343635417195470987119593607135487200644253922103264659948206853920018569186662408668210765477856669602878769955146328863052800
-7754187879437594611099123599652110326472839189368590176600574538456951513698254926910202030038792281120973320103701092750170656487051031143619198545706742509287245881179894866161440328000
3185833103500556846103896138277575800336214650748981041941297127925181869014866358914813327160023102120279104382573747908553881216659640294409439504771400744409492455755984048695127680000
-1267001011312246524545599186969374793683367050268390071553778596185285557261939055701709649916269996482588945063320282790167085304372041852608942302829974708662985546700230096053899040000
487449345271541204813822302673085155886749586197361796268521331629185902657573264826375433512405529852814749572873724372965526123373767275430988207972488268661168955381652612833370265600
-181299478920118624124105333039395719952476971220910906435349165547009237157426030189731072053771715525032029092465657987055700763436749475534849502163635736584303516862521814782610472800
65144453764752004081204999788200547507823703052895846946975044724997266722666619185165319695678766308130177583820402496145224084549465928901646957391507924632215921028560154306138784000
-22597136611226680988104208852547892131690803485123054391904797834601042461138776560631476626194437812253303119882150811147083979332504541661973951952676713609167567085174104531114760000
7561119416546064020706331053682962676536644655642183792691732775581775388677364655553761116264638727529472039112377894899781149273952438118291069430090196201078399461705844947255680000
-2438461011836105646677791764812755463183067901444604273143083820125122562848450101416087959995345989628254732613741871105179420640849661293148869891204088274847783826400134995489956800
757285408315350841481721207360207097839126429211354346041938031237236318529212979633488711885698654218410101846506760732240565350431147242981963074256948280192690261846343187313766400
-226260604606840782826441538397432219699722763374263305443298788855780877979519948159709465191886062076253728384258827444652266958548385746954577677713529003851906584402390297727360000
64972177879822364792406546850234915186551932694895936007768237946883125290022820883602146894973415239576569835050293710101437233165174213567764669262386015705226850032498812595200000
-17912151957341812264296870268241780567912406030143803467702846690035759569054641288322474848496636898299240484061119118539404919610448319839821601361339799012484116240823423043475000
4735530702164203759908134551509096120907449724591499567639207903198787280439058153143861795007980014752336486689857151259879416179086228399726860496200925826826418010215914943483840
-1199087997711051124341998280105473023175190838909504736241637477720845718104752507921715964344079519359228752885110864931553381029135448975911729320960266538459277627968565039628720
290411578168291991534633672994164515694587158097200005982953981679368017270805008807914285839315965797961824137984117571576902234539975610226831142183704834170501752353969448166400
-67178347712252062138426629689035632141185952910873154661915620762049869338285438421729172191785443381049764067006367609229998641319313764100062413141717656026859871730849542440000
14818922719538755073650755177108830735669401866344666446655096221952153629894280270447990387570298221467624010356966123902530925855376930705164317904376153103844606246686133120000
-3111973771103138565466658587192854454490574391932379953797570206609952262277798856794077981389762626508201042174962886019531494429629155448084506759918992151807367311804087955200
620983428247338307848222121707417668923289221065871736812213555967518818776522220856868168621993449280548053767339532811153676892987223762883076178850048320542059690337323673600
-117507361338792001067073095823239613517830349222575498651761204435366735457024353809215262660058770825698237359177191247057078610937033182687353799078250262795795146144575684000
21038728880860915661956390639022436283470150388539738195492989502694186090041752823326499899717645424041460832419132769463331505430344315344196410452220386346684021082084320000
-3555251631503507426037009324692720485991476761362374854315447291044439036656372614402807063556274620291029970822818239386445438303509678389214869346088012909377369549867160000
565492627091476853423433044963347338143035434527969229883329814477761023050965632320765183273486940056793250587734457487922801811824880307304000223377765602462124293816806400
-84403551583802195534849879754027334494093894843992534616850774701120859390668581253277092942985078509984959281381724811424559240550492494876080039086098920088832936916459200
11780944015684972368979740733706747537497483230552466153859069480617200548751832452521718539995424798701812045185649068375234461106942640243345395261354404270975987206912000
-1531788939261348448159307084664751705629351105024696582571358779830973837327117541360469900555509915303277411778693337133387504520384022056921100842099343045260542083520000
184712491266472367621738190843486804299206428658638855425351784378350305343204524166084569160665119598903639858049398753081583500576060361829669344030746571239204738560000
-20552471467479538265411806686040050846416909744326674035088187258348040051121489503132569509560811658148844233511086746675344941930416160745943590727309978733889985580400
2097674813781076476599252596113107925441356742555543528520562215999848167611580203071053736207649515495710277306756464838612365760980475558305704203293565089005007395200
-195031749215182730262327204184069951745580688873965823932696900247919767649837002351647558118479810325014385286785208507722224089347358264718505556091343861581044076000
16382283800018736000629018827634455463396166180881479562840634476954428483855637380212567329974425633153336229613619776766790825977796355450622153774205584403495040000
-1230817579909362505556530522977843981587124619172985388413500369783276649561379098389055591020149251832418586318558876334954571429029210862849920952566876831443720000
81692248868952939977296419884110461018627313332531008537099299845340677581883120832686338602653471375266233201051871109012228447700997518993654062057916489737139200
-4715298851531043349538905325123898478717450020994956917510870750872083197724861872373808261270880023692989499822760687814457564409736009218137907970921777689401600
231865733819487781288280679496003793475591307233111028742195614624338205726607313955669241977620352260797070915246636782169396207595732230562928812351707667200000
-9443672984160654463565672186158453151930869937222670509222164650005970430299676792711879733902493860778106507588007692822163395877134970693940827831377271500000
305848217806077227187301329814134835390996707052194680448994477786035525621227899546224327118533695786236316627743414576973018159727859569255869780897172000000
-7384399370709928573210203307032471465680224495068188364760522671666041730598926406644040153949877551062889628660237001546436550448469441440113719989981320768
118148514558111903014172551760904291001820070967583591874392578737470358636271135662881422123164339795739635016738129514750687177220317089754680556656262144
-939547112809374386214366632641355929640953890127074103939409364172690399208190405482412417677594979794162819404332883045935642235075902782913102814175680
