66
-287430
312723840
-151045614720
40971122992800
-7097837347272672
851740481672720640
-74866250093151179520
5020717896871950976560
-264982333446019634874000
11277648111462595660237440
-394717683901190848108310400
11545492254109832307168079200
-286041278508626437101258861600
6071080196917785603781820736000
-111465032415410543685434228712960
1785182159778059488712032569231000
-25122269355769439240802202280493000
312632685316241910552205183935024000
-3459743982931818373008475650472080000
34216867991195683709053824183168871200
-303761991350410661498743133054662428000
2430095930803285291989945064437299424000
-17580297026813181119934819965220311712000
115370699238461501099572256021758295610000
-688716926173919776964006539547488321473456
3749228237159799969271514889844315122814080
-18653567649079004785387907414904432030791040
84987938319528322823221435313824784711716320
-355211180966875213702286973992977548468112800
1364010934912800820616781980133033786117553152
-4818748308042621005196643936057908120571376640
15679755236716809755190642182563427595452956020
-47039265710150429265571926547690282786358868060
130212500235710530838953429889800090758086832000
-332812521010620140454500562436705374827403976320
785807341275075331628681883531109912786926055200
-1714540926507414182304508974512363264787836469600
3457578378109134417500505632811635614308988780800
-6444598752096907346228753102577900701226813408000
11100821350486922903879027219190433957863186095280
-17664900126444092068933014759865800617063666154000
25956587940897441407411776790006890702624162512000
-35193707932844719095933653008408477550826812016000
43992134916055898869917066260510596938533515020000
-50639835303371012476926756273209976031467468400800
53607387088634720202417738209825305439738718912000
-52102788628021160830507416901989556713046188096000
46404046121831346364670668178334448947556761273000
-37784219145431187897930510740792939480413772715000
28051004293568113895423611173964678270259184863616
-18927148225763952282379253214266824438410176638080
11563479611302532977252413576171891261928110875040
-6368352779880747068639901674025601916056528132320
3144865570311480033896247740259556501756310188800
-1383740850937051214914349005714204860772776483072
538317550428317118047036284110755717520021463440
-183415675076684225816580229766268568573303711920
54086905373386073724746607588626165286776837760
-13595530652603508908116426785420251257089840000
2855061437046736870704449624938252763988866400
-487224942898327845444054155290457002185684000
64895726005188308238125839622454210488832000
-6327701175109064068570093205817530727936000
401660719123133949665093807009901852847500
-12453858983462851457071547625632459816100
