-339
38957880
-1119230673990
14290337245504320
-102626950074667118100
471657042231158128048704
-1505175536020183376135426640
3528622942320622546600586305920
-6332610082595620997420367833422710
8978233850435569325231543728274864400
-10308897889408625054924110824242482052724
9780673369455455837233784484487908592171200
-7795807967541589268265153345667143642247457100
5293399739001967169893271459893467853462604716800
-3098394311515309610030640654266724997390292480280000
1579437484238044226809219379919005734669675494747532800
-707446090352169301824527891400049970960540392989163470750
280608858924740039469720696356299405782521336779009643526000
-99249794463575414515776489630687787050801227255753605306015500
31496001256917450102291841141527958128919081979000368487138880000
-9017383899858608257911409848422308232204855468292752998789079191200
2340839249106153000829247617794525728849913501156812615195858924736000
-553468225516447997842761590160231695934705684570004473647042371425648000
119683057189560528108183712328183788584806904856960211246564217300799104000
-23758956899896351712726157267649609905780808221994991935743724700103947130000
4344885980528885464572398193701247702065797210465823357260423613316929185872768
-734292158055506686242712472839347697814359470872289925222214638614486057455672160
115020974091460109074660936486242513455167814400340920632339004132599988851821831680
-16745087908006355190630835851696762446725113306392489359965914431993067509668862758240
2271438321694845422291516948824692817981451755045487736248408464211378289539861906611200
-287768520975519966550112282246600333110070122846712841305310868330939515501805104948572928
34124974662195895304943595925933999959649938813331316748338425135269372722773891529593518080
-3795636952246216687057774165211039837308836993185543929380372663702906000982205003463000906990
396753852661240897999229154062720924481670828841411236519032673144746736367131643667768888195120
-39045590006925666748168083660852461914928444500988883497048228425875529812116549690193535956330300
3623940735859118862530382399921862457044656674273005794351343166619056520423186313123464705380350848
-317723970765426219718375540270927177223533267449282626067261857490038809516268938910998207676575899000
26353683220128325859357910408213530188522023071877969872308048533023292109708817057137814812337871792000
-2071008940976801962286951246116929892799801670448404700276939351372495927100711518831598207382039250236000
154406583765134347484115891722327317451346160045265675878635714954399104624076716788628032029666831674400000
-10935942799280493369529685603666158713064998876555969785151798658967163084440623514502573261021171895109176500
736696110999716281478608921926921958755193618549195727823075359988959873695452829733653418249873590364166060000
-47257552059180779627706887629526478507291068193974683091426155618067308632514940960414410345181942100248264655000
2889943713594207200683652351566153584519424371459764935918733514357007421144256032599231047350141999545306533840000
-168657174834938791616344246354184846460189650108151622564451501094848390226231285042987665229780885236893831986525000
9402824893908765342379654338963976506651639870918462015326576132150125364434867731463276767299428552940427681950976000
-501269216520500129700915362810411800488108807012739653893626852829487188910716093784364336358795859127809520161852480000
25576756873000729116726832219595805729568003556369358021574680776875129034180458290006008637244272917163271451553968640000
-1250163901374445794678136138921102801148767298831444441109234299066556600018359666339239008116553074267437561223807849970000
58587439476323465563175292941025608990112160126828041863228256281119928627266068161803903870584986220979622819201524064400000
-2634583413347104128831091843089215995310959661447254117722393519751913398482351459527262670814013894379500070782981814737564960
113770245669798821895543343258662337790590922404365852557700592133231415962144450570589059279442537722685677797133609162369587200
-4721507270091647336040010114814094511777641101867870886267561888836845342094661172218858160192752683293867864408632477579004425600
188443440037207107916738203628350930546249519121612937273488393905758777142369759109932583145436058679046676402485085199835295180800
-7238205590318032277851256000477862131629861930458250013483219327645580189928369296676268510015283179817086073546070633678858791744000
267744215779909599921469137662634995398629762172084741655774647896274327580900763907731484693114091467376087036532601529299035821813760
-9543937232448085021435404194393384234896628815180641851400117670626602585660392823158725770542014896262957872888646958530833137545105600
328036490803921991540084474360202525170629834733411091668068310407575858401313446398209056401344379038312413536848563605126253658337036800
-10878349228481904164755411327645990814643267679356462887400325952478579083137730124805293610274903356830266919420396911443837538455144118400
348257178403339097994927618027253437628223427229958122428006987688656378346701707873686274038792079886574244613676826145159797553990594816000
-10768982599177253257748149268447744425058738928518380040780046076802476859425883561724063808964548090292592079066421656473703839863274168197760
321825010757460511223218005549956780453246914499124928926294308986948515659273918856145094210389074883240053531896288148313858369469520963072000
-9299520478643715193845313840393483169200132029609599305501038751129885607150148044949018894278716771801679351238929240023480344980636311138176000
259964826441541317255612310712859094126755618278973107116137881460156983593984183895989807094485306945059190571595282700701736265127629124062208000
-7033838352144486446497371663757961207665452000919725243199702322466283619825023725652605071105062046432174022240490040357731914448918334393113818750
184288229639996703356561669512745863631653224779599977638161952257450350669858183747891306733975372376770635636907286510636566154281056554788195806000
-4677646489932560951932562210669592840319958401688813481993428891493342061940511957319927072782825309191378633883070278477624411581286735073497903877500
115072812915177672319852241044478609165117764806259534516261603774870294182271021713244416685576512484879110112937228111570732684282614552826135112720000
-2744849923465690251700420119049060803435336095336506894147946823433578900826545605948468734249358260714686679958182839321348854428702322087600394577785000
63510327151644704500591951336787342597445205684156605641532833873018914453907217801151715136506890569277438492794249439117788238577157698208372078699600000
-1426014225214510619155025934290751065288473260117672226385119166437431425945576736673574051231351960678055726615452268885954730570713768798894551932777284000
31083206321477966044981997552046761962685467530595085148819062489217410252509417144553127702698066542214791358957725710213986469968266001908854069901521120000
-657981831037813958309835930819628764949694280556503252117275744671923408348693269520028274442704037064626651110714495806665168451949769724435169573453553847500
13531534026477032711407682366369817153005609982125784275855973617955607087211482978652456117981764088944748348381576848272480604425985956772433684348643624180000
-270445350899886567768446639259924148705386958453936533979374914648858914839273329912092414140342251774024467309828648312487516389956543652110848170843188723225000
5254861346125155966368025579476030179005150757543368429832846341593188258893016509523920443712506088870005009616894568170957438463411625777974624298751494167751040
-99297410253260067165726826847630075119029982588654942395101456709347045103337653554707115101973939935892779912506225353708301527196859746457243831213163405633515800
1825370777251361315656417323625720551083372552252096387506644960307834903002694811306230036969867374176560274620320208087599122963778063330387572887769456216361638400
-32654155043344249097977891560067808615756248926604440257570795125743561363922467977997396208693204372658496155301083249117361233729242780849669998419816618379380611200
568635406202636274950847180699914988040440495648673380418649898135845257015076721654984300586569051629630726191014537336015833821774412020948908096181007865000974976000
-9642012955705670499053263577614917877677600473170263111939422749312509865083303267300086138117978133109243130777357594725277234714497026082093196172759242893401688339140
159245316854178700697669812722199741079887941971152219297325994378220327538550029270635167493745482472750737029573916927973028677589223860121264858600852242025454496026400
-2562442823865492694733161916582963323263033262559898374674714546957213679162477322575091198292798924316509740390959115088622513954360686197730591003277276923026189783844200
40183745557822166758225134006719508453876035625035700567986465660746364956783386574601865631291574015352181778765582104986800323344098367152450458305421800050568345874329600
-614288508304207485455775804936904730637377917048536825647089019061282122457970520531381836213047850221933544156257017255442349330713034349900661661722551369395486766969184000
9156597258177152851715602918821438321207342858748681242199155570494649060239943692615598371321854848097073352450139201431435190798681099978809918106695071595628559564776919040
-133121027607557917844878340163098317399651100714839365950170930599977980016535958024404031216384862431265253139832506440496899525504081297352830779397294155397506877663958656000
1888070888588526568434849989851886718124896943313441090432388656595169257594816774453140647264017406754021331096221327969378142140562047223334798497801337319359645703657192448000
-26130910850497483474321012056089315959255175580256285608118817025813591880325371569675136254108418595515979365043867932305532172029831938953428938352124732680398856867364012784000
352986676051411530331062781214689661360977627457066350216981873723274123367606963509056884129478700886278221444223440065230645424465599983337570559737071884459370999218274128000000
-4655109842282448281665982389152390656326048289208800567472619843579489522500141166543329064147536334243595789246097789038025033936646895780259583303910340218498082655246328472480000
59946976643038314787689936237074138339646152585584650708281630252302471039658864146863979157190348349684465036252127547761742497162664529163975602406593247301127343841983874931200000
-753990464613413265282739548911885815834559365052408454684727966891465519786030682949279138603144247904342993190488272962201302105440191136721331605080186357270334787734649973245600000
9264432264469494106616637454267999701742431823661643114378010232106581537599844229204045857050912881638378838286457364347214334298686552489495820596032092098489191647836365123916800000
-111228756991426695597603665044819007283764812133674220211497421398033805162548605144308646983391364084269739594796155443274584954060226677325505220453832558880514474418370393183648000000
1305116947408766909363306117848881284800172692045159581553100380760796435622520453225674069911713228927183196025543897708698664631042854761447279869825933812211740806981468272196741120000
-14969334518863249365695342142710069033181668230537499302090980441440970836314944065562052686633859251708756481757825272059243961026951493333201466866314055297291890408200532086865941850000
167865280450026481780555525577811117422580952103355577251803967301234957474892377324432277933054709040949549782466963556755760316279700920881363925177864661762978206052721281916186550800000
-1840802555305647540783295115293454128862344661877248993068329698486480843021995054422869035305656267395427294298216701468851146317120914398632091264885169989888752158148109875839964490900000
19743410326877835882781347058427496992756827962099419870558393827660327131769423540550147228989958864259495681729266366534601826431563159022977801628887773628926193945977891046658205008000000
-207149835490634941865730171471727141197703914661143323223885723879194918299237968729806199741285547399697054642271635644317695823102603820784985392470453409692056519500594630650642552764436800
2126529827720742193135894868789262447429031854064790589942683364829849215204019222172856115763888101528896731902625790086555152102274744839976832692824809436619170544270392091141582994362496000
-21362794886955864263743206843641613150513275883438073634086835567274255135090203483644790720039820521673942688222485553871249983878647588085338199015375875421676840424404899095525262381947808000
210047682180049025646110037918177391927263722683871461675828635280753332232211264566495938315467410524729221386922793203451581517423837044807031597293985136863602090522247510081292409236095744000
-2021728361071930826080647697621288589736297138498931075976529222993974265165898085955534361901972519663178216760872539427267649211483779174337650188266486933541539906972871397652824173772535820000
19052107918542342413285711854155228963196582993331967625365757836932603197612348983078113203099078177136105579010214363386430810201933670847799047978243530743513091172322308093472818173085839596800
-175811481802604376390310522748138564885104815562800379426490619555211548820259558945394639325678882235346841132046464601968857116036622700414208284943412289528404668761324182509053858337166721128000
1588921796233651850280217522036456772276318060609143231724852597311280406981386765935703914779163708852808834449743364948460265831997678754236960403499410989788024096957964522017365781279003840384000
-14066126364343123208537758974015639311980090362167207019737063155055802553470254911713218375201655271348978208057025946029077646520454759527284449621411066578578704062036054753939226549856490015992000
121990881287931606380585025223682474093630882157874674801254691313605748262736728061857589544716653409628710929904549573170285388222174768259522741266744912066050809405958680401136091549298268769280000
-1036630116107968239641168006489607906510844705318581151879323026079029474555607695541178447485728183490201131117662453856441480487801010896463833700808923851532513245779345246076463972660363412655052800
8632274158970663208114912544909810178395638890162034427629132576552911621573358458122304091553908905615991888050658856072631758627415284309487000868679132145705369614232677724814966609443493721159680000
-70451716483812148218844100893672802665306945364964811750429504606964081081139645955611218589047714607003220784674928388723518937579631262894798364790558315663335349569220252505849955084103679583160440000
563613731870497185750752807149382421322455562919718494003436036855712648649117167644889748712381716856025766277399427109788151500637050103158386918324466525306682796553762020046799640672829436665283520000
-4420308527308435338384539848314927923460394217497099684618360884619768522126905764250953188481802592378456927348717806106891146637613983669161171641291262741757744231974622491018009647243624217613806000000
33990752059974188292805607895216250291435028381291875200525431268226236644704560196693000790612128274821894569652567562181202423323916195328469906331399338811780382413224288003521172709723070581055093760000
-256307346742366306118424569343647208369534419939638831541417425953520741762406970894579022385512752333888490822666302593394448861664770864967538573566842591597599323837529903558061518206900368349194046400000
1895427374199958061288651910570245759198240075924429702286563581278896320409962924800936780928499301940550785518310697942472558051285563898195183350085368488027480075295553159251200497561614295326584243200000
-13748382541803588359377332448424526784095421785991067699068950159323807215774563740025869869537176385958762401967310080443543589881189894931486565125579715684093033981946637634651931675684455543313633209600000
97824096102826746916945132229592212327198269836625943179026016386799436131731166050773719938886088033980997078047183370206302670463151882868200430905544251982855314174206850368443516393048918900097569536000000
-682873330857794960197100113670197137176548422378296974604088485640101813847065871013182298748386698282208597727943119413646371579001839612346831632990014843997819377507322694853216021621227109496993596342240000
4677176259710380343457769236995244103276024574557449669646744985997500846430145860610745230413784448039060049187769688873742103814104533592387150888343602797356828575673404811138617761640369820391948489939200000
-31435815741242093416990383039592396826083288790983847930828502295366298856109412890212115064156393095168197402620056192277784119809968773648322588915427908696532186255350738853256779428998768860692646539105600000
207352959511536187868881241607971740635105000662955922580027622516966996856954890021815545408308201451055902915081013123126752124005314552178822644791353153853152219630772749794712177459094794245901287820108800000
-1342413524621219421267415660501141188964719516844039237332781587113129533176741319408274484109654000614292394360154750997766164163898870778917852508829035490394903596718605188496008305486836062253397742979496000000
8530962773810470633866835547207764191964210505250926087052536350335059848084333187325697483145741033279793765784699273924748098356384145463259333293868026115472150242545319731001577004903735912800856466361090228224
-53221794402372012089401658274955467648847016218983243530619706652742252623678053699840873470532244938347012694138670923776560556922906757836263584409873938435811232097058528140403829330479372857354549553460202926080
325989677760501941740725936158435151588126630684220509323391534480607143728588398605907345272541480683810408461736473302854111881674487223024375474674205848220637562237746054439008934665305859217792216472530247843840
-1960574028166905507403925266799543733644972766585146260205019020575902473241205751552141850654322502572059705724739188833211402739536068572702202523679945170051084196180467710342811486518264370711889137851178773912870
11578944503830507377420694382612773159222878643109679373412010656943674963652767337452346678823797581442342880754003213660718506174004255713308843460565171042162163019086375011867767135088938306205424221381758902719600
-67158563266862139860482478347815777386993241862500229695930100390785559977053722318604525077218193060979875237537760296227058502584737937826878470109352581699631797709696187280372213156719101876482951929234401739850764
382578005067795745746796054034291148380191091689180260770009126169989880738696573268852536073005684612865952055340099444039230768176911648619290206741466603750131376032859347854390044764341203860204730528637906537370240
-2140737359968714521526364490368530997108786206750459589318961189979080773782179740816879919049003399489244245152633934544048030429576696223911555170263588697533663841200395307493082311431874101971899713748313244586431720
11767096782434170973884983443242297807161597628738803029490713687831193498580411586811400773869223728822330060754192024624731646488133943537982267641758678061992944915348342842340854729218383327657400246886539284166879360
-63544026481885129677141758719870205328103381269250280449686291642935602449869102779860073292394145626267388858377713837588388510900083973889532779120245612512872906199418136762507294431870157015276220480026357857498410400
337144207664875967037635089227795301750687767089790129951323218474913635911799328526823025902954420053637938713288966652370195635116297390355130952527367338685583458867431338951297961173339736776359364364149722874549590784
-1757630310558264766522705637910367753639168898228428486189248558685312896993687838083851117684492860817043589988586105614986814128248755183012191938659785663535758273209994964228963338350956105031382553460917875658436650700
9004191465757273900084777691744774907981957904121682338114370899606276608862330065929908501656953356773422945526268380153029578137320811356864418950717444249575908651802836368508886083921419969682854455771440970766157005600
-45331593423777050499812446479280286906773061225240208860081471263471486159834783644778504380033801564133872702595149836375342200329337714264970063838370951602425404001727606726713215241973008949447754497794499367472528629800
224300001620676260430726664428300575968506011755756118576874315655911913300564428158005538985105917371316092871388454239298313459525111820492269453079460844324407050492477573783643878532820229572341252005028421900024519280000
-1090841859922677643903943692855614244994589874825021886676848808297815279985872543696390101102004140293429657581307084007354823330377203257201204925356494241930959411224155857685240721715661076686996963386291541016950877667800
5214708031137834277784357354710405806764540098756102817251029160536409849094981467376133756286629117926037656884836037626829757523215602714370631060101665547664523034190622841627950213362327283754951531624825112330919541952000
-24505558862652636513589186166449807728208070131810753553573485923673308275674130078563792221010321133074665257559829816375992230392151401825313325102264110409643285516306330519943447647667826146933542069141715590614012251376000
113212829814295069524759039342600921106130999143842022089744944113710439601911409691529100626108223291301764204224766121212418112846952282910704701895500759871867595936060035056975763419750348269015872969629622733458211424128000
-514224072919530339659984091458471631673463934913327587313012517426206488903647093065039947071277151364354584373790007577468730707874720330147797181135596984400648607409231018607313960150905987254883294543044271660434107011067500
2296484354380605030806842627899388933536816629375591302656010622413844684047412482779309910592372861094289562633121833602568558313750522716744711729841047060512879982939222626547079743273696484151463582611828058588733455976751200
-10084557045965309340808524309651074363094094604649194214914424578300240741708484023764182031384831190783025638500345713753444825528176847386981081885521261498372496284623096920526336994235989838571859103508170642906661434917611000
43547141796155071739068213262166738440882787530613430079230634747112409833416727346266988463722586333210499716772838134192301520648120597129620931690580774350323215942928891658482741339541333880180356178747485724971372660235648000
-184926245820533067382802592814415792072479649732243856176031590224258355801448307504004586647648092264254978641118475380212075901484944922534968508174888234466034266680214422726309767676228828229215494461219634755280413200198104000
772323837326238728333564091966696646140278056086376755310195443700429473893531240564447784963286839094712923724359489989336682022687450710213156167649008472577392784405634037889439289173457815117015478872315865704679965403466880000
-3172397394201258200502947864162403143685806143180401160112158804543884106965068923742525721515197020265442805490179041080199355076390972537271560274235067201958898601224582374034660824208895321374652781015924649968543425891280556288
12817036443744568458854065928978578904273341603867310857836589144098180076909878920010590301564841432693855148535384117552211069235434252450921281192164132741741754271514781294507826635942433972414938563536115905227938265563122882560
-50935848128258961313478348831415606789026376646567039518437591128967390933242484106588139271069037648270935689624020235512957225761334260616613542036917164817715661874466441919919715989972578776195568476809018095148615292988627670880
199121762309933532731813860406702764256370702707533124884072828373448839296120560705800922763640897657677383349518276722297481380830929166455104381173154068383903440961005298516625787076524867741774909754784350631092318454097795523840
-765765741755670764581088005498116276522275676355226794360425970306982686287851060008963280513487437631492062253028100373466933266093982738511460410056397234228112385429603991027528036360029117995807920567764660959216347807639966299200
2897192210723140471066080139344714966525234958500923816865152091447388064633527989618094749034503813983438188992767625870828319090733762955244025200103487325802226987971250129799716478375908707985305171609887060251776447464026737845248
-10784112278449855340710094897375945317335979976816493423353459985361671919577092905142797207482352399313352578480845471298035144840323714550492275754083431928328185885329375945426829273244645394183467659857068513843982967354078815241280
39494640090885039608770403934274061247375292485179053686273826110534660534872138047509050651703797954919670735714344694917287865431689008069375581843994464969533936315487582674573846085209973184459004121490417010090633714511233835427840
-142317711050142024839214838435967462250846786816585969093740369148588625930760011309877089788307905489132703908534501911579653281150394492024387887195169447414851959186521249585668942168211566966607059515979548268575674453464471324049920
504622428643437012245845422151027384841023138730222944882041323147007018252178608987673839192433869231670249529727176589296314232914891114475935691158379386348140090244838606576455202561547599497118658874744144092208514616057719611084800
-1760678904252360834797310896560621759429102647442275142961281758781789604582142403647969335566694751314141342118935982036427190765554335517035353588670218951875086757842157389766232622968749731823520926927774284939849872422691077085222868
6045307761215235303304682295972197700288960133573646376434322616086542757139411053766030279134131895642860207884931229552950116821663356391194262157773600043087948823268855664873836018834872347991719551582574413010556639235349942540212000
-20426754928413481976495553725039116577828231891667056840537510540569515015807481863085286810805418918988032108467156174480527263732458522127036030535165734301970356569159134041838788166522632799987109993739062308433818438403944781841121000
67926705989506114629355081588116076174650154092836305693671953452534825950416750256588929214809754688939388492125792552512459814268138633255594390825509539577992583220984900104051361063216818591006855439302707406178054374265697970011168000
-222309945520756831508364851903402647429862426160838630602523561223207096010017639847421196242327061886298693932903513140798233014238284621963254619735852068015794063727959392908206464068622116912305861468048067349376235733742491962010450000
716095242695621344204134584114629883159199828268169129451566803490555353230284919891990788821565253229783297085028704807913382641566229869887587773456576049833354498170326057685145053185009556097027541866003427521428773880855154273662752000
-2270346235959608024981645301973241389976901328082762229443175126540585296667289955957460272368850644085499265126779387267504451824663727412640771731312010690727646092780176224040597240946013930483989374187958682153056496955324087426279080000
7084971623508788613080517548902260556221796277589693511882764445232178261664010163393799792922148849225471406020791840247604699028438937365160157959035709937086611020360869774129630286995356032768566933713163613795575784108995158552975040000
-21763243510605918593687699473397792072093291945797677806111820759222440431954531219378977488909138987432706012180576465913640327085762845548019069393938454663251059935949062032586329258490518068769006783309599837912239007755723967583165995000
65805598878748192631590971132755622119182685915727301401765233737139804478260331084540754733454474386565193488040145078824340136799358542821572313044379571608779858410719547534545547941712164854833214026351214663425683999502269592818256200000
-195870706614145269147477056325632227346512589105770871760596787934342668547558198623642915672196793813381470900854716948980919131751474782424030170947770765721759591707560768113119120397717028822754598746046983964101756516303969987675405418000
573927093556990754781157764302868206937149845579236287830372859690656264873116051368753634102589558973035273307521362066573822756009245899869734449806949119627932075425047249134162519601805513817366506636616585822791234852328037637017500640000
-1655530569999760682827192405770479454279189980130992668151045454550484507689193634250112522762732733710178174629663009555003052749106308050202255568657910256276664396989834271882166946162090222168489912684185694441574351291005873033739942270000
4701355013713109691431345415859019338370707834919086132229398084571979661115304399150842444941367252614369454980932156373377642395403900357606004386761104898308204765577199185933680814200553715879056923347065072069841533794151864776090920960000
-13143948841846550727678895254504779095534038997447682839957636440368450865870819819861377287358370692876975244974930716614630418171454721421903826176423362535252278781288215916678438780486387543948433520832088883120350661514268218852299379200000
36179014255421937637238209122407668853457546165839995842516536208238332544961522531756233789882815213934938946952057459191735044250806439085087507963029674066012280559917435066524920014363445694846600883985690269110631162873689919228520113274880
-98045175350961859341359809684288215454012581123819681398503700671505902165766884327488282718611600049514735598588922501673882950982500856437166543645290740879112890353895567105482774102716278694921807567348229908331996802925874879572511651241600
261604018575045604585621922535957754994791397149680321984861353587172312357265964272827109994387975081842247698849156045833675624454314264460902860493381327574030602012922156643413963190470783257234630475590450844179139990110751474136595293516800
-687259616656074706125912509977449679727984204158185234220865562698379679449619589325126567182264609326073196935649135266603258993583630742044317996429983006037103434533190302756212853619657132495342726199240069338370757333570528356669226816262400
1777724697370727244583990163444681172742902245267950195444129017085662364869525656604553225182300515618892873569070888264913020985244259414519929950504572002757564765585057029819135523485446245161324713566774349950506175456643843519264240146432000
-4527766041720055029330723835728967131355464079683843150563116377127343950969077984835319033804587063252674654931891937361385413726029059603259232698937894637023364259902607751781014893010571283856718416303820559637830867433879833674481616084065280
11355003143607329483526518431778393196549706321138687868205049954054594762419323196302610171160369741974901549073723072360777314237372105155635620357887043233657080296498832541324385202214478699724305884543264771522364520874441168911065278149836800
-28040248524865617973795997710547555497469397655783759556683023520462615861055832009659600415722882616360373807800486841863739342249557000525767625842714843478548731947008664575012399963335880757195660199190479064008418388901300093389035338631270400
68182791898141389794922383038170997619216100507802057637427572376550859529920227902015604558307079256336646657613223581075816600019884907486467476115260388012337792705330394268936359814099180083608259468496494106731569358446375502548774991651635200
-163257266813056231206444440601055408849295639994830275353794487083680748694263447391212635382773020436995813483560254300564481116511459417101562085045001871284858316565973783418340205822600130951019126707634342354743462607586703394202399713440448000
384929390876446621868085919028276618626815513952456505476984658282095009397583145381484143896223569238387557775584464018651610465391051252664065858722906384374081131149972839349200328679635943527346660300928002648893453866524955941521018181907681280
-893729139847108766954387832291198964943893980755898624188888677202835056938977516266843388208583599233248947228691816172337571124769805522899788706842335973084982855232442141308952376031672943803738018518673887523770571217152765811153768801645696000
2043393639768253027982991105474733039125917571260133455379050802702996038559442088151410179703528151388278756293527641242550072537607466360687577760000527487777475742558958336867893287439855735165331066275987722133904449940055418574547917390522368000
-4600699854907148913756294794034711154779400819606372792516374086880271496164687727728179262965925183992334161090143987866636688612641165419432870512889372337451001221299632966640344729928740375657864142741180255892081100409681701106462189400905344000
10200594286516228380210479765055545014376096551407427708275155445841871797996788108845547370647553947879198946231611764481331030433671518188714855256595232191879267006156908568010842434712248754293072425326879882048453938927991677938238162440908800000
-22272051032063591056968704309181249683604939232090993335012632337858786066202350014607060645479524923151976181188971492747451333789817804297858548647647999905709576307265753192221124973585987785654688687996952885954049526876543824010245711959968768000
47888481208165019668008694005432340812531768135884913165713409187841429210627788030639999918626516130918588077422848164554427856212091460462268703048751654631283659042842183065097586220994075872557051086496559424748105723203752571348473825995448320000
-101400585331644339741367041774686204069113287363898889620662206515173026255804395895932792796447210547718973241086025910932752147687370419089173940806109155424102337616838440850486173167646879893234205095992348606162187728844273938306961301967412910000
211441549139023306837538212266730028791542518084478900228625598122003793265345084110416169080663849705023707739312029975407896180170566597532667140870684053802810190001747036906734732268717776452180922392974783240834101459765160013320580371188834480000
-434192266054028490512784056090823421063725250030793702948488929505236028337554331636558444770940206835284229265403609221208397711884425536462753214533712857321452479920422461136597772967048925313710346135111492261873300332605760219722634020281886300000
878044667731507555725734195323075812915613854736828733252518204424316361210902771479942095177020858509033953809138091641657881668719652493145032772775394710758459168861559646852329318871116217249784898787785228375253367583854110134274600016399629952000
-1748615350499765346490974974312575881588635931815938209014054176111055893753647348294277644510568012813245591320494317499089864563343320855582588824478903903232401049400083839609471432221854076444575012540595296148707801098572435855442479025787528360000
3429374927394113222503055663502764191282286532566535828402630612800244432615568733370456854827188347837917711009958089450661644763977088741273982854717677185261782284313926697424723379867292573020420349776850451711470230029491747734531628323603812480000
-6623354284703093328952756496108529646753415197080409991816191768936743896142052285088533865854255181441781841764641277903676863498470901648378791955174430247843749852601713798309044489169773282098438108969844547807300056298924259341279749560715995040000
12597435537583318338848049778715043887615646893868752824009382693273289822414064748689890931444723624812378685429983612830608857319381538651950471201831723599595748564378704661211515641631961910246063442024410781062241868650664761333935777806447532800000
-23595311697781994831620868436777745077601297023388520758190174019068203669627103625914882961869253467364205587277495056422051154980634606433569531322810864095132826954795423298065699084667705456938632978497772003199105576029411364597495060225921390122720
43521760048481826065007972968705664790050955525430374666476863639537698013925689022627585414185212454839746549934876156643925944138929503513021991390704823949142305009067967232787700695265894672187988652698051277898996250729232813291882178362804435334400
-79053580274319368259489166074932794756499526288558059973415981334467590522942120706060404571688201929108849501066640920056314557439100039502858811290679086281702289490174750695827027066734200456292450616900829981473382636881152544425900191493872569691200
141405943099338233714563940151798057877917277337042677977151564370071465762991327173314677419696686175312953831022937598563203636534517753690570717509731777233051982889654231437084176251379829261429035401805284758047173698216009035762138244446512530201600
-249081186536355950174118359112542210513762159150132485320912519851693790795753538024794127937592886872388410240848145921344570419457968664318706421738054784940140225051088606197026517207501883506561309114987898865548060071792688926531707612676653234968000
432052877424252310384117356475142819217399318344034685305252565071007033286073763423090844738578728886368246351382901727122755628716432688975048740488215148197417295546083403624948126076336878051024228179563542550933762926672215395323149509427181777899520
-737990216328045261527777042701968311126712922758208930256179474483267622012938465965754073920159278992562973342916147414706686345261349407586869826427756504314492239317038729186406940301707950926771872457245343147432222776412374703789200023348790441395200
1241299233848978461313681696693417818841150406521263833961664614925857407494142246472119013642645558952414259720662152593356678061930872937608832927963342593268316289109608515716182898117218498429235277176563895804376651962510039199316091952736213790105600
-2055930547335342307746729136001299940937044995379396323737772774402324432526066728815010913475200000412655986704962275064306570818319632074940739208558368163041506571947282207162410270210464264560459325458603898891785728311704462807539598767040007201312800
3353048057328581900686270544372441285509834607056344728899954956352226198419381281581955025662719443909196504037487980485364348460362413612755620549385273870448866284781126449445985843954888262798175919637163566700643650212353790673499256339459492983712000
-5384721461860941015612298553809538872587120106719668708513009296231768970482063531585388591212232511045197406177753656824353481231549353616076322061859738793175944652029119189936829103281839946930376798290783695177013241534900403838727683292899336793638720
8514732169425894465513034706951585468209008232363708745969673961831866658923592745527085124353477432617908344262569516417746346189462826409374746145749772265663091653441072549393606811864997018573224469344156064339564075471282954790917295294807244003328000
-13257284910553484714604966840698449099075778058831328918581342889531606737083843217198042803196940421464564173337082303541398986901478288618031697468875307356583885827537511876755883407660130303682327534071199913543291102466490907071111151051190960164224000
20323804361983203704516402250529183621832496099712063059471655990934389379921432331383946594545914615567973007647088284421331357027300974893899813140144490230446393508274130486722766707874923028537398766772908734747580567320182846626769882032057873467392000
-30676980009653440389437861506852777925128205364935722748405498741666077078501812601688254614987910468187966943698248267547919688499261505143261957011802076320630774549293590485953167278405407772461518249479808635894543338195642398311543979724561108032000000
45589741887358631497951829833959079120489068593826379879382674776798114245208448209531126858436116766309152561693777457814427061571557995831725763091027700052397007862374742931812629082906173982412470690454622694459957796878049760830931860057511084421120000
-66704898189740590260795646082287734399866818148953142628302003893135358130768919689292746377553616063359359988512211037330715521223045408638819427670803453876819310307892057318248223687083975628201888539177915342877851058896606372666400107742326692772800000
96088824438966291884947445582911966697355348567176826238887670752811858666064629963772973991425107452054452350671288391858334117004005524831455316905560531830627268721037482894336543760586978589738378461838568530614164518827637101461217101836469328806400000
-136270063561842672632139613457442930298410454241688758480395428535629594279032864777131704572428204001054497203059355772790088049905709964587694512109335560217759153901013450774968437838403345594070311699194806902992232263181261209645266581358314185539200000
190251317864535463385835752321894426988210504702226377011473444981250550091199946320484121227034309958312152221948134162048837510095417927666062520190177625824756634457410409789034561365682283959445133991745048481565435923825967986444132738845159981312000000
-261481568505511643799363224797618578051296507919355388950004649454499335591254372503820748515362589519357080123062227946149808264649944131534589770776256319162988348775648716313561323483606429984839871038530420868640792625802215215418391609932208411505280000
353774534650072877751518639966967007997986798863884934825583162424055938573536351324757377242381603886880200129644192843749704758872019578055438915110153714508103234722771179418933524207053764120272285133926213857205699652198161000693010331162759399526400000
-471161008254744612388938174083106353055025150495674366267892257771848056978962857964108026338328896484115650026569594304139261652018560771139210373977054609186924194819790031318897405413083108423876145997392965241161644916632795503662184869461286395315200000
617666320459758104342730749559127860370471950192322453412222889433978534267179043141750898933184608972480191770036095474983344640318406036560304906600014962740331840750703849298026496685831486745547541874199002393006293217340489542816971103579806203289600000
-797010640907346908196550190932033907040940019435624945116676717482520332452337913508702605855967743700638353319335678442438549281278204696211275135080874696321404357250564427670613949456396675887684861261260650708210946555259685814925159321214814904177000000
1012238936647482011049983033603280041226751199795218596962406839056911156451467031841097140664005966399530737086814948763161065967191376773285928811558714458759131151679650181560687298651821840451843670906745971317237155945026701415435615678357091142300531200
-1265298670809352513812478792004100051533438999744023246203008548821138945564333789801371425830007457999413421358518685953951332458989220966607411014448393073448913939599562726950859123314777300564804588633432464146546444931283376769294519597946363927875664000
1556595574141677008201219809868693560263303480986883533996412077216123736870776603525947280681088955296994228623866493430745461143050412302105164063496526882184275892392545564378677279690472600621088949575007292343687481555704861731435079010906788451471872000
-1884569399233508884756082086290127089148421267752991093011930342100476677966991133735621422057281001452887922570411770872784454600649503675315341463994323491536468371797276857981317558323316290883530994525281508891864016364100432494446936898073263788286496000
2245340402816682273785015708155968431761281455525388217070334428680570218710123873225179276713619438431312091725926802389953904834930321497181642887633060615762448158309220992861934765623096467542629174461577557170222988547682062169925146686592885747642880000
-2632481231060367699478647622600024916942654766600001939714918933860068913697931809854420490001047092456491630263397092836055408918094772581790220671718148439512340212221100098266352667272402004035187221725548235789308128028653859694535491921534543798762931200
3036966034820866092837569529192809990198643717919381559731834290369855181260558876607224852691374955709631093101979442570183672963361147657184197907666071061943735377229267106112641633351868731253277213122406802630944104522852487824358705471967663954045952000
-3447337875844427312613276336301521848453599420959431761945152341682651642566073975997168861936774220960748567465287566935019914295527572057278963651246171664528396260823731650976591592466169810370494164130122035157973988444424763090904500375683865275719856000
3850116784029901394727627527171874094483940394768963631495486687559220733335780679560506593176343173852752991260758454906226444465111307059937337657764148913475763452748521753246747986413616164276074382647268493354054760031725805148883229876742325690240128000
-4230445545897417952622319201042731479557058109636837915277338676254666436941106811778761764527260703025255382409298203656825079100800310272136933307388779665776705897702805378115468489345007241647856220906803070031534528404353551515497105806381072853263520000
4572941191632272740601936931198676295222057780224186078594767036988656724665211629442190353919771026306847357325585614585746128057969675364517634598784619120474535722395050608455971153280933495652520144196514550812177188005908367791201724367908094613823795200
-4862691074303744489050375516199396789437775998882817805673209526099777264404933186471447208253706532480304415714015513211735392743343400306369522211882703738331377085586880068331745395595074803936018844082852884800545711714484398923332413920018617198788320000
5086307856602282330479226305039202410102515898206542963537047233837421243716616542426791760211536010900725400701985782766577254258699842525233174330903747797440671305033032059937451360750624630683276880976264001278314758223386341318941515473462831769538560000
-5232941934877678260245354695621241417511904508858532312090397952940177208884846801832606161461896831213572031931177626267350869402483064805504796633042823783480156797602747146334560641029308516388837772626469479600599342648546815426946449707771228144788480000
5295146160535176265159599821552629574625585697239599580518986041559885903144975493179822414392213666499964346660983995347645878949309731022884355060133317250838624374598462650481217153962536234436981552455488102815333099999755010095717945993753207870464000000
-5269497796320084005125233009916984025123493016518595270050847202921080205801617018134732649572501381552855144356844854120180719223149012013242258965310796495404874787784001347017948758373030199551427423060781832317321330296631196765566812192845965769841440000
5156905954491719750887867706886613040202808888602416541548701899313617170809109886378991474005285351964743830258484900538748852131399077888340248955566634059310498836756299591337962628500250280513474883813550719665924216422935507724640030389307427460921600000
-4962566574641244621282486858087030447146876930110074261185373146294951213975975101882740634186801901862527628609340781703132795908224469512895147366793060509537630335070602692251785394685960744807354416144393789840388140580345884994835362896151196800340800000
4695566726927731536186812744246957021168695622942133975527937279713314606974981471191594857038815151160276104009569817529804663465669487385467623053353348520531871531796723291190227668070483814016774305048681092414133451718150777937500065974593298237542400000
-4368179978011495752682521900028851696745300441357331534443274762109008490783884519987007544294120820125838014320243623083314822729879477271636057222688376911610751558528646860430172658493747413990174766277902484267615916813520908963794026370647168484384000000
3994928914167747952340853348171325993244981474864674250975393774939377427906241143010525050421825181868021718186157333324142449122523345011307505161127882364677781217109347739278213382102003465862634468464668634341608385995752500099565795445948304225218560000
-3591514765934568169527135408937487452285233940445710268760597169766290385439206976427516943753708094049998704109952569890606946006194768083485108372846229758250622762853362148116716224688669088509759869403468455472192548088090996892009999028964529899084800000
3173724271190552855407348492298477659486330413501436378393701168949503307049755388764941131171628952554926816305393678767762160879312434836120066917944662897716854470503539807721293663318781292919703225413951898431655077980710416896556951722689041549926400000
-2756419572616183693374322554843713923269727362415553899334292653189639993377289015375534280758892165690467705296976036334832715720769906536827289518663014730868581153272756014390094036379736932945691128901162014804300847107433798441782366840707604911427200000
2352699533601852245179418873926700227729132949775505433021576542423440725948390101670509735935881250436921194243898837806476465152870815856661991924769709191102809868085905844769016248209152731270237166198117672673724630714430357793247251709008668439424000000
-1973293796015083144712805068641784842204622053762908324870785022886066980719048920314716653879917296466461534775350735626452844476458256608353252459013646808108806337518900324618185611957951925214673639828344424307669101866898460574077026909407094532208728064
1626218851908749335304024367293875795737591102226475773833608329839916789240377453417248752709406295654651241814196761856564684452908885305085647333724679644402616229011941157349505515354627132222438618115389319376742905174987191838321284378603773719659642880
-1316693353309904330015857597838706408878806401221634934227806744384275030744086790160536015338554162000428365148030909932901649982917865893984453403850495295985281535763211427428815902667373130156858251883959634580404225802820553709230370982846281074321930240
1047282288486210521173074755443206747314249425846300954106549031700107959275147973888878276694159719660763469612344352926992904184260250720907005135165936298164362098279564126814289791070026102619099928446252135102212812949322751963697865104573885891919544320
-818219724582234504924806761859303678132164770131173656019291399696880489913569248308464714749350869079000289630637626469171637042092472217547857800205205206599520608279828721744594781432275182939359723066112884708088487145988798324914608633455991046906265600
627849156136181051253028192075844926168127541260515813006360071961177222986965801054965865546076293172868872762941868670600353738596631968731532684337392064413528339419151617072945808755783199199420111374190980321334612143579501441290877545173704410248904704
-473119057858052081544964557886743189679153116228493857197862123928874773517018220292655781097304958165620869161955019902001929769601359096920879236084016526810639908481060830828055248495549824408925814822607750902848965770121363505220794488043264653017305890
350077587785412668310882948614527292858325956431118590576298168339444472002963170708756731120645095542252314458705896117286231611378788805049542158486851514758582167894841782982766069198239352882148441641970143410559352225126364929478881863762516164094259920
-254322184852761258360515695363149695041615111398647943099844518454277332081114266660106803178911046288334462626639640324253504928060875101342778531307443643699007840467683193613629271200938350870170845990035908672922579706003780255014877265277988013747763460
181374358214041212861571396761722118197266989599310051995297651538477774135157593312853258956770239776299111403503829595746749090777303034364999402777956558706049926029337129477438087301216301272028939225165365318236403946500810175756350209014459333905174400
-126964733802465151387905622280494857325634189568475606072033730302548916417896338360318477323865747284826187140905395270714969137938946107828197289036326661457529416414708022248548043331077760243989370311746305506276107561425515359866364618946349558279981624
87226399230125351726398366476228465859862304895768681671895283072169951826273082239880576309169227887580416585111382667157859627068637833360632303208997045789292240105229451141821882061250409997191798866571646007746830402881844348170841064674463958654499200
-58804499696586896186739368414142892526613365824565690835765660723891510702529564518602549820223535326518835416193687076628172454429452727324019303880932875240240618194593894739381318631613618428996633007230581876063458868279283125987733989131463326942693600
38896376557681095206460980839449256442591546982109463590885375087676334740449227773353725792983376776574618079800106566957627638610596093344251488255727868091073873608683946162531973717034889478862697933276664141358923363667448735418913175999981351968108800
-25239448889765948271237916931589942358473982900968498778951318416267249750872594209853108485245540844820177666709134232820516384816405651995721039318831680934613405847577069920806194205591466894535777003449798206395737332441752310883269461441103601967942500
16064114027440068692506229051966451600631586183576903117465405880149248769882541414077529894717475166964509234478198129870356715354276497281605519023061599303004354400331857845216855197053986533544622128105264231157904959926188127977765921659972468402408800
-10027016733872613401047792499294735922634038156448554556261796182610542878651456294204507148513162003914686391835740013648656005619617014845979249076453099853258908249345023768076239609049258229040621802925108750764442203560688827408813838121328001399067000
6136974766546449913935071081502446629583362830761594809841836623317246796579000140677117870974852846228809446739006133842783021745221978029706779386774981452922508167254724810962455450659109190050364158639177783576065623388741249246045889055952297788496000
-3682407015953613721609208041873342370170892569577473428377055482221867136224175332239387236653531314239293282553337983824660557587350072220236593217195385604764442727837169681137905749569163911277574963032867077004590389997557663437804072185402876166613000
2165852359682505769567693844227269541251132346999312739068386027326359023751757191582597266372414598112578904457788927620922227870228701561521667850414389123129512893640910734086445304814245464600732306445168292275056549775376986994554266969925048156480000
-1248440082389829560260686735641619936802658880017258170211147452047749417518142509567795881073185649208349494433755123834825417521740470072931440394269726273566876012396223730549334954096013836323557918369443303287930744555708043491058502775627166647235200
705127852528289785809197666077727631412620884017318240497248080921292545562458998337062038192777069064450879333235693096071109037210750107231602886048777192951539562290755304845881917401759969645037274192406261085543052030483921025164508859261378147456000
-390162993335729332851307375327421280913960601332949783888892796938188702120598832381654258454499822614233153753036731837611686184260062677602456306041560228533969169840731102866509894743131594363090545166718954234143543481995029668673760531622824356920500
211454113523819978968321156921804940072679045861886080194825609546985979364478632982594410330128632277826155542039470171138902016055930599816426023610013561847657726632677356558977950441634415590091820638598558942499242017533352632895524364922501595684000
-112224800913162755900590821268438886424368594256045219049534157552342377694305119228401543497309064855745953001925551294275528142545534588279683186514212136659117722277146215462897283224291694938291978706177201516648227105714428521201478079816946508605000
58313861509866362391664355868622472475133729320800699871345378580850857175212085490238242026714142314993626038527821007072411952257445648674888337153884034673146314242680828863867922533312614139439624399840519812207718774825179281575316133877510479367168
-29659874031187935975438923914747134216144932032850545007814491350491840753696600665817064263351179426517906438547054517420455275811472532791280043885570743060951663848622515153467793774327835996016963969909432631327295525238941021642454626221961556436160
14763256513171416945013793769657138109228678129502900010927433612558281511099852371709331782584267286913316773331974952486309321036267369213264442858341928331971822201600321895779196650928967044531792255063679326664651835680455049571460948072686412743680
-7189647085894009362345170489474997502937733020548893014223847353603023151406049683168885154768439364908085805572894017995021271101935652594063892084511867354567872680006616054958874079382712238691618771075923849925954934262011369762448575418090400554240
3424828996864761079068343440471382785536300155470162934281680089818991257231231899023679828609778030225611460164218216457334678799858352258936667289650698751395494905957597195794954469540614455244475585250642416660299957123307531902102917183782223411200
-1595384946358392083783864423334889932532796147677625261771699471432134945221196686023517997712470707166703522151242518918856119954714628607763087067414963891577995783934660805964636890077714037244687408787483567587382840996177479242304855082511614556128
726561754170385118385883723143357378628428584623895396630112498482789891594005050967005321585851833559791019067117703427287725251346082809680229618979522821913916090098788041976271103040673202964994861007306253599147515383829259426213986509379537486080
-323400563507483552581675043359305632655682392861677296847694936230512974608332035474562237414798015096271851289155039336749957380437318208518825610168228073629179717333469145438283640590648223999697237250083238502200902897759221064203215135965337362240
140652129856692768089561676513520381034383362361347296180485585021429009371541927850890282730864968495465558617336317474031071875980380175044359820367088117727173368554475611805694861579660864018247876336262150401536563694574151108246156021625249797120
-59753090030990598326086476464686766714728549783172548894370394896340817869915246947663602680186075995550577341090915967165179005039522499230001354454451923650089211881560043127878080143164544554469146531715217510273883591978070915047293891105301332800
24788428706485185610290057383245125161212597272930528870972050802426595247087278068925487915192982662309292140171123477126474259819165898849542944163708365888746150613247734234988978621164327402984208821578035939996168439708132687638456324465179854848
-10038592362735607772273193686977294378272376212355417977052046344935950016623870189656667651117017344234379457958438862289286271413148202838660937275940628148866891279082488098855811003301730466329061533751924794762250960503348516773728125432895040000
3967223817112864113963226467463303993025560471349580133169010339088189063132249055029244562628672784536870911574294963460049857434724232403016800376433115947770581710554858655488768344637884764170302068092275685259026979401291759254311669913336320000
-1529464650846571852963470446928940873179233545432406490142089163930157958041328221844499341473488976069824473613657769658589099768400086559018955266652220156513550001909875521153601771755469245561749484367605849579570622592533595988560043750226122500
575007363855585495660408424630556906859687184379707663826601689963086647459892795415731125372870940824373372822031033719420238415820724344215169782125210580746464602434957571918716198717947992847774018619782134754115941492625266867503805914166500000
-210728917495755060187270488175248447399790947797466943005941625283618234974570224108302604222559515661688605514242788231465531132152325148787821020866600657659771528081424819549426301553934305440680654314866886745025058653319897147720984566950365000
75252328917604102692021345548818661203453882941809855298114981502067942343985115634381629311063872103653280319678580981796597364654247263250832036360057201587504765049802039928374149561188146060228185619933333984831990336396519759415719858109600000
-26174684728717687107539841491617975174878398930442565192533730606197562465935993788338055691478481598072402590081484286183403171837481364775637147006124700078352280177823924495165511277164534243152881649117598118645176597468000404684180941921050000
8863824091524427769576794975414015006395704244730005652684837519171749653574196687376253131226483908014780464523161727776956015930986479012653882255612264332465811941079070611462588310285819747660899664563906539450110939458697337941950498474400000
-2921074890636694490911136619865197573432153679151443970298574630172697589916944243601191291163246727287253245545169394878599103542437755734594912259372429884657881590328535868937847980222263588228524306366593523256934727549643593771998472269000000
936355129551292496621167103105539230203543338507425234075829220147056270822442707492086552809996330990005360962114857104664183768110814524243144755960394186296078883582934060326230476946627578939648538355673575694058617175809913149826709364160000
-291809450470211395409981826952802555249129734956460532510506264336598012632473499452970043422171176699256943721130229333031130590169213278219264375930178999917987969277666345384492822920786911556646084502849559262306776638804438442248200091175000
88367559330230325637876345515347207833835022278418004335392571426489429802385608241650350870013677425098929595379504199615997917724948985792753460642870245052197560740344221314271472138444602948691519110749667573770687997548369890479814087400000
-25988644059137262000410077426966386953248381568909542579472183549678217627008974037736838584660006455917624704321049853400421350583560342574088353358067679271522045108954214090185442523307032286957528992111268276475936426647119233701874966450000
7418599304137346632033927762957709589902782940219589564189775552709568280458484999530700111637715067560964446194932855994661724890017560681544219613850932036657784489888385404878384953130227446708159191493155181884608646525592362994506204000000
-2054210147315631282410194597562989785444080596146804350324148850545279456858954496370050860912483302207631055151376907824921831622045862552719594411075323080950540525250093918610824793521759979993489280124454669863848134222936525313178767887600
551411030592555852454343027259433246674981954926438800894949283620061548888089241307707828140876965041109780921639787621572597929914188334368721493994016151352823319544842596666871877555978440783674123824535463969368843879226678465099807232000
-143390809751366685152621086547870469621842759363518585158825404144741456021433407921745828691912404937064171243788987796816338155166163816567507649588352276891747189483411164698348760142045751064277873719864343657750985376558255483934609536000
36097206101510601653948725640126592097724949127096924486605591397284193614649641362909841003904622672128300338599168773867694969362484921178841255185068978243114085147867843441364534461795264065588234458642450202245322071071620437481038848000
-8790335259202909563518395846293379449005583233480309530504012664429111596451806817783565311124410634914380617211027238312548425440429396978118750518741098460886453495636749227924913954972108918326515067647900166654377739887755561217871140000
2069047899333586754128447142708302460794692292182583794462949328678740419413155195723611352350229457265093017946279520667471758381549498266411052527367429098624775982160303801071152012449011522447485879292861295878143025988522394715684025600
-470328554587075420368490724000878058417863059497482763735570469273858236439072668001378397569040048676657534356300563857994108859319931122651109114496729125167973394637554641439184401138207636542512889708536809376375264942604331363186536000
103158992460652347397398807908265883177689579368820504110831019329957850626197733587884160410690785963181196089225830046710885190716735627618794126355466736787364810384699355407811435031979419013536763849535516805784989516000347355831808000
-21810801903602042205152933570333201413549079665631144068887436274044575497656096544233772615082909154827176272997158808893576322632458746027472526904954422539047225521651152928555341883500708457945130634699505192418931678217437246119904000
4440694892240589232079398295024951932629466686564546252125258021673699978785669576354505499913194813311971038709950327760403888857207172346059068537534315457096993790815957236844145392436754667655903682811851372949843757653847153512960000
-869701545961083558137006819049579816066797008406153225923511771341526610829605484875839209301417685549891851400207857635572961417081125813997687085795352249927393549812144965188799796368909048906886193696169143499365341964652000793625600
163651824696722746436591061989664629733105587752318407706784609737448788961020045540681688664155683636521869040681785847617662118783681825195747613873671808073516223018589948061291304824331269218735628511598085335019791190710046571520000
-29549927295922663072361533290108637376918936102096694734777213648043406512654599569244761275988909961365311597305059889089986512387623021875674472068720510462978659722199164992945813454319431285520588247332753389357771097952729378160000
5113151788019485596491468855800524868208615019064634416437274298621317224862158151025703979325745916208849352320788976511482727781185736986561398508803295872861968986217275311174120687948463280753554818042287207753400929401082673280000
-846608411491521992400535813531416776273942555339264846934343207888687205321460625334644584592608240517966912213851272278286700586513217131583581794963424531669354169540316234481292549705451164938757986171247704436024485501163076000000
133921548266776812221907887419391461026916627347997994834784086581212742501644202320509764673878346617989505206435974499168435902301954709975670444482196134533456115344971565799126912171093590172625299581193287667703102286986703360000
-20204375547177862883783070861772275680685176564228386798850567460602967931694338927640598509974135673369771430209080634413279991870082395707653773895652587393311532383351993257929888357810496474429179400243118878324259292916346400000
2901706135963845964620578159570674229255425650319379019405222358580760413480208773136453917303851426903168916804600023045830457489566312082445434474042513521482670096792046559309418431668352606941674383308707337638703839379123200000
-395898496478513337821586536011200035016782442322855823847294933757948176741292279211301517909113940676624951002265204283486836181159234284655469121458452583520196979208099624014003066549268827557990995871506616998943839958009600000
51198634188512647534242772908161205774519284804284378512695446470205658414475156439311012821060518855989862080657718461598124666071044144476429807474309765029095549831257466534569042715660987713005586675337576082252542072576000000
-6260332994866863865002478120928578686550351221039499056225192238803174306715267907974738198559558169881338506952297781813184755311284606767474390814314771171184622846066159555462294764089758077681083503534197169198086711823477500
721778282227640868355600586918134672569347856736146279519368831794933189349650942311700098008438884115937359522843311380330498472433896491664441949069394527553821482820100499013907685264955949212947001892317255947373085824700000
-78224437303653412654911884140263486320567897324023723457420118464562172068226801037349774327001540650541916872016803846116795371848498272412651269064588425467017977725101937689704107280991377660062164463793536178008481206475000
7941734703872336041185352843539867602559740517555610413796680642742118936696970895797034474322578751550767126191202698560027380484997399585875473185136640843357593958192637943518541386577659827807977130045348227218374880800000
-752367699569524290595834610091868458575832756507111583268632725499832083766302541139893955257754588517112283474046551946916174162887699463511008047803153989361294695113414345643688977380685366060340768921477176875540487250000
66215480569924712950332577850073459795701219450793933993516779325410073852701050153244536881193719809278824020589223639276049751651636016215842185205946693350083744244017039120508712272008058346953162488937768863763544326400
-5386285045795844249460133383961431178571239434605306554386244846138075279993607009812177926699534304558088690372180345153576067061503945953799123895380040310243836510496511942459236493578133016009353849569677178546763528000
402577318463657073774985139715322858898346992503115244532866376851326559097241227566131975331132603522227317317607621117445968146672460567879271275069226142201542531884597475372763404283930823854583470955127795181342144000
-27454916953895114053084714921283125889882992675447618132228218015301373476506347474091968164453077707117989916337811534602738960181215080184137170445260561099538198583779109131561989675334626474392836540728850323891167000
1694356530815673930161453568187389999578887769625096674303494021139985539888419370912448585457881570602157894338897285235227836531540883173936274596265191084200212179669851987683355577195658806265131956394238044397160000
-93679712323610401593224168356806934687460819659437163232151859515921514560772938771936206914985352953127572835762172216724580383438086846558956008669538250853714210594969502459517758772222788544741593291549194355512400
4583047417005611052652691581789917670747711260161765545443487801364895519808535444342220945996490464935184877827742016608498926216702526424147317078784649871541042604476378758709898476822173461357736238649735597024000
-195298426093004745920214221582116810309025255742667774413449540962139953699200636722269304174639966920095109696226813144234644509724304748641130319341082708363226494349919718297833440499652968028716859422066048222000
7101184553986374983544839807547141548449258548227835641362340260615104233198757020662011871620704908708920472681569051912760387984456499260711499315380655250931374845285612677333770095271855342656046832325751936000
-214201710568361646344691329488294052408940397780367411283877827969538399949028446471078829897124959821125868537537020507067649481584998745135126709421778343785937792269228787866436017521153440675872186083905440000
5145803623901118276188797721545473515656077633467324934919444189849637124193189500432421701070607188039700080883936799171792229916267824610241047971495784494068953334442778454782013840383423266314559266493286400
-92299570741211066019011438723511761879991826174278388899623321326225155687457560395192512973603843854347298963559134232593530909690709545384585123850968711030414102379593841862719476569377410309373073577885000
1098794738371539427640495779254795781082416407537482779563883898185740919524189009802853573953388661439984046691720007065893454991255001852265663054588045129508227301615853570942746104322467035355355735080000
-6511361978550577645325930837116143900710723608267181136556400327997501860210391439695142585750184900693858755035664409366004945809667345803577027134520032147658256741657617621303868147353998310069463890000
