-135
2460240
-11207008260
22682984718240
-25814654295902010
18793068327416663280
-9495197772427269122220
3522137034931388644193280
-999461417052952330737408720
223879357419861322085179553280
-40578133532349864627938794032000
6071293631980677266315734935168000
-762326806665573789251769467797032000
81447176456530179519112127281320768000
-7491893593544809217092206850790470032000
599351487483584737367376548063237602560000
-42069323744502086506853082781829361251565000
2610918306856018766736736653200316343972560000
-144253236453795036862204700089317478004483940000
7138337440472561048494251419378303122083382560000
-318102162191058501723525078876045632877840735330000
12827956581419012232769092976715636134012516183920000
-470208218411063421532141484503950621184950515741580000
15729309325145894721044944630967694125687872072897920000
-481955868540798430437017756583244502819904955233637830000
13571877258108883801106420025384165199408523539379241292800
-352326736690166866605941664238856087402988431349950155987200
8455841680564004798542599941732546097671722352398803743692800
-188110120855506132259415160183363949603944527484933081752227200
3888354745484088707726127401459689536165245738166559682735692800
-74850828850568707623727952478099023571180980459706273892662086400
1344666711005429935916794351281895466111205459579988670637792153600
-22587511812504297195024198863671761633377778427964243284805334798900
355426632157092412060546071375463092148357769643338175324540144273600
-5248077149039282336904377934522300622733839766472438853472816369036400
72830458394830856920305652968880906601204306963290988170643165937648000
-951347862782478068521492591906006842478231259707988532979026355060527000
11713600858335610170195967223643280742741465386148907751566448678524648000
-136125994462416810433558535997200757717413109864934086550579345757840802000
1494969501315062722867956466336121930908394863368743577738906897790251648000
-15533667474601823604799860158023766938345040377190851237443329484851833530000
152878640511488738678054066897290422503260171326737324730673672217363910720000
-1426607313752616852255922899771143789583994149778584525165317073905911187280000
12635003445112414046805296596350595293795288370348350559279195458238616334720000
-106307629709419479549799316248943619184210460880477418522778313439694639192280000
850461037675355836398394529991548953473683687043819348182226507517557113538240000
-6474516472548349323507437374118082273869362246970172911090494711531345719275760000
46942442654746203153144009499264466137750885354221045425090703168803093272938240000
-324379613500961067882467784391401721084692641373504020925724429318799499999327135000
2137852146621910844719771020495435582858882281172148116255170083107323318612808240000
-13447090002251819213287359718916289816182369548572811651245019822745063674074563829600
80775599459893280810611960110860481387171603931911422237236520457735053765375234630400
-463653135805104885895528192633382223228657716208282982449758888322672252031208955879600
2544562741748485909920065011618447971980415576029508884815052695757321266398404152310400
-13358954394179551027080341310996851852897181774154921645279026652725936648591621799629600
67125985716207991937726012537901536583152781146166879010988828139317103159865339290700800
-322979591349445915289651722954207999203824079947229603761738019067013957136227074157329200
1488748033256171753578893260376183132064164180144570805151058348275654361979728120215500800
-6576778989958373492846591183843774531987379275008462168653352590286712090779054576255219200
27856371567924808612045429593390580781276047121725011839880790172705338427591606053521100800
-113166509494694534986434557723149234423933941432007860599515710076615437362090899592429472000
441109124888752898533525080681686776695710262437474337580052636106216152512702608892393728000
-1650257628778656460408591099189213718954476920945192104250451862602365892113729505328177472000
5927455972755990551671674152189828868081386491558241027511827098326865245143191692607331328000
-20446539413835300416154561546945823261016091244928317255301417253969794689606483258019771565750
67751846578389161142287304534258349267272255012780222857803512794219438024731542156751905780000
-215714040448962184546001521254735777315839968955980007074122341355149078504362203437096460345000
660068625441511376013338582302305777948402275246010554058842611016780517339255786681211178280000
-1941521058527248318589407019440670606807140861942255524600847394558657399725609419258467395282500
5490577511449458383005203971801972075205071322241236795468558983477791058581307544821677170780000
-14931009253074292439498845494747199571858688850788669448901744582620727725631821027499764959315000
39049876213555142138931318984873453512276324897599249754874152068492694769833352197293572946560000
-98234844849724654443249099321322281491820129820523112664605288797301935280362026621316644443690000
237725006414345870463527938609077151833085455838893987788093414210922454001791836237286441498560000
-553461670339024014342497751885888350752375178321778570180862479506035494168890452919862096907440000
1239754141559413792127194964224389905685320399440783997205131954093519506938314614540491097072665600
-2672039353925405522540071002359665847624057072825193902563484711999692579964521924587010676498894400
5541473418091885023638507850398794275996863850136377842118503629406007752275891648629091462005465600
-11058354498529516119657318180751440056686049310405286551801570112527669316302038215977284589120374400
21234308654122371603584890414697205197776897121598614650983819296351800847069960900540262540621465600
-39233703099218288158186145180280383041204970072328690351231822371775007033844107445138844459820129800
69748805509721401170108702542720680962142169017473227291078795327600012504611746569135723484124675200
-119301161833329243732513412841140772121593855721290836864172698551863138580538324998755198660160304800
196312668100249717949161278555257917371227746909065601203695995178388813898821665290446934534994515200
-310744924888277933641465748325350861553180655502742871293095318898444538327088886001842660405520654800
473106460037516577170397679111260827278198921872688108543120900745036667349201072113532078126052208000
-692708201155525556270718830056225459518065998507211942592408901320714179384058735791973887780830092000
975227717203498523929287865382367353233519788623708608834021568565666573591825853956833630359694208000
-1319907244835985024445101513051729368445315199453136612756893086277989586494825255077682499974167742000
1716995865520766278485333416296555916230340590224102974100116950007373399727645427132993369490446208000
-2146244831900957848106666770370694895287925737780128717625146187509216749659556783916241711863057760000
2577256201959077990770763719908971143429915896206448492701902389637924327812417903545840790093738240000
-2972187829315047290632493462905419108107208065084019817729592299770295293451915306771142716458527760000
3290746982717180350918806497951473393367397899322993846060651620141096974227718924458372372853146240000
-3496697987860073145628867610826888149652161484466227842990432102931729231668634334737399072964937760000
3564500995934922209394524323502201770282535806879700405042878154789131183529244972807099331997498880000
-3484438961846540167581951999829789035207830412779863384226485383734297182336693572050689874345211307500
3264833020261355948283822811191350848590948338725398617848941985652201504886841378594843440559823880000
-2930666958316654480440945070312436033496726950036616147904594841556396207166749221664529914729929370000
2518920360867207156742630473656969813914542171932298176711387301833596740044148091348025711833988880000
-2071811996813277886420813564582857671944710936414315250345116055758133318686311805133751147983455853800
1629665666349352196906245274209670616575273066737424327886404394804750686122827754572416352457528651200
-1225068740534244860823120366166266233394387798438427111533983926544401683599253735919921981215910378800
879453626911943525311422821069119015320167543869079166881216098082963825270234372020560449518368691200
-602428986851940604570296937990116751526176158702478508452563800915003604052067905168299960288608878800
393423011821675496862234735013953796915053817928149230009837584271022761829921897252767321004805798400
-244716396370744931254019096031730427789187534131348786804801964797986657389580290129903062166481641600
144833461595612512374638256154337093082324633703731276040644433004730333694802694202133212441268198400
-81468822147532038210734019086814614858807606458348842772862493565160812703326515488699931998213361600
43501237918015592156291273216627549588778339817504002908091882768906674167991197227532393619784998400
-22020254731226900988205293260482953820765895155554712215872957186739948700739345704019496770345712000
10551707161201495287262726354183212349468537050433813888687114619796498427819584208792395822751488000
-4778718780515441225043012469556348003613740352639867402872408972820783447739401936395854645173087000
2041874043894764454838646411927279717105221032500831431597765162166982104382972587123171974631088000
-821557354226356058352668674051073071771560540085168325317383351259706788536362239001774873449212000
310607695359680929433901200019309289894729882829931313919615633746581016459872302080066114725600000
-110083836145237689690121493972360731532993966350768611480577211454923072792592970319547807753150000
36477484166469293625129015754155035300873740329248770668120259417015929446066309691684480675600000
-11267571057166362531002578049312037261495113268895357845704196764764831409618730105137528826900000
3233628188427660287126225350780603024554490525018765220319317537744811443308418836754390025600000
-858932487551097263767903608801097678397286545708109511647318720963465539628798753512884850550000
210259820735136438313241345122814977076420666608692335888531541283591318491196962816076723200000
-47196859787428839048947818735240851814856318673719503776107489883665586877122349688827756800000
9658369879164497699487239527021328390428657717881921058287315002963094518578279769754163200000
-1789587395014285506363107792175062733112073740780800799626727396165573379515447389700156800000
297787342530377108258821136617930438789849070465925253057887438721951410351370445646106091520
-44060372109086408875029657968979503698498076752611389483054774096615259694845627161923860480
5725744927809852625833105778596381657390536851229057744217422438248222724310027561001451520
-643377466558712077890548568017330238724119771918499469427751141895445436734299361560282730
61240905416080760253508138437560909689261806304843648793555544063601079970382199910551520
-4801431933509290374905223871583917475637390139285078973459236442856297689985586679377560
297693816051155816030485298022567926931891096567759689281546971341943985906687502293440
-13685304560202927493136979092979620607922679542629448525856239901566639847983051500060
414682754495379565623914341898189645872946816374548273495332951961089884025039041440
-6212389226957958518201880038461406479161433147959093649490118293469212452814407560
