106
-1190910
3344075280
-4171548129840
2925298126050300
-1311820691645996532
408121992956532254400
-93176749698055639387200
16265166369166837550528100
-2239974454914272504643715500
249443555299253386117124158080
-22913761298770259394147396835200
1764996113374720258332520317333600
-115581136016083012419917173680064800
6510284396007941107734110190958752000
-318598851041970842387823499167319192320
13664903845472030661790242268973299733100
-517611426977101452092103052312978242831300
17432641639426330386509347243330921561034400
-525152293154463553887227565848265296333100000
14226375621554417674804994758829506877663679000
-348239738854149521087346753790395752254828605000
7736102628429371179196595654451105636867597440000
-156579302159911677156253212990941376283443035520000
2897804446223365414037602865422630331912331178200000
-49197764766201808653364806407999248723074793811008320
768533130075578549378006443296556311413712755390899200
-11076786828126342686302762276703590074106831167204633600
147671652968847619588311825658298371753271172652580140800
-1825263772427076106564210972316303893430741783262271776000
20962140390895842930497427344290352269444607857554267863040
-224126943305363981384871036381460322131678819704859627776000
2235140961947633767482717796413547665633500104322291522313000
-20826423637174141265975332856022284814676882973882729179899000
181600649016189743910926777844900199768116765031780199077320000
-1484084977388633082687582018779833387656013824271960467724939200
11382565335835658057032843569962611013349365288011795562643438000
-82039278428554008801127149382630447676200282904903131348869834000
556321755105540757742823439580829185349967569393913754964081312000
-3553363478534075254090420588775644665138024284458824542719296480000
21400131549471468217759557995901319995793751253153270808526963050800
-121640842923973753016473870702461102058185183357453600580294546074000
653164435473854528668957201413668684067534045783333619442488628352000
-3315984075604690351874257030649057835230904320047675871123115605376000
15929055735084514603528197512931941047338538314278608265209181368800000
-72455571543636278524986778909440053820758161191516178138687293623712000
312284883023611937688033754089836148792681677725249312204550150211840000
-1276141076982410575604291850687619246333878453972759412073551021259520000
4947262196009935443271499483655301696290886437015923206875415677903660000
-18204523740836226422867012885503786125251970708469671608806454608196100000
63613887759978109612066489827104430236080486443676420469813274982880451840
-211190280971707411188079254001171378350078816009667778068757258545625798400
666374067030550159858244155006654659793961707912161790858963361653579627200
-1999122201091650479574732465019963979381885123736485372576890084960738881600
5703942631372610421831884125159842355438026141799574176899768692343397632000
-15482668742545621214433586959235525811736076909195472253396363878622029076480
39990311484253677243913282643433596643833617016735754225928108232410215408000
-98307977169816595920940408886766431638750107452344865805628747446063524304000
230047680226158217327480053138116929209346268093002016534455856092571956992000
-512502085651783101227982709590949952892410315731465279581931963228352636160000
1087073868343615489160243325121248288968456991923741354135453464225472424921600
-2195474367267473905143571241141139718247233080974715473348006660482242750144000
4221890354537244304584099535513867012820901908055436206812816137951284705792000
-7730027010940326117765848154340960338163137859873735176343848544845549497856000
13474705287625470820519569292479115433223829179565055947044696926317681497727500
-22360037579063236904772236759661793681025388491817895205853342047435092303092900
35316129142322100529116847774672438137156720115635243116682964482633938256492000
-53080401720482782862542074389778333729426685368721538273169962433577897397316000
75901301076088269958288969694034243645970857192471196163970543168429294461733000
-103226407155570583486645889260422543080794223970017012216280039280735072808175000
133478064436264329994160888643681067951002490423270977429051087527089269655632000
-164034241059840810218969788761675107311339104973648820704814815955230713254640000
191499850866928353288041119133035831297882766840378600097519148565018571878295000
-212270523376045371152647568158912113994481798409854830320143668713372997576485000
223279440220237643871302043936328301060667487005252706837842865556798478093600000
-222723722502356163513222358849197883955805381259817411211935345535857112992567040
210538698902850528528773213178085257340494699044079478050063536465682104733278400
-188451488459677475949097561534170764160230286359745284198294347786030516076827200
159582851503001044722181235539784315738577652091618623305327495035113283831001600
-127722535372134308345985462509409174349334300944982378370471212578175108594112000
96510340790568986743935265108672307367715731151552309656187310004383566431425880
-68767846851990552206660168325414271748829605720699138491491491277319489874549000
46145229773376170665742218840611123457870193487774317797978823415119800463112000
-29117914621115722729566181637412767262499888386029171065149360630791954218776000
17249558264776604451472029371369808270585251339796192609456395611778680362030000
-9576190754327883799979835267621356536099300086356059315782643985999209263958800
4971954096351956975652050760906707557953124977231918303489095849950914490752000
-2408793192141977306079544211949385204784530227442125038828711121914388087936000
1086196516911129229445992818714779588727734963097611135794145046193833058248000
-454581675743011412146631257926965577153445449143868313995403462710839109720000
175996066065442443023683410476415314809037645495700127492541390007554499763200
-62802605388646590886968298268060289247760686202124607745496897412428878976000
20568150063483973291431488988547155221501963864873512839144305248966546848000
-6152133681839870378648775813778643838365774137868860875808338267901081824000
1671018655094577739786901533846621232693284057365919658435945206310841600000
-409376426195469405281865849455388315289180171837789292498822698188728064000
89728773970795160445895075509970095148019091483543226003431190358206455000
-17423155494169705402768657982433347203255487314319637996415005291151365000
2960702807838917036372183447243984031207096553203836860698593152348920000
-433487249183639011039086138842477000794019340255841842169419566740200000
53579023999097781764431046760930157298140790455622051692140258449088720
-5436162125190295473599268051912823527455712000938027987586037397785200
434725767796840237796481259053389962979926219221495509964588919161600
-25692624791084817522706546274528749815101681539436109411612522604800
997679586931917840193856271754999530542040148535795668720160826000
-19093913183005411726159063341524254053911153863134048625846161840
