-361
47045520
-1532707757460
22192245921125280
-180735037797014350650
941962099391991273291696
-3408987003313488417800239260
9063174589707240064564750385280
-18445967695804624517031417045865890
29659294230883880211088540198192265600
-38622629540399297649681607931487950186976
41559226166611475652797895476691992680531200
-37569829060354042125376886385203705077593819600
28933659123450883376935221992941021439402312476800
-19209144864484929588896406948119644973480744444100000
11106812934622361776875853148100325922088670796442816000
-5642998532584599548864679061358081605689308465388026808750
2538997872626438230235197050887591928550145876717425266420000
-1018710205085861390789768243901957678813991708443318309749385000
366735673830910100684316567804704764373037015039594591509778600000
-119116663699464177977517732014387619230273355077397922308854863726500
35081343041465776498231299396890394525233340946604177209691768029020000
-9410860199328082692563754586351359822257688612570757347881715052859235000
2308987461230983948645056399379424752458355237056301961618645671343489280000
-520103434301065993779432018294242125881439757346996350712172192063300376100000
107928536024177688206747544071504042813310737230201661923145415394946888925864960
-20698809249784787555567729809393700636881169420428246242642289022008712152061779200
3679561163646241685735436545211177576042118666024879680489025403210086454334691481600
-607958309254136746486111280302321823555826435766409233637126127111766542136674656188800
93601001049019769244972281300290879564813801311575110072931142614068408889246889992064000
-13459927951961319506059508464627717693508629977272624800832023786950386163172468610736572160
1811837960318123091887469318401916296391546694963565810859136937648181013598325223189264281600
-228774621831301134191185664513098214232947083026078289693997879518649277846897125373732718572300
27148762101471724677497985120621403509414341077709962840895072512354530279807354734892770143742400
-3033451433249649929038950906665279917208912945763328157737207647974284518677609839387910601744366000
319678731613711679378948903058662021381225980119398050490810251855418966712820179449487107790033202560
-31826040390786380734466730105820885269068427534649177056000611686454808780958042942492341113124254599000
2997831673099112760022610504460054636389270903906560029017816565516231192054128234857759219298465214792000
-267556476824095813832017987523059876297742428173660482589840128472323633890830944961055010322388020420186000
22656985019686746102277394341203229498454454141201492542781991155315768602984237811297754983250215009940800000
-1822768605449436028144530298121263065169097369693498325999650427189625656465458797067536449499344328934118573000
139488966927433343640994870642664652411274649397603583971799542506646903300247840365715579335868919972685909120000
-10165693379416127187332980490481315034034146883564469356384713030627554392046463499940644973175340558349536518560000
706331508837397886431066884571722825880170318239748246161956112747854606736069907390143072468243565285171257767680000
-46840067542401512215626302673419749483794249125625040590652239429304397564984677200559668573778641595628466905218800000
2967601632306145388254810927303239594949563943615402571663367757936808390122110689443458389798273877606296192628124032000
-179802158445089494093198504222548124891544822963711099574717421269512532918527977759970974888510256369808697247584424160000
10427711237083433801388794374359024615710996088513787410011859788899859491742171247978905176512822980556329480209386938880000
-579394231526783830274474517978437176314876122510099619300125110501559597462828791949876520825365477214357478762137624893490000
30868850519327858212707530337276836149187402578713845606360684771078510498727638095055478777168159868913206448668323605320800000
-1578274936892402465842595694096424989370113194005512983700251635249610516183146171579234541110564545041741984590093516622283990720
77499913471702284866365367954631064837505135385768596031601745041937814350984786249173331638078163665025484918049497863513306918400
-3657657713579227251401978240483044601097593514247644570918979251855391292170719477352349505790170492766108472184438893804725476703200
166036044988933579665635119046092553640141097966801585805276213016228072070940826627323884009368536800851556961617006844723444281017600
-7254397226274033853669493258596509532415012546797104265953777750114038930794998633900617092665843083371911047563379546314125657964008000
305274627872984930061722913668198769401091384184160061037637055364798909003133932595376182951402036740796954945662136438877004878078136320
-12380852533809179952136552543013348369348790719854080791795876558218096059172062888119553516796577819795363748330369522633473171370652987200
484228899100092371461340721682299847334530481487626270968016505388085534758729570735342537545821710285329782156921119107442506258052205721600
-18274746832060174555177596314690767454830554797331916909419284029297019987028546406613223109157219641110170378506609547718067261297126599820800
665891665664611473880702762584135864398364714304389641134944552219486933396926407990468606482476799562888253608094902336271086303627560448512000
-23439571601301452939343481882617855797895881933712933253961474611612667690831086485266714522796095143724656218186498366376280090967218913221080320
797487171385316834754336147900946128463751317604960319793475594149466199854666903798647153610853438644327190868694085778886605621190517176508672000
-26239278089308199091889743230506754289726814619334694684318265536223214505467925596186653498241391872897650915582679991429823418093473735934778176000
835320046646578375323369321406144978084041945271397667612240233568373796723326614998583029178583105549096494957345120251232312553022573313890423808000
-25741765841788172711228587059201818813148973276826701805262456904826167600439917475145542689957678832503590106443087842703075842774725174937944029581250
768268332683105663004752642323576933742682351317098175345887518549339746685224102709101148173468276938076378239537894583073858336218164653011832036468000
-22216464767315749504222604818707384862005735166129079811167291385231308813407771831439836117922619720960695818398390930017653481478815681936784991385145000
622753886077272308223510538994784507007330289023023918645311340963783927513639283825737905633869254784568116778949950435727639314199673622069398314986760000
-16928697062771387830183954199832921318620327711792179390562218777059850418832594519689398253559788866491318895926399636660825492836712018873974299307718592500
446453938920725783650051940628233900601967726841551364057759334099482213524179913440915951421333142213116992348775202348064114446666154398197062176239686300000
-11427489688444152757382278458272188581101917197590655843160863967773705857635952841565942763921433475410478836199129521162561081227615459342096680654317897027000
283998394796326811633575053610858913993344214741947503279347954350860914470270218605709444448339056893359410553268586869915820721324273903268770512273942896160000
-6855460480252304827814560471393142731555770640463558008847948488349475743454128924703445746514622793685246249692201225914478406173679719026493853316825692939192500
160795217929760946713867056190724656840423885136577414644759387775525928340367514084543646227876849733215668838717886213079843299767418922979831059068620193630240000
-3665901932512966653121390180812823189050898455054055392864314420532420475466249506187883767954580954153270667671609661116134594002823852344670746634299103008357800000
81266365755846558182688865775401920067891703778030309558863742396926347308220346386418551880687009183839331409062940142673336770449088549683744608410766390885366085120
-1752306011610441410814228668282103901463914862713778549862999445433724363833501218957150024927313635526535583507919646826393824112808471852555743118857150303465706210400
36763847089938611565863304520989621944830375713053186266580911960936387428904854718926936397496778166708857194082837022774292556761759391243567886328365431025249810579200
-750728151037590941010545589049011778691632377952430753156017876280547988988305791537693260554866408464399784881865454174623567451415302677502817799766130186437205903505600
14925548626941881743404662183816917401066775429632688327447315829016246510762535269026915521494604063813928105775014509531692396951067257847227949462422918367750121536128000
-288998267406135144925695178512621284571499355939923807847749816382425356853156895792669437240489504717482153874335245786824508362902063384325989800833267260476556689199768420
5451368019232325184576137066410914521958353953837063017716433055249041634529293922161373198122691831098245902070984608836671415179509124286569806089182313085898286214809227200
-100204154234541596644565260707494021738620861634800636198795058942536555458494518277421065313558944415266195532163516463174609890235245275795236217014376316251899238740597271600
1795383824281889731025109487537727114420300507084731038944646786964025564429219825811966458670809642482963717074467580792940695016913455491647205216797575477950998234319843580800
-31364510643439220194842704220711158270835932823951158094602024687517093423946681098173475840144182338529269073863980491275770234022085755552422442042028506418598327289319092827000
534373121406891937592298618512478994949040828636275675683478315700291229358358568368271582286282113376276665178735023190876430827291718777229203173094192529564536982146162359949120
-8881532713485964227762751173694764799095571100610355250593776630267482337598191862719008146638889776470904416859924651938681078886537930055557030834586751851909235874840049769706000
144038301446139395017351464139698740734387573489512792670218954804940413780532863988966004494149425002160980179467495161154310978396129474194706916238233975865446230956317319240448000
-2279930640026269192025037502563514016399667561418389667760515085630834336257280070916255931415205845621111372347441523033162703615555573677474766228271436732910485879640044943251084000
35230843370687457278609341031911894408195847685596628624401849069715202974105678661804030552357176556498425953203742257197211832160586064653820399739985337218563750999613874643849600000
-531598630568986631610976823489049832896803049380408092234940542611069360826934586632635854091314379742196804744014145977395114486234443136796862108224783691381491384064667576894560736000
7834355376722512803019395186403048135095501044123294720003881635099010360502245737549436014165439790331807517323932662127919305868862630167212782476482623076463858049903638580390314240000
-112791947441076942655663331667003336082033609491225463692759097874321846112916134078516259969064035506907262362776755955685475290082938743417538756407932774129094559355754688857587727120000
1586729313105643862504320602449720188203629706788806176254524795532950359608131791606108264881022005803725335438059134077946947565611206242235955089567117180464237857085603480481028319360000
-21815732299981795454542483973359467752820049222412643540321519328352249257242405013950663485635011133438837978235922804827906849819859369662520937534637984457752143058855199052313006493600000
293203442111755330909050984601951246597901461549225929181921219773054230017337923387496917246934549633417982427490802496887068061578909928264281400465534511112188802711013875263086807273984000
-3852908296109389035345119302324143415716021755742079660761346497462644588351747961354472022915582534001202773641631253948080336110841350571011913954359652448810940207499710868460951366635832500
49512471877901843664751733986886686011378002181983880958866609384759621901029498299850347670822501365836266315926976105576606398111813091746433472212725507162358210476055376822972744355688360000
-622344550987575683223431390222303214830853632799099141785870521147441407437169715354335112430099947665520258315259972359109870320789644002119347091326903899220990846942729792163556932568266530000
7652786989595206748504025216772980660281040692270934452406194797335949232152606274309199852063630822635292473436907649088860480671520038275219233899267264354057118342366880374609925672189315600000
-92079098337508487118675281810734180602567509713473110424796576421025874756183373953115723540014812421030102569640216524602078189487796252531265344199373651434450653607192541355344086680349064230760
1084260493314529896352835491726829700419606829407155183239541688039763560014973716228630596179450962456047046433210744920615785915231260254294244990219465053456152584187429474326431888250517556651200
-12497238136947182005088713346924859398809880061708749337614006209598647330480161777103873049024531051984024766160258833010907650864743083036736156910048788044531088950211839703268236518967446543727600
141018886968632392515145635987092918121437304359249486351630494048776818665891330630658766183883934517401411330622764201847655452947509091949642644548568245299925131530564591814275344533757277843596800
-1558104852735430294704371230458352365024257124394610749487019433367148087524717406344015888757863313101151595882588150512370937953447861874393680125441627972870520788051046740455341628005423769295399000
16859471792464933554381194585828535486433902758438048432725938351289550861618928590223648024059688145098864470059794648845696454793153390491398500158248022734835523621890038272050833093381862492686069760
-178685492916134443959014289538393658633141804021768867711923137109586700280873096401458092287749017689488988556165062812192040078234484826154164328172389265519569983135704450661015793781183614715336473600
1855245166733053858179399652896142107523699233791222713132302135949933639251283668043857659745768296863039134216827089406139591945138412110629559089746550508414911611084588999823239535187078229403570380800
-18873270383148488653120115278952120546333983194784389015101129504922091549437548542445131887213102606385256734290642313757227843058495247411777399941019928298781564389271611535667535453248726120228005030400
188144949430191650204153392276667717995774511370277168163334549159411878050280552930494185735335398762753119064841652692652644199297043776066906426143792635948799636921583172315837294763300995007137860096000
-1838238352610470006511175056887597875138715579231862570036163118692134845866298946115368027422899684060449296608648349006453574370669075392595516083069860265661408419545990430938066183819190655432962393256960
17605074718613380469792927255315035246032662799233810832259333496118165068762541647724488859337891625609367502623204706010999251338280244811806744404045411196172891283696686214649120176176000108845837383680000
-165295988929697712977583035184091111780292484574725808226323941419986378133262585111929777135382562339715758638110106876583024459890675413998737478928193271241362772378822115138929322942401208930128841640440000
1521722459915719755340343092799771193671935323574921153467055522108406196438349393458968530176089824430908204199790060580788447905792832349156518765993184698955648572219852555314544582232371126333660082427520000
-13737772207572470013489208476664601053982749448940260413244251241256444828957320913171243675200810915001254621248104713576562376927296403152107461081882917421127382943651446679922971922931128223845542410804000000
121636156855796291016977871892893620039105030583977976056653976812564435817889334567009447969097478631605815586364315277199330668331092599130372420630938532956093159407925126686749362592630880188991881598147840000
-1056406768055338402920564729396775632124703433352897307659101293118337008907374931939176511363598159949659158628155893643720257026940631435595345789018626014708221393743101213603371303462233042009998234465483600000
9000718399578510381286529733289848456860867180861649410979348529401554680611071156543942937640381371265150631099355554639081088287394238117930920451809510508251097786181998739498020444547239692870926589391356800000
-75241067190156555074016676340544275411751964755153217932330022319502496420503221014668581306558996730188863689174927355165550232216879282836311788841516201854991599326215606670594016495544747093586414983150370400000
617188218685727380650926991294232259856585567824207174282851168182572557319797623971746515399328653356312294762697518648120211494549304250707293086069523480508143787708015314656888705326070039007908902227437824000000
-4968408020713069700863618594292965124641337194982633322919610435200832876185295858918668598028165057341463716749073545778384933101364576253211119571546196623887815001034780784051471917368289235544153323271306944160000
39255886881776374769203155453029861732020346063492317655579573467934727622233114197097983977863406449918757103581232687360396766693931711015057872552179770879813020922047909370881379099867748020473168255995136076800000
-304459944502258759354508509542556312063909747952926812228375384467749338385361730957430796590474203867191048358378578186698610693150187780465280545136117724472787939813117744829779209832802554974426305023334488262400000
2318153871842434464112931735820354729279257828421808801256594440320509074445540915622206908642336208068575004461520601393495033575606876251395108503887875795985814552379711763000325648691928872537121748182163154995200000
-17329617377661851552904587563337062588254701553586421218811085324053129263927074697333153818541450015377364326731886415659162762379561159645981448164632666712382248551202261225160798106717856676234356096826140989264000000
127208818863891438445564452810528494759837519960969482759216399508966253699544304607060698263771529661678219444405788437148373260408713393072351243436205333839577240309036451422786745577479122517592045240420548281895919616
-917007638881207840318885349074132878734543019144189497000410735815296227301861170367539784126816119433784569432792923764767295149122902763300909426496379404841926005742484044033813876141005176148010935849075941554647173120
6492339035223689360883759425970201605087416234243492283555763081667822356504069115668057723914029779303287714840938034009939051873559582884670931194151810837479646255052745858782892562731332573296153809069234293385099509760
-45148781290056243573670220807908133561941219694885301532683897597411296132385505543937469048437061216093670188344235643370997665607773327339523430631596366661982327597774945368172999873041982385476310824213949443690068532930
308425783129234647524477537494321051819090070002677788488402468533965275183557735126183010722091528095999544919834908234986780519577649891951025995685347933545709452635962729971390338655574337935277147677221427363661257786400
-2069938505816622660170045371606117634223255315371225884505508661750939377313272300340047530124872379182033395523822196859197374752131161443489782216368511714241888273812043124028701988204372602541838424064978196036320918307176
13649218653820233099751898738473764436146120359385112819220520958203851753206100664674539858337542009687017017509219730586024994286531217816287148511407306426409421191339129416414423226222644583860756137007921022287167129866560
-88438695957319952723983592279469271323897414498020034547264643860097581002164207227947746004748248408381264934902340445590591355599547457403889474603555479431952733255200510429576396864718658493120281542687285333629149877212180
563119859973139290813936342677436992919510067824127566913195283354090719850514952145299933744519459253366421626316943245393153121368547075714561552577741011893250056645358352123017057587596356119459751863641490287597852279391840
-3523889678429594364686342010745723307496143281970265875261817109271686552461746079182815050969198543049928601361166369334406418494240186687606744756927927645432448352358860059941123394733251534604761362116177102704718905734788600
21674290117599111654533892676902748964449255272194179618839432136127241469670885513968550669599082572385448367527094943040308471195080821230944617847604552940597845295254802594192601813773309411415930296174210617546676019602022656
-131040629995702890396207425853949497348050279563857814439701529986074220228478956131030124277028406609915806860873561418981536266835527294233909055515158906389616892849365716916932725877227526218186981259173935029582452740700485700
778829152180758102694748296065841245040742969039771267322584318450985743242968965545776142754066429439465506257348155118025911537004461650934041395962864634534314221915522641244481828390243753246906821536755863414139366409005305600
-4550817662634857141018877659174470501176158126750610549981895358342277911722739843469719168097261608314188360627963172498874677489143324886105194518932980883064213593367654534224018295409638423128337028993151765024952020368351364800
26144648856294660869162849757691953088895686148197182912271123895036118637815026273233208822462400420416899126841463285925940127389623159378793881869549240620057331859831771300598624853292783239337788428044089121565637092328916800000
-147691921735602099290539790205174017242633636021150014756610770856239494474363138979523169083258134538213239195051717167398266165546248256611195785432569462790477951063899670927223486856195421073608126150074979164738209413252550868000
820436388334585576462311474787959280935388499681897672638201978439871725252686739545221004655451354479164535823223763591744103180067786200902392361710828000129791505230978303767544987093115150312825383633332362504586683144691500320000
-4482087444444204688869214695904445075877781737723606522753740098145256379620125628252475213738869016830059897474650869171580796171728185108748504036350906566668192959815953035514850879945263123041554542000445995656504426461504741160000
24082151288374671503517940098215716630487732167204660172526721700983696461519998191958333252673334471962068612417958838946644101764395283596675418625944877807861885514250006940099158681663941994954358679577143255649247119378866884480000
-127268641441769790543644553706740417966435094981824975164271836304123185606465518994297547718663549291568445644860243989485339211605481151279980504924969590787738460844863378208466739203807054567760098181976333124533311418650324437487500
661591126516987920440341267154906098552175512063426515365243977203112851084150076765790476835151071741796187167688239099871088440981339734140154542985944180486880514458986339342334398478920134888842220732332238058453878944723227572872000
-3383221089603315268699540243301770466911235301767395726561663526694751188423145952235644160603098263051909053397159715851071870684423481784572506378222126355506305614496237845750195210461375929046643191542872753310272334132555611821210000
17020534550092813618902513717887087370949799256131108530055604855108509935483226561129221527487806856999358462349577816169268601316351777118998857577365162680355476697816419486658115679563010782475758926327399822197525382397074629659280000
-84245585021795679972633027289634968567214407685900584071541203048589267790142666822404438017971400475497600731033335376900273646316422142983496125911486433633861382265666670538943249070086876369780604251079150224762103240656667281034065000
410280287039167105925007112767683113440260427863590430602902341048307357032125811307525239336204126814593963832229368990156190560773458947767019554684469762825687701029858133357530926059987976807381601352492127485306004341236830161947800000
-1966081370171112734575119640254416043299658648563563725246023702851979890780481648932830170243060673656726034415769013061672472109029116320319458462472631746561265493899570390966326310165065050993275183974535719004141275292288722884061055280
9271219197438622920991047047066129247646125077564772235360399479437080735788666588888991706702946521274118820244001766781765019129108836751052505323672530388591169944479707400407850746412341313222970386427879501220353051156830116420080025600
-43024251588113609492724077702791256039857799188074021154719353834262702789519280889062977138918361200287707650194820698971628291896020695547853032517667836334555898023601142155017682370069771406675346949516878310350700878024664759011933868800
196497449091734043234914630926601681649505618642204696898344891158472983922127615806377932072110719494432030428366383466549392282591625639814262181747571605715752068413825678588459586379123388467276461748333909774711185111340636452453495398400
-883269124659483373210409606591768100533207390595051092631474832262987537992006007886613233620651174384547419624557189637860430270099521476319759651087867727581706411420808166044979516189342588444679001715345608514635093978515287106333482752000
3907928194580830161863629533497547638471501052682270590732788710519314186821988371043306567364858989901346618789258315494110813568803277204865147632550925617940689477976533811359714574520805818160899028775624424668955336089084743319659682938880
-17019303488767639904056409274644049410889301408141454986802046822994309421857677412270909210312482743453904560830849053568513090733465455890763998678332916322215810910722507231959210600780227015030526116238681568398226138042473969458174371148800
72962953396286017442551376561734187567345298324521231342664850171587271906630877013651325330526215118920078005278813793204264486347793486749515731605208971301115224575352703323282636318132506354509544231213191557295523244724910109967309105766400
-307929734055940792328748813508036724865117713330258907649781309867325757341247769168693425847149913727129572921092772985524022331683403235998587122846098445336147921630565404744075016606693096939275038117606482250520126682201664575221350162483200
1279416924379416195016485715394334780263121103129243133560105564988089772996505900616255585261050865784489946585640792468630327349393800716320224333837830018516236608048518259337749287780034132451305328265234163822421348312901501007920992882688000
-5233664833513157943684429711008208301716183790656151179279211518403037074920589625720113325942285457649123894390425368285446738685776101750537898924368413959728078665290971899847986061156756030641919737549358862095616641276381175275409933424530080
21079225671030195182309882405356928617691045397342007758834523456706032584456986880335628688259503945780198857079603736314210081354694071322717358423828649257189591939214438730918164607259184815362695135224453732602228978405701735996018558293312000
-83594824347043500380630453860018787522612061111841340554649470271437042878087556147869655044504816040426983556175656076222147638970907440216981196184911382744266162180217235931937578792475010593983509434108957137937897629383105455618717554164496000
326437962123318802043402869843978668487562443617590529008468208799809404670380523371364087853418031308155384015971119320267991337216665615468863452391016815931465349035413401423101647592188915621475293417429053444816619174366967414330730689136768000
-1255273878368688544814803012106391053997848963829167923211660637088053527589013445481979877537171322428835908382354737347513273499837657691845151790732484911797732143217862546184722185537705926463083068920939911233274793207499390423377298539707400000
4753488182343372423001907487093498332523865446278490218968939028144351385870227003688161522665646084742819717560596657541936765646988545726298173333970845343129439597325574180402575516627927647185969222166142188742174401488351043345766977786948544000
-17727254066574127850551278230191731606249638285194115523020141501932583472526995138409563030800374506408617661312045126734545352072607704367942799487063213880341735383189237576174723216949810736792935372184047105025749469043053961729849886495709360000
65109472858378610347723781120692726590819425179425710540141243297571027654555027645938124721967225839594374996719688996438486482251115220116071456024198039520641279313379468012575899048320234264088850659527280040947956886694327634834952259798791680000
-235525859212793402092954750605136242444121699707476855478202966161851941980127007425146850897770969973960703799606366477798333134155049271123531301222454196461837893071786548528910202846384316810539944224268590927602875363549842989432543965018326040000
839155191817298294771859368424728266906404683387586037374809489745809096876780374482088986637623819353322405330623712502389915609804202017770055152564578937430644025033612239708060020365115649964656164849325017078984230138819790014518247746236646400000
-2944912066065820427476012076297728912038562954804580051785140251194107419181312884441105436462783577253747808686407873553802340175154047503261479710320143958932641787644774635412842744825273160382885567307383825507531474218312869310119557255054218496000
10179942944425058267818313350164988831738242312904721166664682349806791078651451946216166940859004958408017116446842032037835249988186830875471781714686917388902959265932554295254271216679956603792690849951450261013689046680587696380660197918705940480000
-34663903204182906122404456191034697131652762164517404548617499522461016525490512260207477322921632723605611825970305766001737749393590345521308845139008112392033444009337740739623766885975148336812611484300947976735262084081340007108523741134960800640000
116274468591477507148265166424884069445717668456020290602586388187340250961510358075002474636731883871436218464793709661547210268873711850298213691777049096837883708476241587367847546032838287006892702466903029479114117783590961475279458565940091038720000
-384221139193895072091696015820370152189748452261941801206756348467514050979135413317929137766938873098092101873110274907170387480164833599652688228096012580695801149904399181140715673895339755040447232735543453039964721682499595085028848996877936582400000
1250785655284067366767468603860493802210911402341438361244368356467503047393171727874098394083681237302445393905031900968008455517469820426154266304922777803919954006232456514710360484070850358155507830687436411241545237317827906337862404231599763772047360
-4011470200290407817391340665370633935325509854907353886809845505335230186056128786985159638437606938268706019418110608266619318613863614095954790355841727819293253833586111584901238452027977428685399194203362935007467445807709625359469929893733165416259200
12675267581702194473465594022993705337729990473905607455171892695717868638579855752856296815353684638293458018903814527547294187118120172574507855562114472861804646924394534074261655234547976048403237799884429878459549216234057621806781170801507660981401600
-39459991429628814426184376898309244836437099809829169377470962625537287239729870972556702088626479979401332489919693017096403760092476311773504966199983753934788062071755575605445868178579368560988201201464477651862598031867148770425308494645509126253708800
121036420764143437527087187090472600184920513383165655454506607372984756715478659192374541408514417539264160204403964599114714320460927309419183798200256026238599629862118472285609685234255495838891433291093563360227712448796959556736659868723218280584704000
-365802696223632393397836557008832329713197579968918646535825354955865443281987215641250230532812971600687834301711130170059010523884397008198638787147137973620676369003966139650592160118010259507410124669665827709779562675884169035654644166828588186825148160
1089335216982924095720305683641576328159078047122117858308205537971802834058504708585219391678557843452980834360212992869294498541258257443907670708283470611594065704954883446302364736763623849013855857964427158858584723746505281618951408226726811254438553600
-3196477330186247836364163492721600482069735205474232866621864921937124745259765793997028414834584793808096188784857573599710704465483602486882437804402502506795930573738069264891044116628847580382796396164968800856715958036139169711303587290579817458569740800
9242476420215436426612161585213593056817958118082979991660796802562503010928771876267438725111604250769672732909771225381683147744086362567105623263635913963930351736874935741823571438424693747308875769161404011005330695110496822284479947580442082001499750400
-26334342151349305142165116000638860297316408608839634478247836825354201705731450231691235722409348536463152179233845736544307208386498433513582347239090218588449355514462449088345073806936380031136303788756936375284417104910032962005917950831384258042139456000
73940831070155232343067903205183109397543246214026399264330288606844042866733950079316318129456501299049322770362473043066815062004644367185426128277212962614335405917247144122530554055554664002105894781136203299323048827273470489902722904400078938226952028160
-204589722921453625160139178931557207396225784594683693767430248493760723881896964138702582753561787109824731824284533820313645271430066540895621347246392960060621364649915680169072646750143664342744443806343596393447186061705196052894500810027100137639466496000
557866660756854530191586576381419052293314679077819770885984988257515872446642435430054295825377434999456885495987270692171543479121499179486953779136894435863203647862356942877446166974168511607691618456989751016842806066965422346523962402061942072241082368000
-1499108811642818376924126252404312962020771510716786113044312930900126896145449258426897545682629941261414005595076477153983043374165986520205194915150657051691361839718851158999298455203304739898249401487933329060849909229916673783550429409818839752015654144000
3970093042787453275580816423880854573140869094196914036392934219734945952670963854516517113786758277856996302715328091004361465334008071577262994848219595114638527197934081342664920743042821544592099699917653283199137801661490925223926279280223460724522854400000
-10361942841675253049265930866329030435897668335853945634985558313508208936471215660288109666983439105206760350087006317521383424521761066816656416553853143249206555986607952304355443139341764231385380216785075069149749662336491314834447588921383232491004649984000
26654003899641066476881526068263375897169408641115491855679526113308580537771960131614709332247633717074707142133293298873567625808559483294729808103220278021587763871146356849886647410866784229412682753847521846687659557404027986734589560165088745839090933760000
-67572787609829512525225607144143075119947955278123115298292140624226345793146540744908742677513756084436059716318120438173475737988024729553916115340241360760186839412590198353945757570458361917540719729989362229434912089201069974941800578459979896915253944130000
168840357819593878755075242506367534365051305904735015357261835543987609215273828564797618687254968087482427713956350651606264165105679014981397639854679157257164206228585866498387595602504782957645839263055918854679753495828666130843331725373224756790692772640000
-415797868118531689138435244226343791120862479747591797704001839392987872253099553632911767670002835508244999805187702203850743812913695916238464243010174771239777459195889069943752106983158566490312589331925226885056673205464978221309761955739646524156269519400000
1009243393448205148736910435269286694156242562282280935197595102396192206639633830430065075841435416333175029638911352073809552950866074379622492985479739400035410923706608220894899262751284761414592787507675759121188447341790812095042887296961115465970468154176000
-2414476105655385625642069803035813036922882983302609052200514834592931194065377633946145637109723082520315782459499890991864508640913852713952655607833076050610538341921486582188299582027197677993756511242527609382362147359102576676252513458642526991358180854580000
5693358174153821262432865876869110841167947320672739817696243488450316149122905461044594798711251996382260245933514237018410804574900370778923327578242687406103521985774410062336459876587206934179304951347011945419843975086350975206710299457014994718574811161440000
-13232367022609267726994578106894265190151511478873024027370386132464224481165997778134892977098590657952311162858994407060670780544107669734291318205967221415721217548663578248390756417074699883216399582998818677451788681714698546268488479635364638143362439256120000
30313384416835755869623194511690304236017906652947166479711154514713124540576735901426668288234745195561568361772883831432136895809738334847476285640396614399490640539753031961162834831368318310279835614495917537901221413730902050894605562296918763979844965766400000
-68448379847825557647505913787259499222534333670021025590349779673085103040735784083818952661541260520207910400092216013469550914160784403543972639883156565229409853604775839994104710120100446952569625813422144198519405482739720103471291724805499992035589428824675360
152344702257777632822547257932981217546354973481059642609941639766436782887130558768768105327239180861292921045921934207845895354108505570819386148320423710933603971093325500167567523922661126951685868001854389899528846835671286148960138409804474128953248717603891200
-334218231350099998955395620242786973117759488312518773343646352489268735754025738390937518002609296960110734566900151565624473444116534976547372557572771525626003006576836065054900059773180474986130375598519738766692573820919187388404683610196723620270266774182617600
722726953628336312623776711666753203146637470516274913979931902327737037552785595367352377011053888002848595664190014470526537347475373457984650521740998718522273773255235881219448521597409752407582082320252638039688141870216472774285184446889039657587517600062156800
-1540501115474855166553539821424436343837045290805127024331744026239473133316989769248870448932274489025679658746443080392350454041902225167976942150399733067246210473294062352065820384186328145120015585645377024637411971948230301264969417684575458064838061051362784000
3236646912360923540416688924984938284721850112954895793941598347194301481959712758253379301818539161999081764394430415855395019395212346780052161430379412990019545507435396298346309973637502198727350295065894343066863235577416839511998565232058885075382306688664565760
-6703099111434625444187027669250195615816283277807545877334276810801470113630628611534975962398018527954786051084091740443288511630413731189671133172516135135919213802454515121127473183927134525760042904181971070327817783455586740986709254063047768754123244964965721600
13683714566860593172627778577905041212319585775079503675282593787356208867873190644080081621108531743500689525086412115103160696616853366347473998479925584555278430528794168981195881685557989946959846738887847405160327595846509449639184855455271171520004398785863884800
-27534743413627557780821387750940254549299791485324897176846264038134926853976432089073586947319837462877670302918079223015344414880117499863906339812936427852923315609865799949056256284662119332758953807954866206338818405871153225712798538308282691822693762599411802400
54614367101410031961959777357236868527536776499817977871430606356631259875655733069236866672369925546203643576035859615898203798109323966672210921943014402352905749969981751965070260399329823469935114990984858591085259648008898960091501233008164016838400851436849856000
-106777898998881504893245668106991384156751664548544350794843952623018228066642017255389385064816493209052706412004259681232631058430476683230038501153030493997049584312058880639009590065546864158759082758224614344262180773491502885216538045605372101946117002533710463360
205780277489365313444003466309828188060674576453024534448858092474449450104846815671534988849335260154460192047572280062212433341868666458999961892116754259449402626490300127104670219169019585023281806353309043164746863510827945184330517380852652149479500433893945728000
-390906522588321964353610803291522810877007238203761918779818382012973271217548651245742318062248498269120412434264385788347964609930605559586146014223302963888653614316980107507463272116264353651938652123230379545136012948646259256020527376848008245062996363131083224000
731959948575527948946812690630638670229088560468292942850473477237014378462677004576435482466532972403145700304516919074516438306835610295531360096107430919532475960313343783045119352263018567114979223151770310192386752452410170299487664302012210902479483062018377792000
-1350967653361570877035752962607099606976891225731121953760945730270299596898370464927574660570436271560308549179825587055059436367483622155423797102879740555364715925964830624113213233689222735291152477004615806380720810792208263703471805946536425157919431955129342800000
2457782061159430275288235395206201158427877653198148876657230765447509246095518931715507163987699484978598328865908330318708022947753438372796530906733902904141723104595746807256350029212090322272466386288375789148579714535025335736228555822172573500927908051888744448000
-4407371745261139702974755965790612566869606992773129410269358967574714100535442202974492174104742742856962216747389841737712335817982497887946282542693158146326673172710973007311010913795214695064426873474300420077073084202951275599527651810315251242179643071872252320000
7790234770361977951495994575053287714024318401802822465449240493303714328521861272016244401772939496983811064671552832031117100273998582773249484775498246699548974527194880021756887179107717503017740396547239749492555521340016576497693421297461381456159528810509276160000
-13572259664204626892728176559857904697796302725235003191478006167916581837779323031292167909552943176747929566568692867470760090720188971001530544376671330948206305107485785732711997890930512711416544306306746265860094257646438693802700155777415832009629671469651892480000
23306672211669753985219086788638623692385552687607740932218439732065838497101917075482641084022026230415535103575770825564350223550692513744209996348338250180235426464263241236549699678843998809705106004199737754764024166713802690135534805984611828867477736957956044800000
-39448468889508221409568859686199683708758612845485821175790636390300941229774507205384575211656372124418823372314684334732585426931741351620649320472153260186261701887993987300400577425425190629955619606819147037355859995069451036747792290104656727947368671267204899712000
65810717330053231515564191708432469208035293598619698806400791406435590823325215435694092836873962463865312511541542548146251317262101212711666563585328876148657960931056900662079790516648810067950776715538668344295888134932922554292707270484376449973415764109085711360000
-108211652874675832366016869642809877591339097625017136031456475391675208456087279507798518813849429757817006127704569098979948218427256228685076765547932313457892930362187688883876308418506404136769075008057525091646495552117507609614035368035111078169298215974920436480000
175370378018377097509341260798595058312879819738892417443486502136899764722656518934474818078902717590178530793781629086146755149298989201113790880352288624468589898122814257727470076777418973278981948019251785923424447898334054038368242642737349876567396927785613783040000
-280115173514884257013037215933980407933788128845932971859220059665215075807105124163015870036145932343448229242419257475869572932090391611991086776662830273597639058216138167362246677760806832219467638392915624657861375494499018672373700705560126471968551235199657538300000
440969064067994385124168177008879063519825752424799488894664728396621840622677530376211610437544419240364445979335212716975831790535819257466501763020660177474319849552461182935340468757042198529633440184924516004600892472288272436809766941833478307358136478824136437972480
-684168562183182219617133432278734070573823160601911572900338836279080150366984119638634369745540126531104247036424522902277973808462115221590040962694263759181464415337629932682885414806402400784728678194344570263618876262167831256460763985151421185421636879638552197257600
1046148952076254020999304806926313627057631129463909966270711591300069537691696185731671083486786036011542351539792369510688856999288691465767286528607316852906634016054698085659529732838325175389204952789473837648917279560028872292477178208737813232194329659424417410124800
-1576488351392688351089230160437569840774346910372697657505169550778577011660403279887309896643281734822949238084270445720968624783650319778274313727137414979727358204749093642973041333513309465690676908023026547012604511559210175607413525495111843551292844000660406791646400
2341238969631825647543510705266450662640036181228918090168047989447866701018520002242972001879803617551367949924734126213249871248654428869243598578773514590133038214104601607801919472436005056882780984283924934332709890357378548774915912464661436200199971220446453746752000
-3426485109033375679744161480386273662613501723760379347049157720057529071069089548084180252505411642239025672043910033753421895688886097116932110502215959793623628574181330077081898061918108648561848517660600233288709497568215588368672303571390416863056369978415593488228480
4941854425352009750812590984624119133350857230198062153050039881854302530115198958425788726463456081908424049783536968903569069024506175561160683350209708695812943068326964688297124769873458923058410860350439346224753714001796661997582887930402475249354739107941456772812800
-7023577548605690582415107991802750470866909288392931787341500089963744438284452562475801876640067625924284975778300154396111828796961372471427407740803212063458730415758914568977875176891535137433101508327652323650322994574826085999351556517761558954181953729566691787118400
9836553411843796466359400446365685936395086426625861402036304497045873328513022844962334327114104546671982082528241767928036518762374828634669429633051811962071399196356200934047888254515964552106569910684817577626800234366320561636845356244514484525490657517478949878579200
-13574752694973637226613487010183780001893759694425875097612560254935923333864536695149002728986363322179639237092676404293266117690825734636912766641492442306120338963267154715123980494420681959601376201711195855310270284715666104903357063054582822396973875653961152158208000
18459205584096700066451180090842211734218447768449171866551612945308612017743616978884735336097056406381207571728594427465950427779271151983587163851688844679409922585523046636250800166754468672489360746830311705756089765522999761228112304339464945780410143342867662878638080
-24732803373908651293789846923999929091246259421152676144452278728161002079576942994995571934362303115595332071248318714982163004040292116431614336800349756431358903205699823240990662928110676254749327523201163657031890957198970432017521558304592279137875376094539991064320000
32651228182486323607988476367897643575176567654708348759341013232398558389944444034341214016215946529716125687607137911541194450241160444687230791048790883563854179182628376737451968834148068607989676414043559392124281690224466440117560551040647451131971993237592433858560000
-42469538500124370885985576113226373237911940807427918429877265587236575568390947022070433321671179515392539232501784829966467472466951099555488718877582196319717611038035995213707519027496773724151814652169467645885543077654615032634374491897143250071504493781620255444480000
54424296111922129319412198166841801106688504527296854555540271371049479729105185868867066738088099657336774072917677378784429876657986038190188796096689777325385219586215837426574996810503384685280594396785858645311212221150151789864256802347138283735125942207149782016000000
-68711618707553631358280806647411503789574561418915877780094515180105715544796149680032672921189317624673394919386222511503168837854954907694943045849780855848599627665437533220450700400288483293373092102928201849751330971080906047061087134088302832144133570195245473923360000
85462153465568332661665699147897023704117806458264888876466103831043489109279693064609085446647204855398599352222942343124066680095761824553342498100724316497698681196109009828435436664603571445279388672983132205472291271687551055245139280772352345760097262631575438374400000
-104714632645119644266155753940230290450385585650326371680701082791547497575551241978641386250854850741220498834052688916664736916256259498061508736360454797809667445300682914730193320619185138928333329229684629083875336465789283537176857102834193143820560400154599390947200000
126390308013395100444333568643467175752000566655998597138426181183748636678092569193411046433824906806690500989019344010373234593226237987871764985992689704304740438643673435598407057649927403033077156951990429712035139978487930638311723474287432704133498972714501647641600000
-150271062092316786229376371547094598824330826907163072736554307227419498240707849206456613172169712918428969237230150930097242184250189061601432486789380219013891627744430666131974663661483996635587989701132803130314555619747181037236215837937313960663963396660776658296000000
175984249576701387834739548759259673785175507009844820676198610260036335665619308085249047556032355507103420599755613324150199693195356772583661775782528477730954200148646365787809928475596485256064861708135469035378459006176557071112986731256000369493277316645830170288640000
-202997232826056586321038968225595239747739048628829032112202458675421977842860661657922033258127413843832280305471951022742823213422927482156826463389837404785664253112833954058729460923375845285537835804355813603255227227942272561786007647156538862325306085803129338307200000
230624075163330559607334212421978023855419510868255468435164923465568164176504420345094854352428777858081643897340914771400130514658000453101246632963602258691405541998012539522343529569752439614338843044001871075887595430561635099780553066592044151280821115231957591449600000
-258045931655094288509656583250573323160418907378719051952763146106432172771437706407524593391829656702972237384288984973716226288163690445842034494352500920856634612117540792994099809352264139518404594201337746517777000760031218175429213065551260118995386750242547241980800000
284345382343446747487616937915181520270960464381446841654372964016571443101637459101660944509440204931324708603000329888296843276839782120609793336464941902758427714067037418386105046288716085416322347636899321657626888145761081688123156669061177905675147542403684256256000000
-308553410814638429781722693541528414180748954477025699965459660681086269481538465819739950681195906218357968994625365973666883326056813811230028701958221196591669215931848716037824485509552218064326367025314382306270610894938597138723209735238370347852706903573764319096610816
329706125554220712257036741150389562747385273493966288180739105046756839756466873843032546782719455351817565954797219684564603506454575415818884338595061204656293894010127705332714470635435236267526722244792371817243179083621948213184655471758338626647898108737731368733573120
-346906875018209330607181026918707158826090353663491204922090652272441921170443548588591359258959527718606612251223321801202335482658972120791924837048157667414959516189133013467119910311915409764539761278506738279679035916326022199552140410942254220470090197964364400111349760
359388346891960460735574501351892845007353708574316561433449598236031943580659791498174791282165386150013930409834881271092022536300860180192693524259673346585961277906759805480973855123556603794875105842933631658080523515183977004744669264172268928866450361783701231079751680
-366568760729516059872039185031020346359180835649031268602023541631875535484613391709612997400999647151120135944869247350179963776447363509169511398163367297601977523291188681872333754981797419442026107322125482535494898163504891915140786175969622370637621149128533379490406400
368096482900338033762470905433071965180608563545392475426954697030295193617890288736192084249068403850511963039695230680159183617791726992614108669811230004832275653376723662768718260135200988848697219587935494158211070672575400576563364462070164741455657217277919500918194176
-363878336253332512165858117805199695804225552204715751961292420152399812599716527645480410432066292472159080894876945794893077250345413714851456148890999387558883334411789588813345527387374817849164571701116958450923221031536824437754174296191644634631420178548431623336566310
354088455959578301290315265145207268069602638818172732517618532120623185141470433539195399465393340546724529474716211602437097625008712172492131441831402634970772451805697897806345951282250364014618016205759196256684238400868064319873673944568871352435777040010670824616387680
-339156566411496210494661233697839369483709744653720312888735724301643116625574340952443979984902998816740517783178317155468151452401905864755435736086243882546594844206716556553680650440214477172044962130139250581957469318612841428432573608615430725576104752418129015159350840
319736754965832655322406887480081718014785173922590190770615333773138604007115596395887916015641771070357781556747764298561528567700191214906363291395388606792484577564925314715862380313936338700378995618878761598708879708249371534921601571366554450372428326097143437317233600
-296659896571183283646104769077488246088836403751461233066919590970192697957548776945953934621554253303312284275455274032101740137495912621155946923071156343293364277950439063081266336622343211532935961304906727902849403020430604024287245150261563042630311790549392507869440956
270874555081804439787843934126330630888061307281761698988012485993247101671430747141679287348404670446206369283089180205762220703633912670628732675900616910392496558895455288731151423759336295082993743385522797310039971049614415089482929615629089726392821499569475110310759200
-243382232005425855614399660933361900840320454070526430692903183069248608615302636668279141742724125329390336202335111117516410557922452534618733541919502785127294596221009787353173276079549336749516419654869902244789570748019758164938503727975574952723181219464869710078618600
215173130327108992793473493405961441689012077770689648393534899319791972040118938217100233859837003746517628409333613541591804687621243872211609153746063038588158266681709877491668987245971476252460323190079432434665411244674698944647448712185550745405137820883860002468268800
-187168144887525578054756808679643199070195667109275423752554712914118289499142140573515003411280681131379580209995556717157414474102357520558264533773173090484491146085552417971367544074079154439356736303354074715214510972055837114314330494953067807911307397714130117218187500
160171688645934313118955716260759525686329352945518203856654012492514812755292931006136812317612300651781947344961096140609355361134286615243424213907192738280612031543714604633781472818452984908331540404220241710011124975103846026654809618009249739896588527917812225337760000
-134838411360097763595039250933802661929818077734747467532387306435025225023588436816390683838806273507877659754686637057145630788709986181199821404564728580695413189819963825329458892933901747499360735544369081031386916433123135685704304015160847995321107689318566414187400000
111655109475645487810775253701472018671057537135288929615675454466641544748733641966434861596773863256842346093207389060828751654801272345643617629006790073862890928775156118571569489930761940248597440568042693703724732439508548945819081129248203493663757790344283305451200000
-90937415613121437130581978388491432894309043631696877307420459177087469970576295585187960832402548993867046104566059226599736655587408504164550852695619833910079230627092719259315833878366301218564887515437645544480753975188399249325835219670752948441312645658408617161100000
72839410855799650310091506023921220692833876934994693394758085348516324532477468416930310662457010539994389135316659426676258434209673676446944727439340605760398449539756139471123198015368925507221029012793713958597925683751186695746678588357220614580485080946384978796000000
-57373275867638843901999511212614271788795803120498357879566584619988420726740585925494586674196762719026307524540711947039470995209241044928120894297590904298598619629936039568880180428539081914268020671380354584590555427800780401323320044198353428118326938724586719718040000
44435559583220509540253158287244179400426264368594471700953790569095483053566870378155690827035468790705687177406022460854360782226571406101653251829999191684539827678691220580845912538980991262150093487127279976736574838759118057042666141719235072934334176749424607747200000
-33836587914142163791755544150471390231425909057816646196699741826491298507634039474672323125577114041711536258022316816840832117597025752940484959563509197420143818554477012514369541721298822782436064781362045469958483140830077232639661040576834806227043475826291280907412500
25329883842609180349523344191430178907428173169554218151407800936328174621126250591996648979889685177785426222109260822568177561821214034913329534328480257919261816538412986652198546494850379324527001922496628706408561652419751626392839951909495196621707115395355407215800000
-18639104812256169327207325241829082979126077931056832833056155931688555689489580078252102841041153732840799611599260937487066031791957074947878018594183119089317745413509316527261824033086594994185814657258328265831170926633400535458368095573020168061247397171085426389750000
13480786470230260330855297341184575505802049038242440048090439733416690803204258802777877910659000919953195048674818859329488445287839790695525766678048791824255516074542883659836201352908487931265948013135887905162336859545659182643714398088752543633427935678276872486793600
-9581983609412642375737241054117292070490074894660219969594844299593661042053856764288072351825136589094540877842077125845346984222197089204070082923531713838010855359379915403300660605088611623587412770048869074577488044267219550045209988507082368134740017555401980424247000
6692615120692858374284953831957329258060239202317644027819037074689145988684204039042948213570002477326104011850963746801129111267395462010771988218768804598087786370471248501787968084399755947963568209835381556448757826485016488238122400970579028438751802067394374159656000
-4592881167592090595685408317187527455356100959750024407425059123884481080195695481842565659167644291055646427158785314412963675201708673446836524237343319308896821149664660302123705596142925524198330406617658656505522085338308310732949870351904662430853466775120276154258000
3096496752035982508723811725003551352848603928105770492435440228433056706474352833174006574852814999737931482089041164686891659595658729750259898921850662213112693489734219404368547034153989947584542589885725084382392300183122263938865240632416807137256586328005962058240000
-2050678671715054181574604956299864665704749547846679971144649133934601240521108079735045859348635301038177812264605947853419666554415776879633216988793472356722246921945030684875246563269251429445625456753274644211966717063876161555737527536680013308335449218576499439105600
1333859203648449016168383259527628186454020804921486345385559700597524343830044084740466247085851357775621033648385424218938894824467703050087537196140281154509879584998882688608207387058278813798296924543105909584815422656763207881139795776191860329987065410342941593856000
-852020094156861635158007198257443400574730833806105601913262362447216489280402763600440922906543828541424244834729570872308221925437426586128673443895400907972918279754391679659362087425172135512701685981793557783560548069709781584656936346803706166469907973054554651968000
534388909459319927296595257561811196265028646177980703908239520913590863783206078502382954456186362612753594957336660515898395581897299407838973197739437106335397258407803853870682320612584084094869845924377305180284601513786684170866001905038691557568660081939796841984000
-329057047067758433212475246315306400794766015081697724404913655601238472646708612983793511122129732433574777989934105888242583522303726630260893223885751139235115860429770611020723039243503131032678423153072292969882398509499797527103501098662797760943358249473566878560000
198896704005400652963985037772807424480391902449381735640303365163415254577566094959092966722709527159849643585026837336893294929036919207624362126437609577493225586748661347105859259276073003646418957994745919306240027543519877616382560664080624424392429875237355979929600
-117994309768962622684206733311231359393014536974378315833851542796160267352638206732480637319911484735582472919989086040549013844583066464741211944170680775928636749926387499001318164169047905789310967977591150353749539544101203742664234879755884153181606187293910447040000
68691657565847535880647832021029345331542607983530078073848768106465747308984050907937592064543645255383102155657063383268053659452551361765598649332546037554541021895010663624800696964078538994148763933779101867972148747936006529983797192560965374271441681859893816320000
-39236167299589587039658713561683874587341991445260712154040474134114917417266316790429196798344476770643870934950866752376188491318040194183651225036506963990421127439235149143424269628510186896288893577481825197710702295898005658890846349247213258787351617494649273435000
21985520164040093790256675503008887952582047624408248569929648704835647742819933020343223981543821468446656047649100992698909512502056741272193548110158234632627827302788579877063921871317114818384839973493485701235148854156758956862245532797375277011147564070707798000000
-12083147770536232759565443500886727824688404557048438253872988023617223238060405756638337165885100738324291191181796634762619459897236202596219476661113243316940437642832234845395618701714011462789128280794796701507607790582396620037215823679280412351156380010846434380000
6512380159035364050336756077283809330531982191798522949737995222043788672607514303479809027420507524676381360228825809928625691119730049084109267897322993646569615073261572233958692475835517804013837988869693573018826177798804711074485778305905197384381114815543407200000
-3441409185889195885907571994911997994532036048225113160845665822851695747580183570696774199527183894015571811641844207613460402570623907177504119952731306585821532491508100255037023912597590139982307870431856156402576129352138579786112611572635232672031102109259937350000
1782738870748224434042115129561513527389121680353495468661585463707912885256507632657654046073605075593897536457455481146965148378208090950365912503789987844758298791626556331955020180095749848050567806425765087392227814238352303698913208795189624426499635091882350800000
-905126282368293642555627544782347877614322793075953869246768453825046936108587133360881436113889568495050596828120618609544235464131404407385904833967601654023993966293343336432112321295547943931916888622734750106528733720325915681276391410718874866455371442538490500000
450311376287476490067089344198753619180577071519867839389923435527828005122176254248695462889824335048109286300147202566145673296811643610711636146986053217036746254118202735928350876906774418620813256073656118823467601897790644588756594570738114406412545383236385920000
-219486707043881066338511806565099677080744884944027986682189101467949860285136698065313866676291410566899962009767465823448353932390673397500917887794916483673692576494223062429467496784877209039465738000199558920244977390489744763089508436168863857353083347688890850000
104785500425488549531764436713594730710294058370040546601371146266461523385682601876526177073450372204574263398919923372411625580165697809923688672253619505497925855426597304186984720658943520809327632766094206092908393563789456081162073929689070216880965048213612800000
-48988554807947931522344310155379402221738642643900875785427749645789413386822492028599356938408620138927409728536535050813178001123139452891781705846060098754080759197176256451635564249328387836593569316133655627666296288318621324733185704910827532478796291908974400000
22422698434483164146870048115324494568444930783642507769932142990634364221751170275615325174435193522275026074559736627993817113969182295637987353645046243789409342919524976387299105033305193792836868227605834255591154954843883005873334292065536880225415199661248000000
-10045618039742174017399413445088877172158533934747217286571488194726313330946988185367616959537793755685014737248034895303763331692793326026880978736910106620364156842868517476803191267198874654677504042281053811329899543714002296442430133226383472750766291839346451200
4404056782359567245075713314852266545381805585900370532583740920017761012629158295413977170592390458999445760681360537317087885727947273316935933107030490115571178130470276422761589354787908536150709821739312561517241640559377614095797230623855713928769407753323264000
-1888880851229761764019414474552389264239508016135967656276897872553120011523779494777735022390054576385699309466391607146973014626772000025641231693212048614652841705732268352585030160861789156271734968827865986896078475217766480972164601007777772485326004595047872000
792346930503116089445650102320705108915160090159226071284251989105270266355191712172882083262923916454444028430433547630888308763914684453457668801195769654908671696360499720013884058808060473225250869952823523699656615773906945018462276182199322222819931476919296000
-324986045714168708561692424779976704828483630729370068300181479906458507684746600695908666963308637608268058535920009770481532891449382295363496969240452397521134875460361213286944633495493553471294302129087773392437283813516520417728667965355190755453487519830180000
130294862251605871050974261484482786168052948042811997498775259065748739614193057990374734136668196164880037744215777311474111805638228025669196269441461033248570237196126114600912518686889842195811795670050605712919547832398948083844218225594057451388264128348147200
-51047321774746479767450454766951290215035054882209386648752300171162720670967067499432879680931188605970184380436539265575502921844572548183118300060446815377886701178391713808091714170068711403235462046176753284831193261475879047116762202634862634074271322444912000
19537384917173179749084582375977113185675651727987108565542265400950478626225467207498677289420045150553920900710955494358980375354406104659587298748850783820636071310114122170903503629138967604298290559366018148632142551411239471905228131581711900776953762302336000
-7302423016193808339973984201646783840281893904107342178365155425888652393427184082225929758928218722625973745324974162627407311192245501485442178821660506007845897078372369179179936837771761409445147667855465777281686187019188711791023716704890779071601972823768000
2664576385712259848186483275053402760710729711870422403349797499376427240885653621398512717724564471426660019135975742042279309202226969467776892891220787688789927359479826794887244576700790392906116868781060396104920840332092612339620094992704252603707677267520000
-948849828256599836262119085906373526267241222371672477263615194861193721231508351486769029274217697988467559988056460649623727785737868076553517706872701097794798170330480257521710683239102476957754686436593837826290281758632063338960866500992010700847871215107200
329621842510124528265911242506323864337416952592386299108337078269828775895396869448779886308182449027744853915888970108118787580781757502219768147051030871123181300060009063726899835163344498358997089197480929177359140901045660489336184638634128674729257067520000
-111665223336377964421278713060189041689831924367594540862257887801036977550773571702543703882981309804281127214664186465066498788332511681774955767025207974164089720291737743410194525231977435921933010873452175804176655874977222488872856681749647243862453878160000
36874861490660309944545814746738620142590435925041784503013883842227115697033006274644978595496650315794823134346739892392811693496242872018530034753845893906813692401456577844079385114729496135985635943797780845131859780821107717339307937898361600439303329280000
-11865136321871052912802912621610234938777248364253627057468005445399968005683517830978051299668660303344869608677332985984846758247477637173798788516428262649536131196358979391693562545790835986390363709653379420177372829998677860487134816116531317436172848000000
3718400393700199157233755312487698318530786748650348067311918340439983926477547699391216762050860778965100179908595077169914787548133682091775733209441705773242383831514021901376699631382331426886316451654134406145987256453906643987986336527686146102244705280000
-1134444279703538769078736937138857247176338109854519046133007453147573609198630935166173476364759990698323355440988513719570721866026003694579671849720012481792072819130294396184917824367716781366083467189184472472735757169006027770930176877863708149784539200000
336780560579923857926309151337224864390774298611589449434663279983863068690240305484951458835429947979504048597513850682982553062596779172015850198736651895797760116433589173212873732811926947444128232873127916317275056054551123212116639996620825578166489600000
-97236877766425743442451329967099346995940006294871416826310903303754301813110104418774254812092561520089985630528973323751449722802086166343763876552688040441509454921794065605556291057610765837251414255732721932632014275787440611765451702675311937875548800000
27290270624395586056705515707003246334097017322761447554165538844500573498515389807491993174530159462011674311454363441066237596753447596925913624220917349819768968785354295984657065797362088347322652009549105633749376752552444491229658716290198690517248000000
-7441129356481925373918698281789430086858621295593968526951718848411137818867658191552577552988833811902616781739426578496195507216337991736019866229221028557790716576717551740113378262970184265093708659752154085936683088945476588277571298999400758182930482500
1970031432583407810488078426327536153273970448110979720841634787945146492160496457386422061563216451594058537920357499067130690083187278991456041291652348667584075738908345333122669219182913857122469427102209445408650097208223923760562737519081265547018600000
-506112102829021197561542234501818800535846908166468952047168568404911723232891710730702176361438569317454354332245695600586013191484313399323083329016469382531895234147039028571318043202184294704787798789799322917231324402371249731975132511243467365996050000
126090212469513931572425747003913334389553554975729289091336113927867280528609699559206078539873968826493818380351868800145996366044534826128934254979881645475074245185421488086971969240682592452403880667354848616057630992978304431495534743285569724400400000
-30442733910987564735778945261909231253841209903786187624027528268383213544025423290352824079723991578146298457266595362175166494221524302395193555598090042529394878298130121318818630547983351487065389760651088231347933408750906167278752553617710378228625000
7117763376717149336944822079887435503383313796770685818347775982163236370965698022045475441163206589480719400716268298833400347846577648965223195730654974582778091497757363087238294911365650635025485117434691360581004151124377549889856313033306276930027200
-1610397647570136774124338956216769418108056195597793862228276125288070858329916528097439280578581264293574259383328985334874396514461962901960854203616986561809808518043356876742112999583980103872819730218649118946613015297768623086130406177178755587174000
352293781593025647114595075833709005306171857283090593059355601593006139756786348186696776845328890519459539278351351129753218334280637022722257774139929763243414236119950659416542820808840095669023362504789535022296773128388029732165852680718658649152000
-74454414337453749056035732443774554335648697938779287016569083817483832165099375359913412915788992635902657872656479315113761574830261414203189833159387855321102668488430604394277347158783808514524317679872468562257972659690647605780180997188244922161000
15187899858380639306337422717441100504717466121786076046284174856940004381014534307211575624584223698974794078290620589958628020549072643689604045751233671579992303473032841021661328196025041269026495822946795630626620562688532987829255055089258671680000
-2987511504741705000744296896513368355477987527959408034779185579527197739630049030255088718587866444956281578981298288865966674271640818186180057521002538833012076516949830004821003776740609816563972148974686034927941589286970295062355119697585032195200
566084088666932538179202486027122124293526173368601151888134396646476621012219839797881014210203515824904898455214469353670267320298859863866686084793062368665224929417205674465220638777804691376201949714902949818859515645142918789482500934838722432000
-103213383019481630314518002991064317498248979407286773747059052197382064273502886126596882190652308549255277836536917464442511271012176900530998605077716054789020770490070968570615647930736871122328445560135765191878535399916871451881893428722000696000
18086937918410004962365192526962654705389841804348461862338478138494605172404008361623160229858287654583669786178839922526552489591470944197516118766245329804220902092750940681800749132827231552715655783031303278130235640065152053431530206845818048000
-3042430618155578750751038382233624507392165203651967503736074637570827800030130310389926151110570187513558782473788331835228562042238447666341478438170906215498989097587502258004868025722533974745502534768030460164526083633534532276548678076139120000
490584312462850105356121992113162567037367979730773035844134610305027399147651932250533335981259773786993626443712841638585841467733098230965608320936874304973666355178823264520882974323679882441475730622965285873354992287212661136791489226694707200
-75719526331005200235884581495995055011923691245116923093679542096842247999467075179506301192898345009906143182944446796630157734332919117369753799889500378792571359826663437006416399408217491775994850181628845187989040715390099031928427045910885000
11169011835069421359275317289233057978495414027931906556061246371864693168796700185852561505194490359217283859157739988352001007013754290820365730575675671578803682517379442424706456188629462460983769604756988391103139149452887134542568921740080000
-1571760471205587052213414061648750683801956963403428291217014967267153391641964119673257513033610706077660731449170072762990793299955601462825354946125291236059896395713641818056140332486571443447673960432741346274335353329313280890382694538140000
210623917791926981179128066666586268223824516288692194505286505476929040221423825436327265693107481431557115447283082470132162240315662607595743738484084588850796673314625560150577884984408421690501988241176257886937674065413845386934446236000000
-26821753406703781054826507520751007392066788099358458436957808366140764715394291818755827666680235589567061388403583538432660556571685720124714044759724993360489427576683415838898417343040453077040482429916571733162711936997899809178736877510000
3238512034039276287697596043991229382139968738787873826806508625318120214000015971098733416810919304766226140927462894880458150637391039899476141316522380326805510471845229731238411946029772372112798938055474816467045137171597366043201088400000
-369830077961275378533367449468134219565366800417133739480990182520896444191359848551398569203716093445525824735543602193138739424640334803335238360220148370653715702031708333505621117293523388173375187370532617929878611343670069579007531700000
39834480088443434255920852023053292678495593629235426962431534419372878144250371876032288153316138140925152368900785616464688233551006150735358060848028628827477372320596078183267437873195083468053365301527334141449751064156831946766937600000
-4034412552900170358616240294553590731068902866806268524749374155085383522840392669468690622612678437829468218811485225234326734713940041209465136216059551755149035857746957789907215411288560331299178467573731575220349399201592337767051000000
382883631149425115487746694957171694166387958693078002567266796520432617298929431584274978139322122526542096195711296822070613697363299353094880728389907134015236370922996304934189500406768136965809871621196151007679620360270422578589440000
-33917612585950527496304200775341690472740020564837550680158578444812622426869813742116643916999491374536226821440060666895476446427693788963640700696439616728186555795702962125589559054878012066243557156460165570487172758199971862123200000
2792078465496280415445417187130420782215607503082575242230496304636553027557189195258329315128428593414139144533331240441063064529987798554988469510610581277228322974586681731339382515858040973686403329774627819636977770592548074457600000
-212499894441795618552322055537233190891145249999274144600000697250587175113907160892258069903048011176328779356286448367892705986366243388173212474231220501653235672287995817790949007866491310398232754413832281457210530713696621104800000
14864402596399854435232747786777011571272465168543901215852135373067567031227075400054504934885338012186445104026736562872602482769767027095309318317994094252802258831156758709525254694317008600856668398501252354376677709384120096000000
-949016266991373563575145472982718428562628163944341644156567761247032177561036381255724759965210029333144384968106993128380604226468146276836034110734953560417685439334506202997526669095945504222857171793292201335346909102801659353600
54845300127260166497471901751097435989690932113243500510505291840803801139881811304622205103467467056695871145306627308821112670290445706537061897780317281111142931697483658130554053002517284681672576222337809543004277504338015232000
-2840443334489834778653451006721270069940007678288703696215719086893385136191096196585749371682518208474443158731216324256723592501079788375260897130490508723610248197820511317017734359803988699334104803870268303181967077296431461000
130204177279377382497801219417473012699703262672720874999271219770121065877453004798191145190560425064048498284014057123918859475368294033332185030048887205813879717403644685719372586756978897596452957970186523828739464609436048000
-5200229079154168656847450470685725913387076109012161091730923864067285380291840539236383874994054449915116456888907688604917900940169743981834610707289416076945226352622503527286697602211045536645337025126747995170936036661140000
177267876405842559411360025566878623478761189956883507637976980123253782929845244646375759785554119554337157697240606468928603867795827971798940587966794933279561137955693514407646521714728439797090798333223641239867813636153600
-5014402671024378041675022816384136040046702326059110078289889800387141868162915052212923706217740173291714353811131597897275003677313812009998753376001766158054749081327809376589231002614106936249925135909345046750142910346000
112997077036163592775860662136660457963688448559359148717122641266011278592722516692602663687101113211510514983605755629004337504109449804178270678435115790676531313400446206165323160162164592275418284885182614020246611888000
-1901740700719428775768011674329582471112605595506832525380243572382153552670816052135887968330241730885647926247913726879329265600044343400740690469902193755573156604075734735952389567037460016370254053379567573122498844000
21248334580240512077854274959339225785043195331583699975539844850911314436154088772399955574487690912355839990355411322896580120142331720711870595950211117294444840665955866417636742239227988792554106787397500836402560000
-118210256422480009322013366093237513819569011065369195079970896122739642812246126581021357787080440955312967847579101572595943415298002859824527003704492404084064275618473608696883419401877931477094992235444429807455600
