-89
704880
-1395133740
1226477572320
-605956575574350
191385324829402704
-41918702396662231140
6734367862582144561920
-826748879629811090984460
80021126127132332757014400
-6258452274403019744926096224
403437419341682264548954963200
-21788422293196270634702935755600
999431062821641952427320461404800
-39390841634169306543372706960980000
1347341854295853258479094901207564800
-40341309817100450102508837569359313250
1065345593509033339731306049582526916000
-24979723684839895931909666847773015373000
523121083261467072701487760025385031080000
-9835984168023734634469723607877302046881700
166832565933826610126606649856966483697676000
-2563499572003860536180937303690619295990943000
35821150919191941556615290262535080975359264000
-456781863717820851967602963504028072506968392500
5332288764296353497529009954760622107217346226688
-57148568191312250132540942488521756163890049426560
563803158342822637795932041670025336530448882682880
-5132478496291741283098937476274197483185986831259840
43208023488401341598502351167682899145014015178739200
-337070592124517577070094452831446260996826000633253248
2441218856593800558176750667749080100455680504066017280
-16442467240163518017329149761196685012541824645061837090
103154211372632832960874886288793160703109041299414573920
-603666297522371206730379416733292155844751439784203799800
3299713900579426612462547407711121857580780114934717259968
-16867750456279862120034241185251683878451132917779708215500
80728634762268558517505002370905064113668241692690027924000
-362104825038236463655041482241241066664978671359801461817000
1523649493914998926622133784578529143100501970218756972800000
-6019367781897942634486567282700551695961420596095476765668000
22344351552078026198213075457496396539440371516737522318720000
-77989893710966217291608790018030223068783655004848596891360000
256113918124925295508192846397771505934913116922358399310080000
-791757128087643540091185013269970280485772213212972634230800000
2305283964051726574013642883081355443824253318075894642678912000
-6324278549773285804418335036052584287050940695383066351961760000
16353227286693077643656645416900118355651866569501165686919680000
-39868089266213115071362576956045123612715509774690992909473890000
91658414306329194166564525113439851037979847545312070329152800000
-198752105581844224630778516255982972990755501417254693301734931520
406521031024764042689635411949953639488973190134484801370715046400
-784327004014864648931889032597229340685640951527961245839874407200
1427369043974363860925531055406563328438945013959038052236894969600
-2449925262377123156355378234674159622372057542820639729576700728000
3965234408131700817691217136186672896242510323851190782151248517120
-6050269975417789672401936861177688076696559916973197669832182447200
8700172768590924391955016625245355092128755904000855498139721881600
-11785578866370048291955710690024697727357532893737187427176787340800
15032453365895723762218717455820068345150085046881100883845140992000
-18043119720565395104596410590721809810942643746548121366415237285120
20365789526034576576002398409307068316570573430664367035459284224000
-21600240347982041805505145243169853674989133162543866910397372992000
21507722311722103606791719325020726057837504222316291768679873536000
-20084726035726817943354083598194403606256946691982376956836063543750
17569975722614513400860755734657163486088917153506950350879548132000
-14379468193553888951806380668974469198325755200241569789000364805000
10993614355151915099710291480490171149176652227050360328770160840000
-7838656256257756073474228159856421773104546365178425173865748332500
5202720808606282123961050406457948498846957889931489928463718700000
-3207636645469301693160476179165196411227889752139394096712019223000
1832571620502199737413642411425464325398992756627941876320296640000
-967544082815301057349756805569347194949275303798355886475434395000
470608793893274599484062608376008243443145353245512940090884960000
-210123904504940904992427515975043855956627171052826723616182200000
85767908398816767620020191409546789915807286175518250208489658880
-31851136342704634097116224129757247986393114412480375120708157600
10701208229830937952682664608952005058002206764995936454790124800
-3231117606541655657310659909047474242529594646169877591625486400
869776891361958260580341074699528397284044064343117185375872000
-206707914337740392866046683534059795667036097166543943586984580
42847548163287141334830588264947618062363830535970090424980800
-7627679231328778729594320962692191972137047167096400689872400
1142657129733096189423913374001791568478071226076859560451200
-140079140762348101452903212657532554809173981087937006773000
13494128992469796347573790451161613584385479700651094354880
-957871514473586138788025958201709996187449546084616622000
44546277327877172790776210501651726602983517006445376000
-1018167754007523190078433530319260796581622224966533000
