348
-42143844
1275904877100
-17167300121380500
129922127318607624000
-629233650144387700251840
2116112765435575835946937920
-5227878179995992506541970814400
9887224607917420827997502302734000
-14772612144740617541564712607207122000
17875451599621936849994964843224905904880
-17872940172537692445644139104362634637108240
15013269744931661654341076847664613095170921600
-10743371459191186403359397210487100500973345584000
6627344675448407988047846928191705853937169734032000
-3560474653437902707498825283701712052969205067911351680
1680766566088529946858664210487439446004775367370902452440
-702636030041473167922939503771764694356632996570642144607400
261927097865460275375718003906030061062944855943833821684203000
-87606270297975817256759886275971710977626456346887332774558789000
26436068125117182615399863282637223504608559467236721538050860168640
-7233231945988695251523795245516678684209937893413116850217303720019520
1802629002737926490162810294450871452250832042775806104283494162621393600
-410873330822543452838149057189818195378344184419079056756110224306379080000
85975244474617217506382690216969457382918520589692292626216064436109822490000
-16573138366491852396722368215440421209658624707400860357302216363516920486036336
2952470276922900592355741655989732315734865171986495282705904308026058728243171408
-487522098195602412626642526529168762011775576238510795138166297775907845558671822000
74819717927161839652088812234680593680174537414563289376306337944384224461249226560000
-10699219663584143070248700149559324896264958850282550380811806326046944097958639398080000
1428987778268298148462416391975143433145147904043737428861224852906829853723355878007564800
-178650237923504832935192604142632317885907913252369142472085470866581955375530848336589862400
20949531806498496424665945220163367902089670139984850222703147794589024610833734636970420583000
-2308776914377334296057193219098169512184840919972710559667326246618550770127833482512401309705000
239561568620875859985699145540127367342168943485196095338214920959690248940565199446710650775515000
-23443592885471001811612757443432594832336221041683120582081523681409557022649808607732429472912622600
2167229920079097056362423799215102100055970656297817369365758633659194604760515640181486813495922444800
-189549506560022414933202931774302593097298500023242631644272542002325541271731439135960791536840229312000
15707405785991885159907938238305435103893863235998070154123027961217641460232260392665559775137328143680000
-1234936690405172651595838907528782936245193850986428154661731790063306521195893750516847885989643071272640000
92237421406362345347693208003324797508153528730176318871684747399828364068121304226103368604566440993353481600
-6552807600602028773621395585592538544209529364392532140757410820184237193401100841519299576956060727393963612800
443317493795831130297039313596719699470501833529821307073690140181851965227033658972173022400190639006346721968000
-28592659666101590829406935285547218907709408414061027568995628808754329969253595998229580198125870554192470702160000
1759984538786154119813412016584757739046443585685343250693218540228117765380171760287718291864805651963847287518080000
-103494913034131578485561130628590798423659978143123451332986553358925449572200233601630225420725527027260726494007628800
5819779164510986890756119003419074632719495973201310598870228738691787048060945839220594169357887055727646183397438438400
-313237955529440374095268795342467577391210716946025271006190966902109561375828952265338408223542771159229738784535284352000
16151332081986769289287297259845984459234302592529428036256721730890024258441180351181511674026424137897783406077600599400000
-798505444451509985400362368444605536553306714136201872631312636243997729924924377853518942208229331295660384694556194898200000
37882375893490756123369831338801598022947355809364034760625681563633242704006292364375504248665932643596201706525257175882445120
-1725942018649109985731524461031144087087016726442547562952105014354183068109518517514644513640776246083844940726014052715723719360
75573792532564579256883319595446545825111975003993206898494539090064820733789568222534730183087243911363624623505940769800920256000
-3182627905888119225059812136540886129719338228229753082968106622164192940086734415409307905663334111247689560283957017929369833280000
128994659444823400195942756102021347702081325966398510757830790624259820028453692417145158694971924533656355881632480121754582255040000
-5035226576061256949334454445543992963740185417780618099759967578883297616244556544437713452411104091573424411949514585222036138212518400
189411865027039017793076186872427857763552995333145394130256331424013027166179160214996231044015665648830909129100872636949349219596419200
-6870771115038991518006461681702057610564339262846368244143231745145292495127745437715722009754529478314240318685805892467733318644363184000
240476989026364703130226158859572016369751874199622888545013111080085237329471090320050270341408531740998411154003206236370666152552711440000
-8125718150028180257479629843016213525268406980460282395670806424755204214422401050478389241128266512200935396485871625148126074364179137520000
265223440416919803604135118076049209464760803842223617394695121704009865558747170287614624830426618958238531341298849844834835067246807048652800
-8366762458064847435222841323601420143671598343835456834356758256109054030874071241567070009801120078789280710678764550211300038887028205265254400
255225433359178982896521949429110958909191368834064950155222027344263183054186678924597978498771940800944603572890720904728679125882655397867776000
-7532333367731778826299848462176596667127269082483798925782799741237154937528888041278101338234731994386154230161389416269940496198101496606007040000
215171694993056634987229655483974419635553589063296959157225056670575445539643586897917012056682012011507601113946253129617479877721547830780193295000
-5952438470791353003709447314393241702386714304409250956056167431621346153663432613737666852585310504590058440377970205807470161095435926370120286893800
159535189758482295793634195376671759015207557761976866532976454386347318812648859226043418206067454267649252249138490722591948201921476935688430499145400
-4144396559074496084645723255480190950670178068258617128701949037260835950843628139595690179126878186549770004685516840190478957355106489831879332291789000
104398639965613603793151783044622111144909675906307033553460861561449431564503850713690742228524820754610123301420631822099262316765312269813430931087280000
-2551155423129465134657983174702892307694229452629170175322473643487441969441098824529074148937883474281370631223940467985401066103639303803172441675170640000
60500911181497217654652301394525489331285763125167365521055658626084634003455805674607455592485267601100488332805464926892968466430061563090581716820720214400
-1392961169303334967794467378844041235520138767227990467064130709605090433712178372150756817780324858874534016538464724421737472548953032175556870819155574339200
31148159480255129140959617776929255405380880767181453499628478367558272198286210821704423286476708649833330092040669532208296261164088636147868916928339926196000
-676708231155289468248189106422215151915551035995577552809061190280363851333568410186306925500439283905883616326892196489287952643323768408710738198044390121100000
14288973585102960305807452519610645285918797514626851949635888843998888130386750937367110515296711745702978595443004181092656571994565502841929371140152801483300000
-293346912112729733894104677246598703461798545456283419785244943611759573761587842043771832034835373454583869373006698636159802360419631947143673217758880953331555680
5857187098361650753209713334053970788234470680467841800033367184358900298264612646680075804174773883270472383492056187726980208902783122091444865799462642414442807040
-113779983817473962810073997849496725507658148190737675715777207869545680865681693638282632947517217406928091882053899716892384139041667412191290676075747991243624608000
2151047623058161604604653391296698449686199902185839490603006977178689055419248586830254510457500056894291441202143252044208090675965250780776175799183519716114678240000
-39589133652832817880100032444241735943968271008615939979031115273141445437048734245967557095766676659998237111168367306449907694169747893035137619102966932406998924320000
709536247892896178456092831481922512455771337151919184274185163482877555845505939523353542048878262438818404624915063049848470648757306612922253978372924846064438221125200
-12387198665202866479027014357023906469169549805119993769900623560557726547662214118400165335605039295005270007765835401145982833946137505161401270758233490419563930370727600
210715018341151675769052632682390604096313668457707449048369024815079232974658544149704180708879297228242531750186831228893146422777990458114377952011711278136484585931562000
-3493513691368070641306771148471366358957826338060249135296772850813510610277344407034179561571294662929847693982811573349982685248597500388087338915520046978133050803044470000
56466588644153305059489035705904533801930580811096271737858042813148987823258301436144290056417660674294681094579321757003801769732433067497248416756977085850640331347167760000
-890015037814191588494055625903488222121806589922052917541250665400497381913471572214072748420039692723599167940428869531603590551606885161732754664618379731430459556191573334400
13683319350970267326187409019772017139132826355713465812301315665408295876503113241389640897423725443512035449995982408964248387566538087881328835506277274540494144837132425731200
-205249790264554009892811135296580257086992395335701987184519734981124438147546698620844613461355881652680531749939736134463725813498071318219932532594159118107412172556986385968000
3004534636413977603492906804909651077399465125936877229756864302357988934453240412662570426391955416341408197207278988662552680555028585309066574366590118495435981906128612695420000
-42931731315899915048117367870229647505782560453088445334625826579192559218308434493925982649958425689656559018370339322534238106711248626566857983402824060304119522797797597614660000
598945353780488148160179634420670504536228698943309466246179865031490859494534115006371820169864436621475283371842200593044326297629375283526076488450954334642805253610162928499634400
-8160223602170754056258416482821314857298747796266272661549661986770666977508975058249473235964812864743956755930606520650771649061398261998944877147265067129260381249614709827570855200
108597304648926481202380438637168348951575017931407484947655237026210766581593921380106411306601668370127515239605803223783426104711235849664597230844510534196584279768029408669373952000
-1411990969394730887225539626192943309209084130127925623747088643748702943222701402335514681868873929536673572236081697483011351902567005142101084702811820109038835146411579044041443840000
17940403140788552200886926522570095002069427016885689670307621984651356046822797763400131541880346120554919489339114985629551658600881907344206040902589114984333628815904838854283025920000
-222796946661101400789274885066275199749245352977898195297330522373156712949789734130096769316610228570157874952425337227077509179426952165454988239149172899537853604881750518997139862835200
2704894180557434193957290401507747346955681863497295277281653373186605718156040990923206089984471056234572950594288859772487884881480341133726966590920427233451753921767502394699651147233600
-32110017589261623158046503496270362410268347937435476245719446648748849579066744444804708706644223044544651473762258921488790976919645733120590236302780010611158853681775021785096985321528000
372789146314313929833630272785729426150033402230742982236330518673000492301743232569317474051523414146889695889680536208454830687894679221464578441041229819152875071378375148796159294393000000
-4233501719439045335401749847145193584203363714772817687159503695527086398802257628268823876579605199958296482155811929559192737481353074317587182351108254521086874203614660665897247009879000000
47035897503655569294447601501721958797933052216611913631416949858784140725252603153117940798350045613616657235343932862174454990512825196898120630793753151031083607151840325862384773178559641600
-511363801671200235414383133942306675479577422799618768499660228427481380144367164737794234718107549131156566745549278130941435331128698442465667318588335036643492332512552461436727624725203404800
5440981626778341605187640612015892827334604066120511118119222153683409148594910143836391943799933264976838902223404948971089666585538919413778294133768616739372799039709684494525735107370243840000
-56668985281447153894354637517645025728752670024129123951040008659746280881703704057234624171003263843304346734015942109205443746759272589369915412415002668170138319341381995308004628210846931200000
577839224179016615079565852676223612941260583544855105613193461082294547511218390630944178122374996556060446801141847572120005542029091654625483635764220993634265436716192446239757251860011681600000
-5769429837496777321663812199251339599905761793744590038167321814283709886212009906781288361318178435001775775367155867473142683905761485736917788040026275080114857597123061069353853834693716634816000
56414713188509783799978615050493607971025830967882753498875695362381865234811419049327749170639518360339542620864959135594450017386810512187939082981631077830371945041003602133122927475091603705408000
-540322768336626809554254086240010182728870424909003697695800015281857230528713962429385477797753199912921001492789509477998900922050022422392214179784326652064759859679557165857943454649416525837760000
5069695110318967595817692661017379492270882999146207533935901377953228335824970511683123001559165826343456310302716385225668700009358235074297318230075163649002685103166215383358481796710574810329600000
-46606119773955777941082050796591300419518782410213469024415533726469611861275208669099044154473257221674213330544027585514957698941346225866507532113753017358389047641033881223513463284413695186316800000
419855659490931869313198997110052736440431847755612312193172796555379633993920896344336546199520903321601318172117453134832433802925826777219238597564259000341639648682913817263459632384647142982584832000
-3706935979742069762153861415682401333349525013748784527011599409762508134466414809433159849462095806024978183160251027056771093773531386600620114630211248018356025152396186493253058127562622364668007936000
32081072222640233847211670542608537049459856145772325275221558667396196036166612859698966299235102096785047159110080635944122284762003135312764640007631782913961263595673629281533162494276011153408716640000
-272182861558440734108988670078588445551980070134877034904152835635708896356653614547379396509330001226032428849729077116062846559612468452040751607426328545851984767142086508592285626033157778080079357600000
2264169344210519458529897441124656792223258034944697329133437577324193395454378959794405339937722974187743445528355730137220853790903719560881930961499347986685623977085002175353556052569453760594122744800000
-18469287310705983264026223519930952747693977584257013472180424378386136809695496998386438840615623193376149350484195675725765480991221350662259495666963188011770013536782831733456807062014374460425963522592000
147754298485647866112209788159447621981551820674056107777443395027089094477563975987091510724924985547009194803873565405806123847929770805298075965335705504094160108294262653867654456496114995683407708180736000
-1159400100214468955982395675005264541978843510680381095544896068144844406699359666933555016766587575610489638385424722628728526051967004971224547433452758179726364820836308201124560117213104847785319524744960000
8924483104063974626701606467039949268119250752278314120978307999408533719479845525850217372668978479885972381653965941636535724091484027062327419844690219886747470661967503087943863355565970811952782724947200000
-67397146853888400430997097691169641591729188136494579975975085967145457352046685973518804920933448596458268795368976745740840332004489535070014918469790705836341695855009581437326500871004280526987249696633600000
499412858187313047193688493891567044194713284091424837621975387016547838978665943063774344464116854099755771773684117685939626860153267454868810545861149130247291966285620998450589371454141718704975520252054976000
-3631513634396278187513261261196496293019722721414204117734332738743441881100041820667892086242966507617123060606634261402786045653472939898073777552354041380610439492293290646680219674415838385252906824164642368000
25916378543776717890194746786098618398586062044384356448921044309952190043701050940025765748503621502223247211612247463464386842872339134370693137033797787923168562407376601215424142288124855770059376704029045440000
-181537987717412762139823404762826431673617418544096250556838368084287351436394928506129322836781762753526910122982875599222578866639972223209346632107655534084062952020737346407863935420981663707584271677538376000000
1248286184013177452882365305590798189905581583495721148469914605932331756807177614535382482107652329110620002177597130030866598491942701822026391826188748979425065543135309453759796966973826049718748040837849728000000
-8426750617825660451365056644378355345475253750114890945245319854024730968080914406628966965134915841424581581420209131425649788309223951711073394139812035430449695259159635575880295953883660665490164774370275293421568
55853496725406815191247302883260618310258881432167406423927596220667321133107738799493130247368161007900344586148007462941438392806942428234620251860931019417697186490983253488204319893881950397341840443275089983381504
-363520417803309592950659409769377109995624408106006168352148267918938064104903272396105855770194847901564800851316701805584815877296099039241692661609599712528536310489860935887175180163696307456194413821861403125145600
2323477670432286411974673668887278500899767335013486691274228919462353153873624919758313306656177030777091427316277161442922480387600554894371951631088701287596943507964980298224181205245500324512492615687580940873123000
-14585508556358868785175790846281580075686100301515164967885329944942960009200197103101537344704297888712655595922135756012980654331465462768510136604676341722627216493753124024601444699450796250198216219732694418990989000
89933037491527784786417639606267797053656473125389718953462894768215160047260197569916721743642997467184234539495280137253055390766628821439634927500218551057079672634026658926601712630862175884949995441480810013996273240
-544718239961649818428681820033465044528186864755689269691730882284982715505644584581892302791182570114301666029879255480828293018032498082098943725258156101190258866767591224800871849891597642795254202912058728237562766120
3241298617953618754286371160529709355870202831604101439487985415249483926975736371065805438096292979192538839186058379720631165065978500984390408943684895808735424661757567618649815966297109940599859719807291606041695798400
-18949567334257079737380579657763575840201086880566349164150037408447361654598664526755060737222462459336107414462447133179324548323713419599792760524120837812220811882845771681987151232665250975585646046914526623257503024000
108855534160946160656679217561761935885779778879297047426138786957369595675459069314197538701438101902183159255233487240653874387975851626469114706089441756441019843177309849490622113797446831567704846204451971047881762192000
-614482770861123734551358091826420093387826494997157802038613567264045357119097590780539291306735280416718860961271107480451574384667634539342444545831312947099900161659174760260395744601785052666881035537328632616462431415680
3408891011706216703873580832943626348526065149149457599025630455764985186163298312868164770891084215668181708775632882588352894921170882613151467882712984368297283509273605309299236946480317943557705952336408755163817969436640
-18586438365547215429213218314203527219160044596846381980728216350935572434654011020691759914174388790580391878499354842542441978888487520497461530490566000070845676803320070292883873030958673171398467613210420904666701044397600
99607850219898593084724903441903591051642204975537793790859155680344702934298905942648656628892990966531967817666674817784164480432631607958985706882333856712377114815524384272827561517519543366568347227696679139376365710524000
-524734010606694192844187922313921288132565527096173244936339601605120071360785960538305896053962802108924138522103781531935490570460873813616761151265699857034101748215336597714466523158102152190850685051325039741376980027652000
2717479643501116701553900554415931960745302615427039237449908924557454475683939700942867432299053074758379375334062359215182654840003088549865087953983346851448442033206608470122918875848979635509189180380086573158608621465652480
-13835895676983729987495119753515611934134186743190543369669137924172788813045391496833150751954481635041870907370846244496676921224769007207031527486849570863848179061781224745800121591975316414926143373352120275380204239757443840
69261818569467253766006615151748952024970482536086760946955107224062750584645993735882673918978643931815435895160346157483364829816910513165927513614490958291848601195010753116497930643423350472259715934644069658643018050045446400
-340923680772151519771988647273670632601760668965221425160925537563599010225318719716625289418298958626675275075913963640348578754228623781246830352724660736802094036543782451706249655675767878223155250007413508312910801595546208000
1650165315959650064451917271873252992523799904644162037063646525568253542548938525295054352253849820574949074499389115675853884664564935941173894137840892594104580162993169228050388958375070910566244508716438995097908532722886854000
-7854786903967934306791126214116684244413287546106211296422957461704886862532947380404458716728325145936757594617092190617064491003329095079987736096122648747937801575847485525519851441865337534295323861490249616666044615760941425040
36771133213227257862923292487064913087892340854327576132832336235157029941754445167751929368778669059051283864310864867578139961917817777249100028596354234999963283151185442185239957575570383837129938895214347379802554893861551084720
-169306487993430793700381923550396757262244826382586986317559965464248632239106785226779499863327024759605140824638321995450369545606612048100291885103163710089376965946003774826250616825460472019771542893208917236033837714135546539600
766764226120723828299757433171994079639092712616537118457904883767963126283756076264450620272189593505881572763153832265735786108663984439899057478188177503691846010858453910827431573643429456919345190604744548475828921714857844080000
-3415849838116208674849372073916027677066131550646969534112975393869774202911685384026978951253563684812044736317922772513763634678852036082128574468053030027820127292100971449149383583084370234570244465852035947835904141451492516240000
14969620330560472896659888176729599691974614907555279286296703366094898466840170026959832555973617492320304852439664758264317752616601162926320264748795598793918925844903297278752258614508944115980639347149962337796066309497020803170176
-64539212637826681599945484296173406364641049482803676140556327836376773123362538229035236162882089397287966664154044328391615632449004171709401385272613207676795411049143845988912033620546148565117529483043846659899421359698506031052928
273755316763634643213065160189793707744755144101227504405060601106515052202628494911939627075936840414396673004116012127007372402181544703407260031021299097659537321797788127896181583051139307452454894794767008858645398772959383268836000
-1142489028631008862775018190642141752237338365712735317307548183395317528511930915905076759672931335139667776032171976793027692205182878798725800706165398579428788015422910468401788190703620600690656625527564737085965322445395657586780000
4691546699288104702645196135531156222250375643448805324757442337852217214822058021511368505271860215322228258231622722040790221305378234122546309629449984687696525857902108479368921753931700247093172012433735647467026093030536022139540000
-18957363663691567801377439985066768570232849826862292283959531517850380645065996698035469016578019473184873967986168667346425552304050513647561839438808535421306598699657805996614175023930719179502936349429953087219622313644595483591442400
75380759656809074334471240650679695143174408779002724348052101656777844931860057876212042480120882165563522523589972452407088586676461214030541752088043407119041623231775417927365240331842859696011675898325020559831870974965492100434611200
-294975502969593868511153536328504604447843222799249777962244531839202687042174606777152523729971182980219463873295906239479318821367116978348651251476823677782756289051113551713416944144099275101578408810618680599561163328747476187570304000
1135993625039927676600797187254543850008638336801789523044792072224841625229717460966008797924989165667292872006836581712207246894978153593111654034488937204856360744647254320690911112402407639331266953334917479283841140939984872643527040000
-4305775765681776423199960004520871616604475746503614472003524810600886003496191458492380089536261889234484588201064110177953206725109434427148373266359456895730036613833861428407308869258965516539693574993544464911020515339273385203144320000
16063234715846577168800350791865676674695072331800046739618149746547930346792979259838135471526217010525399066857594796032626681838861383809780400016812248881632867842483949291352016650379228230140894343210291819408675910037576772673480278800
-58984872109811533299561119919067578524266080388786074951470789989802540573233908602645470799208360545998960664353475771412117798598369781071962031356824207603891102189388902642597083477992595988947214469726677452520195947112637242134943612400
213203207145889424203489096003762783829137341322978473932956833502235520453321466622730885536233237364481839987066404194335981343356247425411001306756147856016808030547379641239016892955432771510117846540095740860618266557807680566564576706000
-758597056251144443414386754891629898350991703186712711553015704585563435810709655883919766049448947805762006216919060578552147099784818787354774682306162729818545943309741969382756670388115362065150763019607469692444120179244573840196554590000
2657120444501331637610891857704888067513765109079931258550955662462699292119844410377465545805565380535589942061403586369134468842077937549045159624877267194034264434388911788058103078670567074265084885579683986644325389420221327050016248320000
-9162454002179633160965029080237913200739201273657111721634716864511873162347800675916477060594331399790657416741322581625269965121228088123666135552758603008585590847970492185531925029293449636912099319498077244524614260179282202465692392140800
31104995173316167910507930773628113808344854142403668432845278459912785258793440906903563509380117353302961969128946322611436881156940237617677444066245528895600408355564799062713765518955712971180616458862176298112520496851919417776912175206400
-103964004628371995832693777728270810306746946067774317937813210643650553189373250892359556546554829469975101292708764439823051700564530253846742548984727920542270861804438048859079337833893534533636959489864741067394262903440484367602813597184000
342126443802550700571874931809870778815570307212828750356579188087523504118090545028428132512897270449662960886720168692274838504408785784342596653546681167090636254407461946500541698483986376398958361586544683614639283534281185801550075358080000
-1108553884276441633101887952609532981475764957123238368553233703413174876285860204774546572849026718224962690008744251646972808365025813621386398309203827430624584254459919152515655278274694556601267590641210204675941431186337445384715122855040000
3536785548298443748737940373093750139238457858359552613636067833547002639898320218720840560656458807170050514517863494078113523269510038724785864003523519183851528255993854170884203435226295394355130689532254176883754454017476048936064816184294400
-11111101905657807123228118617472424644877482105348092806212171245618422882561451053396004802283925837114406156258489591891444977535207437754351897163423995170690227426571027861562038923778023111782954431534539360865645340768352733607391067649459200
34372905841191269196790069492667533244293779146885392564377295578657316867631963237114736327238537473387995248133348007365638329638391857195723554231901164075904867971869269533874993317474468469117630799555200186128443130987007915756774963198976000
-104712809985987302249234340806373829514801206646305445122025457729429010839197575867684723333087428719173726711502489377244882044330929118240505698723431742945658937396344035876609726877634891331878779382854267665817795531682997985870692548019200000
314138429957961906747703022419121488544403619938916335366076373188287032517592727603054169999262286157521180134507468131734646132992787354721517096170295228836976812189032107629829180632904673995636338148562802997453386595048993957612077644057600000
-928095706258495848510217853566030797126827596031125260655909360643363997229690527372954718281249057608044370853554325194815315835658919414460347603082192392161333060899638728693528634595414922398405885366328615588786447860683687323780675041851023360
2700394170120923096414285727860253863747634219237256504790670159351275514666759680109428681858613606149852242261400575321484852325550977821102860562067143463349581163247760825790623346423539389395774975345314613435761395040925212135773007495220462080
-7738130378326977272833237614307966759805415494654304405425721011068363475668178054895590664044720115295827669220761487742548521099503304730106588367313920151368018415224479815358077529610688138242704791459210936231462199233906633454276285482569408000
21838897185645698388358417733601135830760013051760759371707106830252905630420669160104902069779032720292668545061245178447755610299128440505180252865964232418107821193327010007868933616266498337383621463586751733298111029399568588671928590072319040000
-60704650293223146454928552748282449377203553023593786458673264118561047850009552055379760089907618088306417984107539693770246182081435544980271179457612822067161976184928169917631498226195909660197792778359816161253695659043531013791329110127990720000
166195842580557592072159948857519950294921727389038988704634358653482691002692818071617476512813745521763348792045530894944318436276285758701542429092842215081652343688514456307826679588163023780808179339865096690365673448759178242202038808172632371200
-448162123289710306658246889958178473456374047273583571293108059782198997932019524034702931155077827924335017927892260182902412124659073678488762944151550923566387259194604334837225126060165624061168370544907122399101818915287447985435570172778451865600
1190354534688706459962340338682542630560674697474033407872468515265000236627794883606242116985380609249577191078854034865709280845535119618205571906365579345953711842287806103700611840078896618913826628442848950267871574331813478859999440399741824512000
-3114243857886201931667127975564244157083624880384228762601042998146943645141516579389080088377500733954483728877356632469142663002226387928844730585452543653012465677149097667166207004345084274422494551972892913425888141929643702419267549661780881920000
8025506501443033616909663918124680240348301735697164197761572527833309875688416780438872269339561201443194599984983798135271711413582463788275196541811304602966434469515136852106487143049973794152109069899898420090438581258198066773282584265449503360000
-20372475656358489922673329190438395751679184996220129388965015621493940940538610999788131012065792187587532612186863620107940716315577235104793595335457248578557220168794903566812549203828741366315298287328948863083629320705069096952403729390737396710400
50941788764026484166684713886184667004458981837582696068348525013995775317496651646712673071794067249503476448579639208240771635074226946885347564610930039889982310161929399865817435730281441730755111118055633837658648551149095775209808701067577486259200
-125478880585359066993548223586219688650778529571339916092745008495539652462826334455935145272640967214846919954771575486911803734368112844804524363801151276442667113323165914308163940250730417898098072468578512985979801908925830438322424789569498320768000
304466636458816024936812348765114319225066961748475305684523877562739944409574084510553362906906104242453368473325325762719451342785461678656519053858836958683882176284368175958242969553605722016208994310358003442667151757284948460574104514301725214720000
-727758876312619709895575397514396459180703014892362112630153193861857861580657430020564311891614565620598414388117250065739338596373311903606549827150109908549758177477903977151889909840024561543908976825993040730809591514578560354110992574245519554560000
1713640319171133679223365404163815972747824905205272826094557952660204035063772969015735422937252203213666138965305227827925394405709612328370392285514347442281541388319439049136267310139652294445386112634811978788967825958593793472045728885904879341158400
-3975038642833772246838596820168158741861220551881412306751453568377085224067368217894755590450346569242895471003015934170733550363048286068465439718677684921142262462754746050137286493954326803345629478618889122585971446399333422466076196253170927455027200
9083584398663112360939762264837393999956304776760258591600001318361698656560196904173562579740049777371460353659235630819840339696809559961141727482134553433078998205904400153634033589700317109207786113250195846534348813060976766182244432844160127192152000
-20448977683961859030486825544791529272365323553792893344750680838444528466424744594471639241968962229361427365998958463915748387480897893917730397004332813716632376561951018144996694855279875733378584781513468085348272966233407788885932693928616807584040000
45351133736978649419616174794682202287857073716335030866714045813138694389295902375687075785117051210552120825411868027051750621911350446634209819777809844173128685483923041304245512971104811024382073401619889312037667338334841144721304870252784241030520000
-99085518467704121371000451959695008122889620704257673356363871455877701279903070965672756585187100526534112979734190238512357394287260585297133928134665721079799028568542862551358658044087221435756430667539218518205847858028146415839613078651704456556859200
213275285065012452830208386392213162007119350187256832946975630022480616499183286443397253657745495843868511403276257872816269476749921992842810554185736129337943098559862354712795312274819975168675232690480083840936202303327555467329912699072056906074905600
-452253074916261686868046050095266102382846425408031669648054819054859499981970382072699038618984400022447348448365576068525725903505239258960527057041283072582803661418327513749117220841977630356518546581026527343911071363661552144706515642509080962803328000
944789481574375883952988763973122482021097904318890769925918010422227146426981284862617367179237382967004332157972163044899932443043543906460237883167051414257004894147562069586080511859962450928447836062291413872725149083865960632880921108088300450300800000
-1944475571747086125850873544357501114925520630683633100711398591031609785491231424968003416004883321733283353548425676236672790937233351657994211464148990970333796365943000211042001968589745704351437690527636602733989490815442220889919287721838356395062400000
3942618669274391828775231198539269260622985630774134475002431783175692001062020837265123726291501423146405327654787901137477750904334343821749063164708494091448805511586027227908763191512568390142975061313835975703437091577390647076400347784799451426628522240
-7875576210154482407802962387458593775898042359356574702015327645296598390181140754679519815917998053320074977295719115504513921220576088449459534283346194368015468706257943005715722775293651315306762614123672798871178525322891943046130968720493802838622846720
15498695463077270300621945880622612493986197467315286456519723799561730485529497171864656436089972641937114515166313228482807270709054502070669556978548657184384916604070993612365761661995887673246079744979191396661004695211945471684254406142918644445187104000
-30048491203925319970593568544064248712830382844794943129987219611395191757659229210758007376092804101714813855934688912364626341170615871361502202305349437398297287293607028432137701181420598550170970934143330258832560123370098363469472828236270841271281120000
57393657939677427763901902547832059825198516713933593798453097666055867993868147143039515818696290187358398783653800275519978340228996404815049189178383700497785822097131763648927373882851800690983999846529821117216516221800326285934771630402842575715388160000
-107998407524372428557801274279119844352572837673317184152001725409495109698681718213549598368273264288545266327485041570204506059892178624541803089376261859646981678182488583880869192130447056438841730490511165357010467252914884053906860339336737371683454617600
200207812308590117112477864195254027606942218731372331107306808712276399513995037431037793487494607292187741810033774395438968864162454237804094764705716089516183303309925815739942916545339076160118796640294381098720412806398060579525518172658649626628193228800
-365638926280863488404325778025148869994195041350405885103556543111372252420539141033999919003101367444984754261340825114123468656562180129743038012836841293497839492182273675248646011208091423485031072629145062729127071907504964658469729155905683365581209856000
657852580013461860609114241898058155518401951246199937510651842543204884624971494500891126460831417388998087825970086605107498156129810033727766247208296188190454559714038990415925608183197032268741186516564619148373966283288333233526343322293324546432169360000
-1166020015621946787709517912833345312028141165983712317984643153893513238760998329221915562463701628362638194037455232600609826463268658735864674484503741118066655144725167481398599124616370134139391242958539926016450117706806909730530667316268310394872320880000
2036013725237015656253599033102469895859750166562580120954409556063856994048796266290348888252945129034843344527442238802207688820352376355930235691717144695138428860871129177723757981677074054631965607092503593264642287163151004011106201950610543620107668867200
-3502258240377043867003647149706575594317900474065319139351127491117413359431256361297225779049780930726520245590734911035005310593406393352939180161693899332624745568430486418041341333545413677273192922170777895442287915316717803737170015587781210261645192265600
5934762984761384409732061385761231694180564705073306907551216396482338053005617757128798400952992962000084147031647624252981587192813966664289959974960114212635738307486335119215658507538686046215876934685974646602097001391091757133830286293285354519555398784000
-9906968957898641104521979083749407797367477086528839045237747664431437158508683480705978683598380435475244613622557976212822863762652158198770087916938972644183641709481751642174125439583027787920373815787041589199890154077769715588411398365006200809771608960000
16291248543135445547631697109769420962620097048482701782224742359878650308607125853022225580933418504558688998224464933021121150848061156643221630291921568518826571968242897909617631203688502416209003216859344222191137385869697828228056720850552165485681726080000
-26389884254438918921819661392805288745484699770542698253135889305902724855774861584606841087608727835648460216290961811134419267806424474814230231576609954118360516655707083884786557207160440723057089277992662758538673365419948159651458284490394712804810426547200
42109784443039879884508533765680044078443178337563503076763132009727496143319763701363385315721334231574857814266750791223749263752843992219003178163911562590099960219137538174181018753401073622902824557784588414087944845438620983147543003338068106543478365817600
-66188615081050706314678568809420638842743992113970623292629344766293202808465083360368896433203392578946528937181795319765248821522367178833475338864743662110179629119740595212512648453629944662217345019950016170840732182359776849533126534691055467430090918176000
102477870079616845607146896157671294631114867009215521880979445920037325617516640721655235240196650659853665499491551629246843874413260184718607765206376539392033858905616383211360169034973725449161523578990030086913161223340467565622579126811039922849635757920000
-156284040183345112450606647602438470907688219963200327702518288045063491329247089349763951359932103567767074406899575922478720241575636239671256391036258610553398230686046978111976748685913204489648283378955146278165370850457492945358360023192591753236815500960000
234761877220866178834894746018340632001499263310010674076113421777444133752098768266223932224638505326259036728909643964212662736436261511757417864750003016976741011648726435881263585464062678082962578404618904029085436411397966262382938163764342785688624673177600
-347343369988563966363219406472499520696225328403826730426530664767376700668043514490328617643968229773990228929407620683153490864705750611660823635069500379103422037320528212691954515189892944581583604005916665544395096156852874347752467405010190264781988181196800
506172405498309067125363561660070521394426245555613095106595088539749099950874223088535859897528574433243613377770783975815350091371784127292434734816401209869486460521880046983527580572561303462570701235795286896324482712141332595884713274649619852622400600064000
-726498731976146909571333109724457227463395066792653877279519484496462667839563387016514448313581652560332258940223807160285157810767582136891904707464872335145178791444613572632654609249463352060990243131872521108913510297393625732093374288204400188640910592000000
1026967116980312260883201427107308319306514773945100330988555444761740754634178729159505277223886309247433961697070196792584217020131598090829659938836664241613066831146036979426198304465201224389786271621043012141522191054957252190806737314926691975843481076000000
-1429720798768502278218017844564858924175878612402503234128244922298522995473822867208548591278267322260738729608845637525818133952826763493206589685516429809079453574169709437490943808403020584568251785433668947214268493893576931894436899540122831086725386721094400
1960225704756846220123959464703342876149041183125587291086473792362772502291504184839851216814834835211743514704523500365298619399493942241018698850680251912252642628474360022096793269144935498005825358883800004611183218936083588900924645645620675372801421045203200
-2646717448591231651402598143894410537912040604629679127818149277176733428689309003866417908554253598165247822305249908554709997180612684729353877865591774084398641752723778814597302328800459688209654744791095991011334830046731271668028337844593500534896055992160000
3519181095079753996324784235649077723539555374576858674107234495969063838700466265528755113867151598668473558743822593092135176306631824570886042591368563879532820059023307011098906143557397923381258386425834004668810854355764571746962886884778061653047387468800000
-4607797935421924613368331266992861000579632171098393378086326389594474368465325130909038965379383120447234033752733371016671642622037355704710976954122532019991266827724820832994874097272775378294222928379646464838095377521974462536216180129469614372021753318400000
5940836491257409193387025817277525362637679255153021209054816731113450469315860779367109519749252293893821361778287841905880391557531867835238326506218774553714260164804228357156566974109496633292612109777039839089176883336649267350096188082237156495829332009984000
-7542026694163352841731176138749862270968765686209612184273166728806028281757544963112874574996225673155471983488813052121025755988116439398859653164498012492124681440459002672342297118253024314183419016746800281468077989690497391692388937037442920719195038292992000
9427533367704191052163970173437327838710957107762015230341458411007535352196931203891093218745282091444339979361016315151282194985145549248574566455622515615155851800573753340427871397816280392729273770933500351835097487113121739615486171296803650898993797866240000
-11602730607731870639546421321781853774125008733907772248802971941488487070254341733831593755833889424005849725008865609917900861278205527326779083382129314977742051576844947032376507716942562479327422258743425482286688622031410212610449787898026044591284985990400000
14059061479322707158898129188720549970882571398153862100291832536596503399394314145596073170283930446050480633261893043444241477538285855925873669081699097635751874461620800381768510008103315351348086274072408391751720664302359646180840867255793556989965962643200000
-16771333837868730193228607565843750321987739631307891015031700057554387459460353492036644714986601246815022428948125881558409856020728545089010981356871975611511050025479704995029926135334328873362799015837323538980744330349934832607471534521401969052819694938368000
19695838187074797193311849390740951254319413850269077411505196735214690012718737453446079745723994799477107638477431371390628983456690115577097641995660050646324956191945140482528680850688519515744648772405337152356587998411529329416645686045243105282369121777664000
-22769663919202797908948084177887512145475816524545969159431180010346737452614275072362356251465890478805853486879453187723664174914279632092414594936498520335400506156847330328704443572779629595593276861545346507651463292507480229408924631439902099761623652239360000
25911527014896764939107293024974031369560255864208621778421966377144105222009677479776807498931772125270554970769182128392546301726122185662683510867994750032129027379252505348991745510581437111290562574945502363590377159717395939335133142832711131816860755302400000
-29024303373437784896953868623044299804250168081085069365885973192150194926906832761831191229217828397457781178458440505609850843356077026054436705867665273564988560403471806336453123247203867066257664698320023769359834418343483909358726630798924324627338486835200000
31999294469215157848891640156906340534185810309396288975889285444345589906914783119918888330212655808197203749250430657434860554800074921225016468219100964105399887844827666485939568380042263440549075329897826205719217446223691010067996110455814067901640681735808000
-34722052570261305644026408595043272317728557069077362995256115365764916456388326243808613819235071830719381069351593314913951494381383270955462421042550921313589937012871231985388843477478066300747651977688929270553920234041350502359038564578033608260276177838464000
37079386103137457396650016964927365800675226403594328968706329058379514295173245053066571754917037639047710062107244141703410396465605316671583563486120050183592559606327553588658873558525344348896218746749976719152417379908238173921423943526914518485719420839040000
-38966981737712660989163521867577227129348527061847721115566245824954542152906496668327086153048769169522018118919287967847129200370423511423650155500197796984586297589640067366834771099837257931053105968425710940185325077650861485930226808507556105008235849212800000
40296948596269368311287619496489430258998423040577809957726125755018833164306422784123253834165994024273239914431986052210629713255949925277668852019554185110639095169291851445197581078251483074090930332303718274075015022520966137559664810302895966694891574246400000
-41004536831512482250481241336544405011068132959524399073851795668318122629615526817683702139725526847290049491605019176725915072985592094727775690337398585129074973658395285204851696037959555763138691108151250453348235611171313464656505905014420370674840190977024000
41053322717094293651136186299467122923038469822058039048954534271135871734469322804379340095870351983336795535021562923515594924351428611199789700676883889810965604204092364663750984195054094199501735356941436355136871227603403070206364924532581489497772778949632000
-40438286624658354947057468827000553230834743135546851393186623891948896259288530445166720370131108564943282592357206705382315346570163457687412710619373163929747709102672239414973453018436227293006880727030366302708621292314683202544731107537994142034267979330560000
39186424993978244583191745936674573565259994323598340645062480228280343019211700288305419713511545110409398453832100670538273846507247367295944939400927428625991211344290866758786709805846760319055835251869956940059733172183193269895713677309840837429148861344000000
-37354805187321110782090317254484239309487934783433053130516084723344028539289190854013890442535972817543695695502308768097669378721598702428867820735359329915355535621709699812012240280881938599976726680074032112842541405389320685644527757133651441340865230432000000
35026256051164262020377935238108709767891694880772970330572234066029655176264059852938080567910050415989291880627476848729533060329609125714261916261999970725751932953194803964530645270732882075408577445744937247056388744342971991384190474864968145093441055427790848
-32303146860221220554753403456132924297135143055785652531185830636633086057466876234270270237572064877069027890669962180627800501648089380031678229243519694910848471617585081105873304902547461901040691026017334468749977860868235450475319743513265569345950153862969344
29299906449180245401136873883113763534816456286426895719896445021889420460287416085505914047684412586910682894031711728460590024170602612273631046932897682458819475390099846808048349117956881542894050817249282964852587628905428980022965753753528861084762044320153600
-26135045989094441581307469486421914559208010930861966459833578536217976552986455364120048158111227118837435982982714636011457567373659268974096839891793235013612116224245820954951967580961242195496505669684697634367955922953888790863960219821552130538431922393088000
22923460574599731232609385009883490933667042633697330244110957626131546549389260588765969452092475048062074948927798620847795288339956455959857895340641012817755013219939588880259500611808462603985930045819915520702056695519168251246354096956754788934664046505984000
-19769700047104626340538280691568724153312019744023261557239498542342652809584011450325364104635046646986129966334825357301399645902597740773131425033568740604488787179715374160954594922100834669264543960623376278130728757062967110521250156143604026277078432356925440
16762736392479093574387072471147016353626133928465035983469916610731453419845037052485349007665409425044636077412316519997011955620049305103780624790425838896335341278113157827391432657337939161707949505675045364733403557929610540732495554757504097475657567279199720
-13972542386530250219350486379793774097244270215016768703083108888913082227279270161918891877500327270599591806718271071604952281134639653779597606289828681137303247801882237493179841102056658549680254962754010243234530922221603783857856179006107406418300464300085400
11448567720710291553442935027251253519375375541238726114208171966848739629166086692973023901791777076775760728598258882358844081081113615725305772595505923160094332298459486101767149415692719146979765423781679566522614573913320569250758307838968480651014171668269000
-9219987388022421857033253514067984509432118079103467462737109973987708307664457915273798396662202009789015098777056686717130540574007555974541133151369485947999822807645634645812774300978932432093854705340672846592197598821116517533037910352925481585094715285027000
7297429071135379571578508816814991763204971090301063951572283018465064279486378051757534162944000833309932897114905931451380953296918643119258118167616464144405066856512899942153353198218591728502213049623481656569067164605399676835616277448563978797764906014942080
-5675778166438628555672173524189438038048310848011938629000664569917272217378294040255859904512000648129947808867149057795518519230936722426089647463701694334537274221732255510563719154170015788835054594151596843998163350248644193094368215793327539064928260233843840
4337616144329736816481589404448719763941704840724699907892530495569315606952760697975386204048417254252331770484975228307687511200613898643328811053344660637343765014743810443508139193924582312835600547887546915042008760474970490789152097787395296010520024064265600
-3256864989457197321979085221993150991633715116642387337049813808026607382600465914634470391465172983556142932529560763957260490887592459426061990227637452474380841649304165093952423904299226277915206442980811476712208142018354934134288687108218634045690373574544000
2402274382719461661046556661676766330605860117027546031666908118730369495017285808934929606927823874234593030812093373414756188526591958708892831634848286225937934852895840782109535813708313597553158471372210118153426253513538660094919548135607546186593932574612000
-1740481570927497185509259613947343455107092301804834667784700863978390452644848482346746649638743337802518459447326432836872625361971837196863771886784563259373388214745282778966907407129445176645171233391907135657218573905522726763537368310310805872947136994854880
1238478236941851267680764925137385497734918356199754308519759724964441213603974664893351805020230787094821632034795511906705621314440585380571219217533907951027917771439814253991546358388734605598551094731411335661564259695223843166524102827852457093266188781403040
-865418134259960455322943297643659731089858995274036118881059219502358555396793305161558166997472213933826250891628980987705543993868026774581706649293041346918258409912810490574827558853887898243653618146491824629056707159836380750752545026153686404649457758498400
593782101474867053329174728612713738417635487958126809123114813113669937763894715949565416429542084855465549731837215736719330697508024608089030180401552093675258610499321967246707258024053180349844763620226068134884085108553364382338569543451404349815177076448000
-399976796509023435005375323679461391518785071924696660591865581398814468794316277269933625751788530314809873973258266285083267729697401134203280746304125892428423189999702196618430534098014457646971204283255886998502715004577281133322216321726507403477580136224000
264478484210164138010961757237925334935137388299836458534571858515067937637328145809600555497108563995817491975403861015173578019785096354912687861383320775289707976004741353714606659336909312982367625943347966760985252045001965154330097607304589339879743112298240
-171645783593756257540290440424711472324906432898995181480825403962414497509674043296292143035343820015150244686533056842447927576653600135676303992825713404128938212446916397408794776813702272363919175329009601445089800904412094949018061331639801224202941081432320
109320249282788100877196225573264551469906886870142908620465141580733281826554943232608209610529314434389591393131455969076372559092744896100068178821740046531081971378929236671475047083986416979182952280262386733518482626188066527867255757283567172421639594467600
-68316904967809252752021551423939627322396828831420064256841819548399315716993337909521493145089868638807648286373056954470502112462861349754601234802862545682689192354300060351996542526220227975760388606491710100948937035445386340020897058802374123569856889430000
41884097472672016165885875232312498886398865648843874442084224921062972239087982275287112878712191295580990400729648163199534754547932524461942373534900064636938810614360423808962875744537064484899290942239869366062092730932391742480710877278433536145684012290000
-25188057771367280968043950012434249743531028242562255414896508630545757546598113664764067525434072699923674214013668347955724179862286588826508128343718612094192927840403275562417489269233734290363436069581844878005129458645609838760730578350358727806539678610736
14855716492753481402702669950622846729644009095802313212566560855822828647521004656722852680407241365550446795410707985939860007782671863353252431083629880857066528329311572732465513519850520035148189137447137243738375030429924895450563214452385487855652891732608
-8591567977765065845311824460880355844960222388226454779909045315032621580285740484589615239258576751896949999952432155717933087168555095678303856812105930782785220641650497725803244698137168822214558940872638965591763114015925103098160312806430502464447563120000
4871415930666958042305834944823989352597652102014430521914165489683886414369353915878020544799839983284047784766776785150352309400730866578118045203489491834036131262837389502933313268883219525250271372975506436936895860154467134436123711339705302753378347600000
-2707468652875022234866938210170992810491029443216946180927435947382407445239158778312596226020676471227473430613238062922620366665431064359002594900355415336595176665563571666157987846400929154570245634165020169078004208551569373943166456285115434193026906800000
1474741598882333539767317976111506083918481139580822317733740110931356218641492812105371291275343979940025833940149467334790562985721532811056719548785429292525005412324320974892993788172261206846527672976824251279427190331456869194757402413259815073712002908000
-787097873655325823715683457241767466148814613104628803285837432339764505543349648314442095822201103666525357071715391166399598484153728514790381732050814283948801346127630841110363815237188030041833509229395580370928687353739021016383546433074662005945276004000
411542799489317033223908733867922781078262054384719903936234601336545044772552668086546229368330590645014389958275815661924642937617725864455812992539017880471193098586425360562458219374808589723095383956519644784256511495504105601594837541965248807997643180000
-210758380315078701415657789703865110888198356335942349885061146647085055517564805173865244884342159039384499795710803972753302327240832403084757830525887679550574797269565560357467615623341211745592493013730390326090734295447575712637344226843944609871809300000
105692756484133893508982918542227931030621988656469402997308982091614961386312998904886200965605431075493754311358244880603124039528828469549348898149066465761526103451192568257027996884706721541927756861477966027446414659569821742024837572993749647640534400000
-51891922878803022951612555352976394725394574153663814369094304670132509019695611983108117061340461506428013889598712805091683392703849190977636007501220333494661735666729558996885435367992851318812397856311231852367320039507355140045657095394493594315258496000
24937254933248437896498439114563011930483274497924314333468127145258553774587939701599269713032065882129595212141745353593621825033044452038594994655704054831631907496550020845146128092389151054328790343487235337337456796334235364136567669638695708901953408000
-11727040146649567700480363232558344366536799495891637821351332479107310765684466781695148810041363522008156837430471491355351423383250699288749130352301188115714187824046243822757776246630331387893815561133169770080569012686891996137259754075621632948283520000
5395252845246762917755722667756877182521270601408479206003651227367078737684693918661830615730835648146113822776171779877027998605141380749164096429444123004625450995437942036511824141244857322555314450868559008804428452017406907945093463246596758214054050000
-2427770113898409869829304306968387772544592533766775709093943129011110022609928659200291903006573151234724150829095245544454008831036847172517501420095526572752221893434515577617891149536110352529260700985297748205802546810624918539055418747343134827873150000
1068218850115300342724893895066090619919620714857381312001334976764888409948368610048128437322892186543278626364801908039559763885656212755907700624842031692010977633111186854151872105795888555112874708433531009210553120596674964157184384248830979324264186000
-459462396260667497822047570765487165353885113511300049917037161331438345739297243582184693999972864166292762344388704627069652932856912851860820961710670874436010891827077606414350771830796150764353698058295248621012698379715546810939016160592940091964838000
193131125468923849713151915652972649726534557002310398163663584421546611832618845116174463231364086269937284228078569781316573948132761266310422021811203370001250590672293833433692199080687441867545934256067058906186609940056825831582547607380031113905280000
-79311789635370363331397812279066159956539689537635302534216585735205136928315733259219451609474086610754219099359456460067278763193752966764597472060874032421974508429355252800904127929150435800537361089793057132146081298986632281010177356733136051913600000
31810601174036509740997956361824536459036951697102372486651633512287608022477322419253782548906099711018872550055458796770008100356344900872264625403840771854377947362544401685660422822062419690094743327559647654417607784641452264311870385062061648476800000
-12457035075093251542240383278995902073973229266136762447257696276532598607273825575705253151211387211167045764244067570642058098845663635470564851124820335122382603483690326515893381779408965246983496212121864204710113825829314009945236780839184130059648000
4761244414202004287419489080156760964358285035431746494176471568075735735029970220955276633580247157226557119167792809597119722586554782512763373521594039702546893552111733637283573422991775796555233303866154452238544236205397045802662633728344116912864000
-1775568649516205047497013834095802604298493195031428776269258604358413846702840644586423435948964734176417331961869474449288091628798870532001849833835957056709406788385714360195027125909084841996671536132108409645125924225153168289841029106937837701920000
645814010397880985475356367295329310828806474928101768766013388144416549350274231117308645794688988265148865167879645339309100486579472976258499049962855422410182415936878674770273593158680244093649955149172352951866665380753652265234282691704114204000000
-229015800400935346165313843383897553060990947244948159139035608598812517354970793940918289478070994675339363904400268410779705067348564689056310280432796114771311429765291938862451020949537922154125619714479828029138699707677017458023092182135496612000000
79147860618563255634732464273474994337878471367854083798450706331749605997877906385981360843621335759797284165360732762765466071275663956537860832917574337264965230126884894070863072840160305896465814173324228566870334618973177233492780658146027629107200
-26647025887661670253377383889071950114108089448611528770147591033623891918999456722239152435546865980299296463571024949643326360328490609002928985182114656677003944929530247169937818686807097170670265556990639661540665300411020023545328290145012535961600
8735867659763650065523264092400018731764307207068601269981721984840076842880616595707980547156388895343942856242858273697814330224791338199942729013477788634735515475121205104832472026835798927711952766918338295250930797797130594096808428087977224960000
-2787496248655100574774848016935796585814412308499980113105627395417552212878777278603026828839726091005247916583717643455189260355033409061936435931660641310269983616461084463898607631345017695294814847203136079898223678740286254659848194630562284800000
865301380512222183270654863983013032957971133853958508102214321326812866636365592197927130212885886629572284355021768475615364234171555132972996818813630517540526423877202985417278996364545832351731824971472124525193049858264067625538056262568936400000
-261185675500163253792601106431378908384056667212956742262854887702613044689949040186246663684467861442319378365005710690962685432209654357202351815914731860274339601784982344827001095822844207757100541933608877017392052103952666002230401309289687344000
76618481509659578102174026992365285312201167659933100479261160829332469472676323591736333868223367274313604649173147734411583615830821328160474600362529953629112309174141303000000705925732460791490854861723788221557145619114142314379775547477136272000
-21831418062174749545712776739063223345172493687015283062637889782084939550432605863787193986473474818318410305186738134172490721420245379449644509678996508235735244542345963268204638326513228093194483838678313114090517094094476247521659352645635440000
6038712366666653610215711562162875069334270475072535709685636573219649327493586374871141531087282628106289914067507259241505276290976964462374261405558150363738539559697652177408602944085291629758636109872226936601188739132221461618404678417750400000
-1620531068705812312968623887027778803128915830194317010601848178335030788516753738265448198605475882950193928301460379589081489452390556869109201830674338211477389209770875270909821150137696792338847865473299094024279794543258978341747395556163200000
421641611258273996602158914372971708568526653675116571624231132685630695484629661514976761268796243260006753207593291688297539669797851029710785458628315844326541517181175497126214027451019465095115005497339964068502518030797580587482329640856448000
-106294262955412938856612739830607305239052381556852879580583613778535511915734173930373738588487079325159424152570250837313085160086030972151219299198046186786882495150263150157964419633153168571604813629321867473271542861890772505087640157080704000
25944605603022388922102222000074268290597104965799889246740083244760886784165885648685897732396994213981220392269365958811625815701472056812057965040943226064845579437564230437964688224068450908749695634375899605162432799130144176537663647808160000
-6126718151924822828780888913551411129060866431052480251133846684844625501451252584821201033377950791989869589106266078628004401864401555944706601284306479958050020723780465975791455073174408351355267569346287472215015798955545994388008946626400000
1398638607687166946227029977546910236651608398212191422497065004487837547026905687646107274729917201773986619250312760129813816758934948894513531803594164579656272733689507973783054797223108271859957426780460043253433968953014617648639958727200000
-308398227236961709412962346976556805922907937964066879645384582848973521707247866364416034908701017461456822802495267108895908257684431815198403248484119192121940953795845250273615075922845914638689932381251552394476007122428892109192175933408000
65622952374729234113189231979629456539916959079679669310858953056150750973758238508563450466071935777730277308398287889859600411184894319914032929656611166021140456119353067194898385006495653683733412947012027171905806354524205851787727870464000
-13462340785608804558144632917633385212017117410140377383030553764616502615450706911741937240474807750678279878520342573311065514400348261053725172355890089338393361491312118542555207106339080901294313884133118452256846003030346641270228682240000
2659878652905975980694293794690825486888394504317518493265203751997920595078370358140539397815421253693999762398999689636041780168100137018446945766293698676685053623238955425816354554652256995449748738232068615522445543496561903134559244800000
-505596768734193781454287250230487489243248542142999383017352779305389865180186101134152116940121395330264417646090850096107115238564488854746113658055827021188068044086743593336993014520676949548299346936674199644762376036536560099957542400000
92350409789105082893759655549912480457087116525807231054263343595000117561818367535284972609844048615793610035668781837867065267794044917374719822854259654338883053677719259470460130308542399065931552588901896778863627747923631055757869854000
-16188948593478373776554775848429936961950724331146398176775834622688901733476239291057467030129880825565357266275416643252615948332836767330864065374137402939832150295325578981327057518494592971030188317401179739294200444587538433828809922000
2719913241178901963539062876428855965020462345671176422972059711500720151587092400468935184453363334568000111671210195646971276377821230728980865117255059210793141257518725992966295107945062011065794920037118080499449980177413289584679110000
-437333288163176877362648733833297154321600473968254123928690025404485622816987367058693054847694983536487475901087435247897930213439706557895254553786134423420668698011833991814448527598063963381501881390818044842548796762895340056772250000
67189750719171207496044798613620413283977027550678274183831663710977215028124259410937753282499092120832095062992856992818337700830242982831644046672218183022105478981241985024990720289414490944757490693788231855096660133668419871548000000
-9846439303025336055207360357303956234060879616160463962996736781843468037115601528254726466838375829002224847148557949271811117360012602426045142707117304189341261151722079869366450739501509162924508387684241807195656352275062449152108800
1373809721717600239250769123584845713412762269453379499071432995231048816801066463368597651871348533934707648326233743006910452484232252519603648764171923919977720467064388952378389585281045371183000963270935465364684335047749501261126400
-182118534778656710446928824984945038180717159699442194347067331663067240675168729888522961173080880476993901701356632037360825070504654298323015470378821662651705221414562124399963268817241516674793916097274922813683850492400089595680000
22886698674593236217676213133890326779105591901550959878535380020120734439398806775104387595367838192007710728382860510346504637801373123450765626482763876404028987521609904092499845649995401783194654833759266772391858070505365215400000
-2719779058317022177067554157308517783091760318452804361726153612760534428672932174944501045252875552367357869007018918382009489528358593203566100215701922027559102987689213850036728361673403360438584687194736269004134019095449162200000
304795074634535708438314333662012406105159255522479563181873082553990469857892233820226728707677623885135311601117161431901228743839194411903771230784446799121499475314592890962793690779267351797910812879013419898314523131688352392000
-32112243832261896865704606141424495976413626075847989684361780121765153600000456868656521293824653047216773320905207093842114286928157109706969006461650308068194598840429949894428926102035241023751923705172934765895204867690863096000
3169738105086092302029196135312622625048811980196927418401220856844288641021964097936773766845806949064799805227978055423521224431869187777723751545060561690575167253809314258703972964056316431434360301860588712557517681815907520000
-291993567833188439477569808747652518418180472163258876705250034292530444571051801895807014476908602157986184476402491105080479646958163146474836296050948585244932621789917351158916428390870801856829716955747763067347014760251200000
24991525204124235542076056275974275214751220447262323449941978265849265703004792252332150437677250290476998900827306331092083076384565076934828578962085921796394785335169160501141436213883918535345567584831650845916215146929600000
-1977275582868514924286863922248835728507695133448359722985384941167080687698637116582376152694464738954290694947165541668671023704331060976648188483888268207887630198181928947111916347899980509470557314196660528945333698281024000
143756005387124171791264341285948515975687018630811867615008854140973978569926423016830919264776135357646134709168923310094704529524069484271615744364325622257136379204553507634412285497830215612017559833175574170770434696452000
-9537827229190893945065790942859601369007402419526168430461584727806346173026051100492396487246415658497157014974049583438822201744876362070517699669673886040270871604982967887586371027535248832309453401394552662934033278780000
572717121181414625390841758587031838795829808112019147027121522642340383275784378605247014307188223602906910846276217065144080249027098524244174046199037658312543146337515840734239918498055101271338979146096348759912715700000
-30813428009368928470789277793820257909995698815330656590777076204502141382290223831294909454854593908308955106225370907960997974084236564034438685076258036749997426700123218935266882606951511831263989245310376035559561100000
1467103008335351057986368382155594286648930158127854099270216500255880503184475709060961778888578588852357170455574753264855820496190640557487461268682735590588112772988565718163571988483227691343226615970487108129064224000
-60851195029294537823619118404007802173250919347534337688704553458725945484290007351166731104648347830126320147807784891739833870134651915693552908031895440814978095339082502375305576151345509200543355912192527777594592000
2153858857608147691510064209437025931032273230214357905263472960219601025144152306981894144978319483060796188672790170067738040955827937920824433494511534531770538923974911595309369423639499402296856241890471127861920000
-63252406336102731635349827398489783948155139528517935236893633414297797192267220466153084776751981011101248900241311337827222768594595156069736399999467499148035359266405320587458213488210443224639719128352793026400000
1479538439176010353287658212539039024206441203141374093561735881648663995979208915717209798050039577463563555941285405819917460649927658464043320335303931497107912000147122831480566648656085272831621337101816278200000
-25842977652148082541357205829604386736611562792110201558620868707814093237897713386062416888435473905034645098104871738707064908138622994721664045176197215563850863669866568927940332388624249378004123166012821192000
299626223572300599480468790232641324387858341035859532254383422152811331937268420093008742700628468877911786195408817312016823920749179029316630147219767910743969049866139844899438515782438923257289944154714456000
-1729440701133211941291147748188970263431816118561921242737639864098230827399958075929881289413057046152270107764445581574896333537531907294098098583309708559717782637983599167878728072393218543994356827043880000
