398
-63044394
2496558002400
-43938033865572000
434953581743763621000
-2755500532919821541214360
12121753011040174939973215680
-39174289756393202094274664673600
96919641250426556556366412569028500
-189439609403596095230538265890941965500
299890479270268762593751296435996769065120
-392293923391206202889477160775032037999457760
431141918860363150481171218501781738429126285400
-403678943969642385304071761891298422368833122901000
325843052895659094358094822986217044929226279122048000
-229073458951033155050973693356163670888267038245539691520
141513708539796841425786670534728797748584592048654730994160
-77423667909238676754457645022832677702482535542467276093915600
37775103157692746979458841127189474355581602526398848780636352000
-16537647169948018866688680410704726026535133540386851129745459776000
6532536008601166932530695649032473827741643099788210064760754066117760
-2339906996659106875653846432671466356579485643927086227800006790354103680
763467175438855697940610389767516460807918125803647638624332794075867878400
-227849490212494032726604660273245106332797871665880663417422570632755465600000
62432342606349840620094722780565501115091705710560092614314183121226613931800000
-15760820134539634405116680424951750720700886776490337364150203997894422271272755520
3677400352338265466642372440927203753956670812843591615048348189615224017756374530560
-795382853984823055490858812926195955974098862023475045134085460627682368998266603712000
159908476333020165824578017976309957373262069683852215068921620285886855869268854690160000
-29959166773435976679926261886327379088707837676096083903572529437699394377324148099340880000
5242987337203622301105673280160119462208710294817597332386986307283783791117847358042873292800
-858971545610145583717981808791102693536447424502567093447455031402373331347520542759983454566400
132016544773559289028843727605023185457779390300990243326914524259868666882297639667545113359043000
-19070874876999522087761754828451994876299875835812929411362312565602607282450553888245968326976905000
2594166896763339834996851577218355787464016328226567062351125368785362275043931399497320092976180240000
-332855966258257136265281742086207301483923773432100885137377579053317924105412321176807571341961660361600
40350567242980140558924293160246803025876771756458723659076478927398666991013209070560095616043913993896800
-4628525439738047021673247900963737555272869870544554908548630290989079379790912553977651289310048235231252000
503111740319448656871075478210019561409715827479690677594039480937427908207743514177515336821402472993003680000
-51893280181812007650167609630521038035924029035171803138057656731036490810884566557995488880047392617068636640000
5085671191018031279735551162815138030115644655519424637037495503783403690693714734099952898966844594954269062311600
-474147320684068361840567986252157571382399867547275899696863419297707541116353988264334871020095648694240279745782800
42103421945551285826931161772413810647017639032089170594397214285029993900490753243608511449312801820558842074478128000
-3564900607185387535227262320865464643506677381648848081344432602700308650671352014090389675471695883730443223888546960000
288116150932377694660092603729947067066220452764376013218905310164933829521304290775152423420302330338602784274479940980000
-22249538551434218031234874705523650568270858361896472380819354813966512260104712931914844850391831168405118420769826513832800
1643353440986082735191699479195123015129449863735385574410914614917390485872989307515646158779791356166209427100791420696550400
-116198999870901400101071751993156287617992042311520393750616934484844638723825968713176257026079452637564998400184751451198592000
7872683975628345727333897780439104382451630991678964177287892132415038239925882689291151788963108748578079969734739453789974050000
-511521165451873726989283654911220991659975755766302977321717216298685218885113484871923178897797523575354522914839049983172562150000
31899278311443568613014911574111598993502744090795879750546000355932088146025893098188924513152890046196828616206026899430614051773440
-1910804789987636416998678303722148965007577100183879451278092461920525616845548720637112266790757296373550360972990237989999216112440320
110026740311048443094191646408853030270591625184404597102070634734107188810226307619526028084068384262337940533836752978935975572746656000
-6094557016268274298056514497324844159826523289628847734459480388555859039845910407283785097807269579671937293471815443131912822798688480000
324976159583512151596780290178342033169789593023940424052001264285244653768025005969732914021898742251039158397580809198112092246681232640000
-16692387008240176728249958581031605544426028818005566660752365105248604647213870215725993536465654437098913518233953240460647530974242395494400
826464778697524158240406431428448765839266786515972042181663974860248834937373469596729452940034831996005773006744085376225708175799957992227200
-39467572403451634586577488417445665824497210914707800001445390587701418277841853085651141357621146309122891877765890602200153817179514460536784000
1818981101495583063704807908513904883897160398399612756309183518643646816229667331272102543426154139050657894390256741666204473191293674780506240000
-80954326109451368853300762887302409172076926285913015525908543021783882709206765861151376712212030360282985628446350241066761160647742021838657920000
3481125971957641584435103138334989485965054582434577348742429470540064494143345606213799366821464207748124252007224667421694137420253626652419889068800
-144711370255394752272285691681556350082647819934084312828681864496519429225362840205850343310412402055120425604201433278900810066803840830818668557062400
5818571640653957573154130204552900486153498191730507645889976320650895676657669246154065833001389402091418569559150241307728721104370873780263634802176000
-226402396403223466316467144908069333983148272421239845878815442952814581462491093481935791614907929531869041771193592218785357783762538647582518125642240000
8529223873092921543056985399529873727605381743353681186002991545694070419021991126223278352664358591358312523835288288109455807836140091218545704817285832500
-311249043202270662860824367316950627561768083268290464278521948762974220860211022449699132103062282427700181446722109579272848993223252810410451650419955590300
11007183794128418519831100123150048272413969166968229899260272994269663171504542604759240565246220955790256554523564631879665712054190920325553089036706455182400
-377404921736082765979016211952470412084784153337918267976084855850526889517068762533196371485825818313757482198595333106651536660909065605236690509931983526264000
12551325446491091641923251097329346879411355341761477346315382597900956978792135446011016004993575765633569552876295485540846303571495698264121597451846978085830000
-405045850782447131514390688583695199032429924128178673371126723060133739359915997969222964094775879302507567068383252947900073224035982686073185170614182998118290000
12689011893573217239996944542928887312709004708851416138196211529923014189123376602503592220490709505398392158217367930717235273506616221682240452332644805498602038400
-386039462613384113385766991854235854976986925047327858203171114632728273177252213031096689885164983510496650775776670890416058966632648999375806881787622556175779491200
11409908653862406221637194925136191685874601978347140129994189464511309030906362669873579248496330781920967753060281927822057977404987361050223983492959013899933050471000
-327748502006002595679698557546485746353022086289264116231724629814236935617562669486000777531164540146847839894858820810914153666967243440188222231785457131306483711925000
9153017332865954154876724070209819616193382325062925998372020487259245085851465288377488478138409568220808338100980596963381974430600183495453697856553394480722779601400000
-248602459572964908413850849195126405536428223687251337085382918759640925328231291607648766613601435630792333704307504821949961719383584966089230311969132632065839207950629440
6569199480557909979464893942339638681477487348500311128231964010465109963815319524842835171520214667149683571437161676932925685129168595256971441145295148089845032311476570320
-168938892021937480876861140809282578505360074795511037152499361190026588249745462059438571897039084394273571016171568003094593327723053054782715548765201164614457969588866598000
4229581201969348633656063275488152918792972812763353250997485650306517081229656275623550833556376287793515834514012695304301192583625154718031432016422656376409309324092071040000
-103122218303999678920526767535347510428183804215431841168327256690849312390826500219148592450959603441679979158332913596473062388575893994129116614310995138952662992257942926720000
2449217136106432374161836058194212964863382964994140872648502550943102950102373646767416038580572431492050554997380655987233027392670342294312850287770078922087591480496305723929200
-56682895533883403595466494830724566258764008467246659430813377967208288561559933187944635504677619221924620091825525216745835174269965368845503143765565019626054893030483241889739600
1278652824892836802105942584164827812333332064888752721961001363781402916272666666559702902044839572216169895230234334455087489475500943953968756223432614838917312042662655878916672000
-28122381007931219055172287797900114092855974424679832873845423375430289281325749743619303992353588007596600620671934269845054575102413343473011481955783515360510456400643388807382720000
603212318705835337522989712816976540210539401534359884607533607854963636926033102635670977981112647076775837689548739777849960293735835417793840953946134280439701892761419445751099760000
-12621873374343180690849558725807293615569430613780345051222466892997307635548893899426727028402301574037355621601147256868592269515112783754554336550397596454338227328135450572900416694400
257707389739428749292024089246445077650068763943448126757031135827168392567464490260225959316519031380777852583389135338725308468758538568037823317171773965032004736664018134141772055731200
-5135591773199462993719441604107219353593357380025102153441246052647766480765425602906748919739351050114893300887237446005632435313144955068038721105245676577566710854104528374061855995008000
99913256269399676476468371910484719500564982292688777174258539552158122158073220730104699412181124639761082736527788431715984336812812361899627288444771905110563101404879680376570147754120000
-1898150049638691013155963894736204020275662192949209096769845702238026852255186526338637227830230044080945210635135864987996019562757535999967379528725490543713277009053214107070749342820760000
35222166056900470869307900893139556674507793857905916553196899806072146666835006870963275295283320561178072708555982845821697990661815887770258890455006929713861776243053616438168136941152038400
-638528829242853446239960150438448214786515340819998781634534257889985373030463921807706771785269645285078590656508853129246560494158167675369469316722256407370374524204315669671188892889333107200
11311556315769546990692299734964665090393444022040479361800811274577552792082674909717338535146896339088455090150866899598207618205821793625342418401386475156086242457371820830635404371435090512000
-195856413003592150490360197341846851729895965952210889909409237186306095314873509203921844413333733525285188117186157075885025073929106567737675322892777383165648657556216560121610010595937331440000
3315284289284888044878021049799156849200665440871466543907935806641175878684359554618852696379979612484139318278779893789720623614466796188704008906114410100194628611743797924883314402989266046720000
-54873556991588619529732288797556592906010659600214825580323938267063956961993456610460897167040994408118365343508682742871432358438275406966472703200716284360883482259687178971871980299626988675123200
888289520449340600086990093438571287159496341627262304543985210740748438720256055208489618766982625190794562594116033099338460361402933096192939414616803497312444113645639198834162000536105814503502600
-14066393569917047795723359440097771169128404444760755347596033210151749774378207136336370575851480097810865751271157227296836422738572644985361569569649339683501712266195346203666273490262204892331743000
217938292711751011245693032557949640771168948498583964569168028078985877387284175540072047239348213093945941669007517224257523917482258389610766508950835250406607120492489328936437056991984182421799600000
-3304385686342652333858149343659727626519540787035514017638207986595402340310436724597625388828574891378394936214623414149203226885992862307043029846915719897579128448785367997953408425689197577841718800000
49038405339599497695388479519647821868600593095921842227358061804270408891143005167718599820371582818011932211399497315339835568278888473781441380140168049568033297831354375236827762400597967734202243679520
-712443759096624287515896366067088142769553347573267795669164477362835742465843230553024178921530211584925241596514037900726365133382620182318493957544684388798278486275876136969276038727166024126259692190560
10134724754546366258396065184345352280843319438758519200214950273904237782097731461154130957361252529274215278381783699472078242958537849575464927500635648744919763165016307984568709508998517067540026378720000
-141187825911790008592670982554465203162148967522981934696556562892984901781990217862312638782468311581118168259820503521865944379117457015553382878683801084574928494389064496048575023271037405033186746973600000
1926555921844421578048735666905363387971083748038263477995135910156236657193081756089404376167430951334510744926995975756763221063719235023251911270264870050873201426580367126739745796461341395528658063271050000
-25753640381452064195124228013863542018665791537608275113237653995729342612286548401877580730628553848229374972933853960186485873664387949069554959736994674215659097782130424196986575577022769481325904463203998000
337318596267135758585621430076919700231666714934739643277408246995683151794676642506899234688958972297634447847697527555422281332808886230746552537786937719381462985261709707032940579789897377983959657177003024000
-4329692926407278836837278125334416503410305012947389665283564410625436070572688094995316362452263584068378922478678501345714154359588599531780909091665598091685115992587522927506837531926314017087325654681324080000
54470090879715714722008075455381711051991440123448213261634965844922538494156057189610144292373556097924719057314924836031386746461422419006646999323646250340695637924579313647321102489271889477657250220159250300000
-671754997556483938070262540185918226451556416228263828948282139592255290613519734668230550639798885627154583825852599255098634816241646081988968797399092630138014220656774242365661972900899340285731274640888294900000
8122350674587093064085263692509138859732934704120653820698303318256637854373586054619901031471498856429357374550209808381648815550034527965232569498733623814852234094129644525212050353991171659600299868186819925376000
-96302033406030867306287442252480523662557122017860358095046688064352278847533201170119227528646292301255564755005137524374353049427456695783221284805089194687530144726299883221861208656934691141091681328166156574848000
1119787515354246038368549611523183129896411178055254450872409910799300334239572123937626795864823676264440104844152531832369510187299811355782896731638258126365046788088177691863893167625996018003797244780477965402370000
-12771576066928938977038430783473942761568160538497688303923832513059448991853714955725293947511441467050805440439983865095710988810980345117036742541478402555656166417356234486224299590195937824573812494604503758428550000
142896993901200612401754704783270165364273860232523227215832305175357676131691673151900857365323459590714336525353737600479927936367115267988464039663842071315239446476987945842790316621361259402556858049819304594150400000
-1568668633465588182069893859034433220220787505081095622228152607414234560538590957770874447745957999237831127592765994034032170727700675046600924069138520081018914752369197201475270727922314274389701481649505997858159616000
16897694789207050818569186614099511474774279673490981588193093351625926804469952597129363068659417365749490657128139514212611108995151415476717504605639878768098220535553685787710875555208353852871466287316631642207529728000
-178636123998838363591879599741355161302648833585305530026690299100047190993415822199837517457889369865179161403046147256868874033036258097064297879977001611215233690174786444500590207902109498708327433981227726503182311680000
1853587129801218527129759018287201501365031849784899668073557484485407796231594225181881967991658730114987448973865796873916613063277691027280218162817954092816501260877129093755046914514276096910309369549539063859507353600000
-18880514678618541346570004242271082985763455201505775215163770371769555592954865180630619356614704484709846381070356905478734130222891320305626757182356482749108861759247209368724612110040443969114734439088635208550732236800000
188810391373596140838296311868333682936241708530391503755864138098354380806102250379967479849301660042788660990253866376149974283931752895089685801478337704291852258942960773467626322381546117592249876261563876706398586460288000
-1853968191724766204175670560967642596814624461679849310460644497331720568801835791365020477124182402344882608424415449206642220680341547124976333575434073040236975363869740432759125946625108565221953347516645557471619423897984000
17877016586692988821774539029163938826581221629957805229596324795555531848591740982041637925078114645561512494025269099041742240798348484505281066564518823080812328958786962302444890880115263456104188688228229670003145640811520000
-169299329199447284912403138304148544872656786901461071073462451919044142085199397792452619057146333256846169778668149260704978488359004502445247194925734310060373219087196908181822443046368852645470793463275801835527840021632000000
1574827292972069866444536684792257939389070949332867720700779628842159570379936229673446487936103391848347682824099118916500498389243736730992378758834412519466380123543418274156458141521594969834573143045357140018982563905696000000
-14390545028048586461509408212349042964994058308787041298811943336093100883153722555938881030465849995821774963580291078385857578209141215149719094195687589447480978410201965937010235967251955724672673202615875014065299935481047627776
129192214774358083345049945432708767681700248339304574340959225233476787772369221998794207326167590589851722222799932402379661684743794350772182102388697452051560146815902355824527268325805413550399771115043804107123902066278833225728
-1139613265361882094855042531244258163674989325592073799637917649581059580898619322951109544753580132132875800065029473776958668621546490250859458653193126045671505976082367640581227422720191283581321063636484421187987672297093496012800
9878410397137115180133858660114107934882933595006489320347721227630742289991572036469517672479458640473084785475798697863993537453126986415225849482817856506730180586133902118856562413007908086805372159280610198798706617409254046859000
-84153181487251298556656222897287199277255532433682167268821224949979984331234614903312795733652154032172701066246358440315685106061393003736654173441061702539726614412120687823776387077413621423579711160152463410390063469971040288737000
704616082436213476388229713896906973167382654526376414035933645877039509041835677353749931804420970660861887081545840517066905635982920449748610186899644683797720405075309219515719164319664916326758783905693146888984351553537401480321920
-5799317599879849661762294125047539864289996403080763582989183377694230602855078175891597320543781315718904231516740233794771921959276011484403178639255667739271687149586381917840377712604302300375292285717138695066768647892097383444152960
46923082830065496172821867868985432166414353357801081837110598748125150963642614855211053159450315076334430587650943420591537279489137517164322780335299818519428515515879713198871467511647987735704126861822900208362778006188469301994759200
-373270484506341019501307543512029232138447381578550468127594431728330070543782607798689770214938723837774854437294505253464761619272654515675147268634841650910813701216406458408004892922242444130793499426842071503180977281972438115789052000
2919642069945788789648008569346039295799769316548466036287835973901787800608887263316461397145673528935609420584157867778938451765627410415323183536713423935571506054156931068750694542277963176279888917771280644825059138856007183586898016000
-22456653263260945226011972194368090120489210591190530617327438078769751006943934578021302726501145109062540080552354773519002097670995048812597451028419810911631174055729187395687440891192460910163980719026630974536733334743277420467916432640
169867292644696816862071961817130771657515380373717817777305752958721795192447664302649460524401071037993180016755993277113783817093078248771241575393823470211099389045683345056003378038762695773098086853242749047658157839384864691978008880720
-1263755096619012202170356352940223522851359163433538680022062380222234422275956609563666546983043505481921130142241095489892013602205337592155805710486256074533905013021151573706379225981279185053894792357214090429418022798364621517627431938800
9247894888932238001179419310320812336933701586646605253511584399693897767715674916445734613923384946647790836831690772288980834677763907101598040527901945313329395222360201812209672806802723547002246285596584522277026657066797608417168605072000
-66571345418837661503961346510912972530290876133511194993745235394784244253775643828167388194622749781823647479895556528247415839215746467129628915208435705191956538259485738245823607628411738475633425813344535226533600669987133780419494907056000
471447399465119528948767894954120624443596671981422852546521104782532257112299717649231946477878375546747426775480756548308893272780738399156174078907740286911445680437227469973127552717044027927133777377320146305294383030453781492721814850969440
-3284860324737525904560644590952650835461010099737570434248867913977703126199240168398197118955542790395960655863383171839514753927136775075011855637670987765395814596408936211613477590917111306300002627817439697532734461069742426121236555434879520
22520288201334833418293171407126287021133209491555333110025962131932041269876163503241756086312945613188732447260171080891416364951764916999089412981136547742923894555027342883031498818110566702187679194082665333610653238359511653788917944024883200
-151928522608203185692240914542036624089218637361607705960860267294766724699778284321468847419790816766954451795284703480090730335318144120720298301521477453365693475149826254947851260181546443806557840638646099862988785148314657450166275855442944000
1008665887848481682478753000731727332422576744227324925936521570116509715276286499130399946305351184542490618718810501480378600684923720332336131682767108316451981545955164007820254016525517738520505632959159494402871338435483326670982391226230672000
-6590702069285924616278174006540973564845715602625715624267938015744874586204088607088476300760182657848409926704944964702636470082955328206230936240041026083512807267623042864701007207432061897750703607624084289254319220115494122936165989263654862720
42386290358147346303074794436511962096902301582508636869001833679040784728539411661125212944202097963929574968668019108704964740604812349086873080656537069982013685621312990253149356166843990497225016708668158521547012255920100315494141637088380456960
-268324891922012413231945786706587711372379580035136701397339341854060074364410607533140057601097968021460789848625187374487280840901258979746346571725252833920568380053103359788956739175502044521629698767284962050766974017705128541719704995395668684800
1672130558224739518177529213177922872641061572077983918039482293785573418131028484672827696427587318979610930165145091153100522040861114441899940971534743052874250542241079648063942425924763927921952788610956780493503102329106557977754735750160188800000
-10258510806805287896686365993535094321081505756575723777700626406940068297360500549429897335098719679608123396301214217842698545269645798402328618537270690871160377757977648362922983209685627731847832785333009610988541193934115603632454766604165046400000
61963229008358482058278394843795264827211598148518540634872263609279246305976954074209811885744728859442773424485342980519737915392264114936447492163966043206852443503119747693986004894627357834179905193684326140968297885352090977602894782247664287375360
-368510141801694453863809709047987776692442188664249798943492985492263218140844388549847512001343908930617885385750009393772993313492267478519674105517753052803772286143307185936914355586428384912429177842163750611540024479075461288359516738613658188718080
2158042857763558674159169565191860551700460012390624904650908974078220802218500942295462620056346558098710175410836923085936893841564395336033236949296744634883586838434446946730631592401478552573219691916757074867614495845693815456849143643283758350656000
-12444999597752642283656589151739724686095245391630245162260218589247273151159235110648723841022961408455524803690287087529841128802682111512145192958704517150929548688729042914003230031878234747516843620415336892723038953679757213789454916746767950726080000
70677690412468708209695508503521674756316259542414170197946716197863751314864861636998453225657810178025709426523755576202531706703307818997630787199443160989391088454525945859388895536077571330475148994202264100484089669135568376238577493118092500733440000
-395321430174282311779840696657429308307139339898025963664094975065670469841424567821777945723649151879830043996954661834527367667641365303187622374737730386289006662869125580796621036139128739139143394243159460876543246020760397204185798332891411119919206400
2177841613272751519382794317861120665110188897988516802125159644851426222497538994030659337084080970341266203919449276907931259387957863390358241146299229019929098671825194295128262207145821490750603081007228081886768569506546060666123504721157367933322163200
-11817810255316519107267867012272879003684259647468622048287992547247454841582146462192009397203994084465741454227187230022327299259049211642556150128737611163155365039148803722052850481430863462832038423470396044170746481169543119169027115663045306013286784000
63169708398871827819012344741134953302821166774483773679039806341319515064121199483852817415594494897897313717836719434953507242954956209004273861287403734722458416552796681968864459551439449626674699856909535656711440892776151010331476458663546131806320640000
-332634828178593185979604460621577801057373608026565539475290381692792128629445292468214810047711164285146319135302306132641736668007303327054940438913138221488779391114194560885295021908400532124987780113578106689940949565643746329194143451867697152187525120000
1725595145368355057454507452671406964516540806264062886893611869153498666035345805505812485686571619598616084626745604048412234236642262150242355861305484701820150713184745877492606253497000947981518638679829175033238979145146565918058555741478033304652815860800
-8819567981321545583763956284567185250570767934735613728032343708231278259803276044551774836665794833505013492519776932261324718505191806506329155185885364366777478759880200921563711055979444334378902581236056039347579170328554164288497806423295177126666371038400
44413736641192480732748226740146288778975487359192909247704410321591439369593086497788544521176323929127518029698739497319641624662633331347220741859724499112685245881183026741116447689309684622447636226800684581625364393789884101218102046063964738952150114176000
-220380329334623459573256896092709021083828272648545191413719407382551372249249296489741908500481036741937082293098472717420111919432355950098266645454355803399482833028934635493059086947952210177288724527090528503842068382524346813357239009478820857381034675840000
1077549685832007061331048032843544688603959268272787069915058440885803311338276192845515277479225913885286355525014647163982899996308382892828779372784481818614633715272499109325595419629361215645258982194698885428437787360537321561978873723175965694246918060320000
-5191988622139829358984225891657790586092884218650355740840677730650460700754590732829452656912667627458511619152099041334219020702139113296543120269696805894730910418208674404489340001893846644889969808092503400977669072843633620024933945863452709047038253966380800
24653844071336637827129045923633277057957675796268026853589817088842774051833963137221230267517373120833623470126791093065027232574883825541663311113706185865646326259318066064690853555225941565922585623794741073128394645211343152599163773709575412737220984721766400
-115375110580175025494200130113055224469122093174725573695588761782434460015601480829518048992973213556083056660461046990260749014289180769858015240776125456210507019675674903812726406531618694233439214840602769233724853064640483759241272900631260891154161024811264000
532154616472760233093642748657792273291890380154683077653477360006991142461415843763699674670679313376236264032696254860832777305844867935803444729458475477943728876891275474005836295432473129794115539539033039216493104165068671193949436869479079606379275871950480000
-2419262346089864043471091888028210571795067491699328274631856757655115398992248779868003811430447606411212675704540450960929599934274541766343148839574133660678813366555578634198375480824852371830725254730810087566510770775008279606315490754657474644834015512120240000
10840974078478261352445684562879078958122782714360893040758615139908929572010110241800206421989227917670508178354353168209142799650113849720017409941875730297320036201467600534367696133866494171680492850818644622152713178492964437444161983207306629633376620930159846400
-47886622718049576658320233753809735490168358938989638788806983595501421644592930103677714923682317483330797436502969059382288958353259299318990756825091308518612490540342658863258258463752880773460808388573872142919561310272793872767699265996557785415540661714792115200
208516587971171797766522867501547124318668469392936900648124514155370914557073460517704273812491756970074138918682817544268065968600150856485681087554362573126273020261186496578046540538826598879029926197136499778626889128898773211531064746000425024243846269676160096000
-895090669237070958537005092126742183061276073549318998655745162087315922607504856159980506467301897047354572407289751879442673504490774208526775960558212154846400690903669856923536680000192030839098191325373778243813344275962106597328796259226990711006988188601178400000
3788022766151652390521515010041459321947257918870628374282049019947272246394978934141431573941156608035521424673048663258331050032480972314378344242119256406928247711854452748972747646157504443366097670040213088215857979105247482960184436751956528795742614038482355200000
-15805053421586677250888119721406943043235874926216164017547296056158122461129926962470464819155168986715784232597468902611797003823686078738251443229836945777008475571364901806073101109497461559800052054859375941196216055904960591842266355713575617730324750341983244574720
65018283426070090028608319985131842010377746322891055928073890813665974592486580997342664997911443493001644924826648609310952627945656948652437529309519057543667227050228780583170297268241300737416097405947202913053700270269154128915170363373886680531373395098729367564160
-263723654325636205764161073194504415189401261258941585497781278532561004862594793330055831804704800085326184328333057934443783880627991852596906988317760995798190586274947246723686218052340109521757814735891372535870885181284201887449177245546830410435196596832680085008000
1054761440353005302185156267996704945486710258386980107129113862379943521530993946811787495464341379460059780270368801333566351892222545371830578637786474983826117633277405476102307712144695703780998304612175063999039217591602514303041274477834059765507767729789080304640000
-4159758430989257794701254689081727381371903760199555796546806123152111457545675481444958125194612207256687806694691577757043941330074513929672213988533826609070244452227857687859801798624892581906878336060306407793470636138936628534540263001858409355165508368631988843520000
16177351893159581455664719007501665955629177820993358907039622183384526299277323869258966160710552980344805259097466591472177925412182378185012890475654823705224909936991326546329829192405276694154144995584655821222483766544770708082290472200190339888526997422256330933299200
-62042398703099700645098815367648478851778541221668099055498283019046489356860315707863138650534355120706399901370012971287166175713892449629119214860129392106332937310014994696758912402593821302268222571967977514296160919385385857439736937170675952340105538204711461416089600
234653777005323345514369628947560724264908092146195491174762253852981046571291521310261261023395242407985079689760754288215679824098431532711509939550688631900778601201505812571246122020195445379427693630483885490611732881916469635915053842795021232615880383597580361254912000
-875265805327718525633117805846234520933769128085102863032501028398731745721069019214407280621619537919718601016646200899174703491512304783918846907909291721278203558454599975434835597723214012349464312157780004062819570991806139465804561222274181888745937415781054997944320000
3219890285974618588449715160755458917570270479818743838166704220374682226667878786776819411237637943313596181457385722754915257870418080583279907392671504764347758057608799555188383271066601453511964826046407843396031779533538251954957067908548109814494595145932739776818560000
-11682768614230596397227090692401815425126621414562798862810903239792773242524193421860004606810186768816334849297200925229587196700968497552990960412404814905242958300534788019393374615566968645600066621873393121550791244724477621315255331944940707922691726241834381088255718400
41808885899834133389637288832376111809286528618747572020085914796862749150492407768922518509653012009296241907208574752885441428175323960719178657264973272164074464714782374699533325367213413518165482955280987848102681304973064092374815936450434130144890081007891983286355763200
-147578707742458356113983206469282660676006824903631975529735047983950168474678439559522750786096815389844765930289411324956803531322631847961675128242213842248063471991454214333749778852754945740935010683322621036648301835321289320320438248613324283063127545803687464810298368000
513836458091526858968616268337197946547911947505685573469024304122479281702521751137247332269609384955701021259093904415153469968440557809250898067040709467718613933433350939789249880761091659769111091407019062493490833631016236525538510945969773830742091324881218295030424320000
-1764760174352419854954977454394122663876640672317125030371498801899670382047268441386604923289731199421076352597335390256831364075423223137995238866738203287369410520293491037377580222317768486197302875817791205282297134524620389845263042422787989218581002491822807426701871360000
5978870591800508530205361844382791642181957362522816058574952616829287712075044860258928768366406776010950754240014060110013937725223320849567027544530449165053417846924518776604641870092863073015926064377261373153630713044298397773824131315142998154829111599997136828679935590400
-19981958804969529385933179796405885403079706902521019223969571774394266761309330733733981311519350164512572265266994716449473132021392038264898459453188946398147196188442699015925214515153974519649153080975544486143749278432608578486827651718324052630992291154476327775092343603200
65880188616427859200475224404708423174107735919390317829895338364254535106595487667589737646540305419782390221369100961297443697533636836228183560165488947081998975280580665104045968212126032528161839883402986025550978930683030778789307530106475297221430204723173092387823444052000
-214279960584802740514740685998347580060109606843505435224595820546088705759606333280540005491867988486502603754999420842599580959883158498032848646456275695554768875677702770025522545000943098363699635186815452010137959471312051169272156401783940901362784945991463824753597394940000
687590665317925852016266424876406646527242985420248283590285579118664066775856564396435736614993974745933320498559093854795041804739326322946940836837907939227291093045084709598318278102718038664769835855067714644498381587613290349948447877846821521303560749216099032517867206720000
-2176764673249351640759135725448966619389953539563552087582248197994100241799101574371559172596353969387000846503512035743494341549315328426825241051879303611209522011562767975193582011827142531924426773711957828302171483948331368284982096175866470162077615764099534133740127192051200
6798876499735610284032881544803483098900503574165750934111276467641506138405627855729244117073389214879411119592445911724031628847856300168625234884758795337927117011750140665543719242896584186811435852877717510993360891711588510458622234380202676536010229079101803978530049498121600
-20951625524643260891002408419458696725321593572427864231622513054899274050416683331339095317616841020214465017074868427752211153393784282477433970626471388812888596949683271223059112650524800582898649045966415669748022258863857041106416710574875392314260695887943009271362345582928000
63703544600996752836636238230779426835484490200831583930451065099071356667933594865208146154982334700784721712971235501174971163262398899890575688671446524499957166523881387863193710538275589977592056072829220177378947384363120071928498926143381970305577873427272898304927854134400000
-191110633802990258509908714692338280506453470602494751791353195297214070003800784595624438464947004102354165138913706503524913489787196699671727066014339573499871499571644163589581131614826769932776168218487660532136842153089360215785496778430145910916733620281818694914783562403200000
565706587120231464215180786360790544127152918330444714777584593399283368618250702481507900300089626843378564227698462621084096421119080950698279288109046571516969625882023888641519107693048721678010735543545323941178266457359815174746649013831074910904623189396211518817250823069712320
-1652312427908929815395261957202355550076394787796031476396606885346789320736106473724050809611432297131239343445981576809380624984067595094805798144469983975117372509664524762539669296925888673650907176217048559714632285754506825822767476636199805269955650855630334592089107915019312960
4762080715667340120833320413856411447137144080110119145775928088343849233373348723408204470402520295623805185502583899440818583916438319359601065135517844218062028407424470936051982877131764239323269383470368361494970022662729210782213882276666432206322530649498268503815289942316224000
-13542965116179327949260137006525325524696973973367599633313351265826819648746380733330692880410186271096892637894035771189952047904268214160703895473246469293983824388073257573603148178442988425525748147147706086665607314080869466806317938639955410769976679353246853291869079686227520000
38005954680612056721890447921906952070797534515610708044391572174965941299927727630820476742535198823261819910475986390948964815711353234222421341419874775468708739009859179294164851726835825938107965076150670377967679426107184335096507579245557297986448395528330293691147781583889360000
-105249137412848317649896215079205453302732808313914541142135556886385753302660059820279744504925732393870014024063886262754302826595397454980872654208295216996379639196392657396207288021830495820370419217069336535812030075691326727761962059845775438009872167119370642462393519879868169600
287622112534008711971513909659376425879237400192007764802789524483937766024198365002314106201037499628907479176704702660926830761490598832576629276162399371397779102609276644663101300247799956152717428027266868210600657550612022291570817611372299132696975574429710026041070122382612684800
-775658083359410411255065225108853016230840341179198050404591554102579489671316531724017049220772673098984894776170083688846879242083739366108716562975706769396493831875072059418998593902647061383632346045201123855304884204088128915551490795167355744096688662587811665597233494175425536000
2064286051174244516270067724182538283302952960506954131000015521897443658486394819311744708008500498812340994464872028382346285039143901410266217295234441508605591249123885838607236919886066536790667259699622258707003614258013756549015316432959720330420042821060480657749294205791385360000
-5421604099010161251804010428364582758530360396699693202324003129933848328393000912431063577685016431062663306883851416224626562087537048178612468733801443034540400743417951856929512629291664826817969369623400663575549452588587994610303888352794990853386565613436540429453819261715736880000
14052404420255271467714412879904427837438873351119313646223193962901555540331827126859870548383404039369312168481899144674369944509157250680456227350304765184129386997180171633888231555069262049083926776086920395676635025593785989477010785811289764954773197185447852998827423058756362547200
-35945508245365806710489892006068056768964111629242847105250016802792341807228262363562872299848323312942103225067364171805468708935925859240412311927736519248539048525412041198133318528019423865946965096046961106463067465234319306385984576279668298159170638913554453922092123272171578265600
90743533408668663878875559518700643489824406048724933974761189623638730452298830717556147453292781307547415270473102948848533279544992612794081098952496116810680857193246043839894231047282926126520618098021720521967329000656057949950022472959486585732010962333835180268791658652113458304000
-226083786260417078215272518023238934886647308464317549688931452514007447743516461243557475972204578789451433469944834398445942367109000418505564526881690109186786367185491559554815940541550961112461329690094231285692367775114230209451404929158138072653526838312615653897658426144319794560000
555918486400843880331588079953727180970293914567863364384906826026232655155513618388385890782557717012895165957366318279766806665984154055530496336865520128729706507905140919258204066567013945081492825000919975469893574775527627640534190895769054329752999174790528071318619967928630522880000
-1349105027278751014639636976119614092678563570412295172597825047848496549977076521302125275112959267426491440171582395204022944402021339487189952375840717847934445567339984925504944813053997995571590775895688521973762927522853731554082963774937301149969966347838326630880507720546583957299200
3231305482431967343620330778622570208089937454270258079292304386294877239086898729048137329460797586942206049731952792765328274842187085155489171769878440888009654133640017049368282170978184328042140904166482359257631593467589566051647441613547958009834615042829160758479830606045088821593600
-7638573122744472060462042528454021166589466493705404194109513108378055594065665697381414063346613506136712744503224216413016137825353169192025253362017002855205985471896589391374425659122864967954531095315083858666849175536637697658458131691309880138986603527204400811870762681558518171456000
17821837131763047345846967333452189776774683208948220205430157677320065740888835378454069340625210537001067021094973089720461858473090636310322365389707206392248961979713278169253352350045098637463142998243761010204954056550424794132855770598696227375869762627228851990998867227741951326720000
-41039535421348725798406551431547719929032470916908911076673190808287150405975389289268421846639355462521816580363047329038113655581483896207771585261679969049418321301171234562391276111758112400019638918184268410793472631254531088559767099773395205272475223490732805830610035095880076111360000
93275063109298455221651121563553210394076196916191071365255324001545861430969353788774452000366025997918386593104476412882410218359205671868588955891029820564301921826736373694241527632186764389499180982560790542581098415878583426981996281889929052908953811670962222574182361584446113482521600
-209240100314163646310471977065735353297560868178961166888300179430834119202336055960350838117894861006325263411893813583354876246475085502486398963458751873026486178847745077108621537068554666505736958006435328806060745802479581417465417551497846006917624669194030302243916833854275496641868800
463279761104649319969943635610198883041754766976873681739536473896043727931152309601361160933055093600564336163985328670880693450518653721924272682668188547696010304274530127710672472301775123957187258697796913386034992735300948061720362860552003820202321319342029595423589905652514856617984000
-1012425909188758367305468129259352965363524287663370414909693062411320399222143563030182070107980500252193473277586631408392675515999008490621575615615946237021937296487654318988061914122451921334579930000263016795579095407284090382019755753594261198907825803444570899930797582834705142732800000
2183769756450911602693243875428118079068947437125941750335743398410642222716321618694805187413235682025159343628161789382723263826242440428152740069493037096229476836022517770157843687054462821711553664382742063571267824014260653178117708181202162409028144352981485557990082126814303017133400000
-4649175715170820772872595193081820018646362189155493845124663461477542876486764004766566089762195132305968373272091841933442580778836226901844428087899062621126257459944117387651204636978626142444435405303852975202917033173985164224876019161714328143854703609283783347251616030536666960664112960
9769495088845129843975054759242806385803053509234882203178398464904489816108767466199115147662246048244478298350439995517122039898013441947708488875754377652914068459959320052115053866349009057410062714003679460462422259701180196294296604757390465404958055230973645138495995092126231332801274880
-20262663502500014595176191608493759484614515007073260406076021966983006638914485492635805690124057257197473619441543102348045139903747144484879286393996567207886647648084618963492332122999676745341466990610010718952849444110377330803100188892586815000386038013745819328470559791010711903843200000
41481083601416811965578837930438324952921604475468151208345072670943589691314241807600462479666862367477592001018948463986591331728161955911065975262563763509220087771413610920568905519575746368868092434993793103858153236423252453525429403315425685832969416847930711236838969162807016789916000000
-83817243409868798198139440583189417192395872981713386596172249488590903957985755509215457480462610115082246356933903550455009959457508921153377775724090770060210296533672135427933161754558547939291197320593567984289420327436873815009535971158300794186208087516585914738261430739278807042388000000
167165490523909218999933904334382160141144313479445919460161758223899711364524180515014510888822820748235110012135246884446226290408412499383099600188931429195319983468592532631165601091738091527164054482266612412371852594062380623417128224973258355195117165696595091654925028142095864994330880000
-329071130996476754397594818556558258797740336965601051664207409327282048328624154229468511971188987460071225445638626309156217991105318007021962318971644536589719027444976020036647143709440309369912366240901253118059566200747636810134843802325030966525377943371890298395987513935836583770909440000
639385011883389175366016389057759785691655849432642649803857217364877315216400008347908311941642098479753432615652637102622571297372810589594917124666590844912173303548520960453191109711899293138849495791346853654255897615825428388895324852243455307655024251594684293368244170024706263576874800000
-1226207344254619978139821996108763471187289299189146778985219734862388359957919410361997345646522630426412876213941577703393855304499441406835174647436167654921455976329537471634843014011206596274591818864154389806643201758582115653444284237899525674750001841160834703237023002120545462843418000000
2321096113983907726901823914323199581080067230666167823585726771112148965098225419044493770209123705136183099456180448641269747874219411624947990756400465795479930400953391406603992415739527016046988327153770804928755836362654670232452939818281284921040400884517462840987489227185884581284144000000
-4336593498320427620715315340080641187437940367458660568035340923795027941509638759829639161908685826568514912064993073976597036050956716560443797886005317524885898394567133941910245965841351887527609028653669857523659546221138003076763456360533176946455908064529240352562211878167720873016146560000
7997034706720311693271125537722681971405055646023845691284361455062118102136095549852459405366943835736839801572308759013005034090808360465564162476225117644821546472084192633325867973636052313706292518582324111723283982212019570884950823683525594976597841954389349650440959091906964152286382880000
-14555659585208051878466298480462148005956948921491354025324586397448337057307121873972586076086266500143421052782584450100492614436322397268901923672432745863702946528753003148855598502460108036314743286105572567822641277598779056586781809526344410661262980865014423641382817083464339406238287200000
26148999353696267197809662689284446385957543998498696871990500526169457999992456780867353278414986213095729933111287932388710692130502209344033962165573692166697476145150511977041623183573557548467415380165649751105712456896613177004994649696363378802523143366002890857762789817338662135068288000000
-46365594116706973452771416224484805646066034012008604808841124363929574317908229900327167628327673686051974139376246488263962203586310731061987566569489334285457545848449419733035253600285020030836736610866712833130370175099519833451740570109010208071566525963111128914878742337660610231370624000000
81143009537161974859950865296752887992118758551154781235250359381624250165667034841537843847325396150152486131001443593801396631429070606492579768410951438425542750897692626853626487915332138180355319397948057646369337415464097175195646813008136545389690834777525247207212443448012849891720214960000
-140157885466791219226164333588714725676784666485210328986484767897293256820134190809517761545001389748312664487878270444051195989305601667587594568039322345640841676250567610816555674784006234373853527108010244094569842763237627122590053119288842868461802545021360950664919232865050414760197777680000
238941385236739896993720494937116286653407914450573718427884694127207136823341944034257450185317579954776593512563460848542985581112479859503200629619662983894229099051578960862046966915428974111835532860865766860218788017923036198336706909189913120470363467231279921357583775173257178636331980800000
-402039345800882190482668627317603831740577204359713996755279239021976072060206588587844823166560452444695565520851202435383974875297302857642644220153797960419501297841955454900991996441640768224380080397488835821047565302049878261879854272935423429428660303930021111051545936126589222229212416000000
667643544084950624977164771661462907090288011297974392488594258996652954388076206001462005791982981931976638872539584157174530166132990777502904944204610601161570382878232530152366244023651899234211397956512466742060781481508118852384060606298364747728312062096098616088488370279555617162015808000000
-1094245801308344148848454695065107194279640887354992465783180584853506389000325682136073813707779987996433648573787117864201134580824614738858113877649402521144092173214121417473713264819705959096417877876946938202702167786243852137920724671170792595031463762714736955471376882627778459988037537280000
1770003519705056382485252382684467133215108189262434769161609840209862406743074234465860160556334976948160767261399851171440952175420713324696659581851819584733837243895563442951729196686353640756661927913586190210623798669109627174247866623893954417714983224347613376581104836517086025039807959040000
-2825640361285613046798851904006846144658746448773374983076185323267707208850197758786448726210628679045159204829189767162918447067237626813401812191225195765463326367736045526500740302435172070374782220150202871634737577593108101077478256811849918708933940748665537950337109369971341825120098611200000
4451816971393338713495199491061774704367724552649259167860340105109274657543967267598967247167825165834351049491878389016759845226575930642212467503409883416906157730125240822026563074043447151718854011650537497746586746695697434222288681794163910036675644812462451667983641681032502322680436320000000
-6921961121485653973275878075141179445898642764617450227564722619842412296756682577673638159525166520893678234611789363661597383257973249491156731419351671602716154959714578651406054096337324168435229807344184229210241804837104558818910917420731656251764361653131687039703021063798589077811036960000000
10621500150319362538448796974693434777271414971165951145989874530133867342530446174867401504817625120316597078595344754121629367103562664307198322720664043414190242004103471215751139392882155792793796471096586309090864480817562809743501321989085580178707349439711061021690856513640638190694235017789440
-16084236422293584931280941219610446787448211972732896893396485766866579039688769327802331800512942482715580881084930010277071895839449990681094610919184008727543874826073926832848779408249651737272528447675872186889029444984015249566820473035741204199762182482766215689471163695351784976536913753784320
24036187271284662540604707132480338248438449801781807684292745327469739715080376184310299947541544494987853137045853142720051066313363002576780652812902532568718721985928691994793228235117346149331742090017011062858542679657707344165584260693686071405855239317436915295584741664916924827937659284992000
-35446513732020742716186494551867417534430274946323075448121571891241951606883596211751015693858427605561380382000082916575156937378335868834620283433172437654458025619236964815080797688667248195818866012391316209885049543756179361535257952603235431116807094554975981804538763134244139404352127797760000
51584138527992490113108649024826835164495468630423164915265021726779781022801895361288352679412549616078908818048604762716354618026182622188989230128552511415800035794824852014357770683142020562481271191199018790899738538721870046125337879812954432337633834918122403429607157808108279502694100295680000
-74077282146949799835016878697259593092278698427378465461323067494424746976212505758427452285288188705879775878824462347369326841625019716684131108345622529234848005266973469530929861878064109774762608574593974251063847520296955064008272600985065312376100113353623251208816405827963752890151055617228800
104971451391951507737401542524064695606899080895290883338350687134891317782392928844812631818086906566431320591959688862235941240356938645157194332425556534499845345354206728643774328809998439736368620805441180431332357658614160505437015684635636069179438252669132752887883941290761380056801578263256900
-146779487854527418993288610876924631149225039229732312839155440814287690257125754265207203917688628986703275042323684913803393741815395669480123583569202769818365408563154058712407124063156231008074671448265987656674588435272461255728861656565946027480613178477459997773781910368185245123255609630775500
202515296024274354911718436736625775565543350803116032857821580499732309855393745443732792617639019381930604829742912422386029704469772523962720838816711471367686423929452387959669945825976026918177660985048198822020825099083931880988802574049283143498280065972145997769727339826544872785887194106280000
-275701083448738195817040038134477358744981670299980105673362654044767575512054426963790191264600232062969374709181616123038705307036165772809701035513163812401592511926020489045198170311498169470472093948175439558495070295965204918941882462543830362005537044241652464249561125430145010024083961589240000
370336703868035845162285556549749734962711769081647833070473704702382765189298671390828469343058572074643063625629104592254535454143668592222072379123333237001689444569975806024558796700669819239596864184469269432982046792231131175437850519657248109342467245049097786445519947241995377074362722605759600
-490819404226565672975831636382041592484527629482808697950728519570253272699834881302067889456986201943820550392869635646900606632410751919548822838836656752487830890975046251454254074991949226969782059705031327376549347932986938182235367338503770218519486946532900213644263551575124684435118240851070800
641803358245098403448380742405047103044857526111195570305596875424304145410191407051943560364475868050774031281160458243485205572594678228231197745090296458587898443766682470871945774886040478596929632293042537517030905402728680893267387860615617021361067949431751109735870526038447521631842743703632000
-827991190750211164419266659175560991776776610078684623403836070761291625087516520526249961819948301775518233332480641491960304750256417061056411554065153529501526950360998572890428967051075223114357815461690220117859920536837222448072335233154080366944077527035844240588708907039871396041832139172080000
1053854490201298955080697698607461898222771744818353357049292501220911637371777655860344662722738377437767898336456794442562194584850583170514694618600947533502947840803252143651919375705446236398479871068291093408733899090073409218945143392198005067591758913973480126465553112455419418619129439303215000
-1323287078554081033251133390751262124932513915077786837611243338770505763927461472639506329857292237580419159948884637624075354308259730486191744489478290531246086687848913788182023476402001333989057409055618943762032701856369998597612870048851945729514755561057565027719558674306962319892007331125926600
1639203259951213952207520767603689054300483063326613442576604897910527576413507591637563610143760953692246290508223199707091365458905942360417971917770835102078367997294668942656142145679272611813456156211584730381234697443426955128661496325990380169886784094855184854281811841902547252726195072623172800
-2003102750643858147071191511590783598667207873047706238691255813400042219967494478047193170021654609840228304473675658832123669878278432419136355168631995117305012387385502460961576442660856984641799338584805563090536557782885707416759195001173420422501188071417882542618917906091267992554846943449448000
2414633495081661260489860785719676486586751749393940829609725555861211508754534304819085328866045557473364983867938830219498598491609304394754199578137643924819948380761817819531817893817902062406535235223218779967401636957594182280895120060169229507966040087204280888560173650999414997708268104865410000
-2871191799689216288281382120004949129163276913988237459434082116097984022439800378512576649737029033618672258633090487535776425284525357278614662515743249764697597027762041578280789472751533936176193132271685210054243847497163889747171249918286660142257873539936124991285126262115541032432007746533830000
3367604713863192723089318200122128536899544982903295689045977465772867295674796866451842988465225383957900587135305473885583367181454816855290371793499462659543255641450831318372025007930688034002869925675695091913279368126165997653527168079741873646140153897924532664675492948092280115734792734699980800
-3895940949932033105919550962500189361264090091126383241355828262475458177889976527611932514929956622284760659369792881057458635174329674221157607585559766968624795809760038415909946225525456453928811392753149903925980786673703267366139197199917060097180129568352310954219358496599507025682863728956774400
4445492741582804860533743677744728399085133075974390046973116105079181706551035608523455651362280196438141961288899154126171307058511449742513587159020268267345713428037716845143783255283021110519440119163885635940626324759326744039920402081760897131865626867434879038105512601142549512166784115464572000
-5002961313049386918880808154823479376796489108231050533213515722920156793153914740099891891183448744465230406997362322751313158361612900309320225992067852794531279284260670348272951744111196925288384923920499506427297199602685272261110758558516755181677326322721363218627646545919458738651920966128500000
5552863235838074926427886167685157567127948271227515835042035246410182019019785383651816712511780289024438160720819005144405973413027861859649365862153418371552858972226452378668129934110738683339956030428464261169665686084668314334458912157867816289877034575892772048082003987670848976695445552048000000
-6078154919662016586244945310080127712387232131490149200779433198844144890610761180473570058115869891506168152149536217214529349727696309115767469179546417446330897360157798366330831442191773057430720267673888834054396771284664573782375858373767140028558427043409292923876763082253291999231369088965043200
6561049710328296311879717535145829940324739074093835177505923559579872217826371433889685973781135127057986699419135476647714757527423494354801085062168436433744184889349079028390196490082770360302631618492550554592324849154528966774012839770506778910264418437899854790807320871764383723387904555862969600
-6983979135542801304236676219982479380364960626055519922360467446841299422525627687874729266751478730368714093433485254013503405766428780531850781613895750573134750887377471746585636438993213376659638955810437599164958908036024884480020574857695801685097503889213604244017098257521354906328860073767520000
7330629722519952924275130362882080732560499016428028778296686497693781496238275943796879536758966339831143409493870966895805034363810137631899686927685203748417408415507226697415077220784760999878757725989114150979005571915045010985705566902027372194698896479129025105774377758011131799614372045753600000
-7586972448136264532038094672792860703964125361448225003094975068584731936658627520973625802853414077874338799592177987256416810979453451497780533111793310332392334042195099040657890650660740489372340523359938892682797316198298727149463619253709885357607522989787793702502552579214691630019304160044800000
7742195710978236066596629160741326884693187313996221851372581446263429768628020869744565800146486478141053588298119996077326154918369820581995328712702959181539748631527764077152983209380891353466131775904190703701460669453172083761041931055788337603954493230548248053252732353922094249592658291074288000
-7789456236208305465212396124881564718033977277210291821767606639170041553540556248719210000646361181886750677108541518577158619130710776921460656513003396439496235490108536639369618483844507437765604623461666165248098934453316825397708414646027696005255212139086947608244029538539695969787484360859344000
7726375784821074582465089863822969480389821030460588236268658665280077432514449435377638006777639077853564878657031273393771337923525804581822048510458577425022170105373992381085904959580186442972572967892161198063101000322891594831387250984340132046860458899592304553823865122478889619446164257137280000
-7555233797253835806736924080526612329492549963172482709527900253111029780960794959752272103544691585387530540673817929751066967117593219865716811660734476532864828525794606167198275005425492905160472124517406937610804915035613570518049826578413982460136558562618728303920838031027160291012827651708800000
7282834721147728951375996496389395152169544417485793811996320036685136175983682386069475941112783690992731160438256253747842126555478050710669394378580441398992941482635873838119067212877172465661778252541402432371613525766079199075547236619948054804486921681294397046385108550340949939318405627170400000
-6920060337869628473231739410216523588172277852842549468957389770530281624207382245299551660931283871802129864345511596281990858546324905827008349507472574782799338020170564566970655443799905124374396845218749133001031213359190230907376548785361291742142149934633675218749846633508946449574087139419936000
6481148006791487335289465166241227432181303019103159442000681152388671997008156132914910920346029082730421593327069201036367984883329971949673035833885018936875784721126052745201329798995343681452317882518924318804623688114588063100302003146229129025649491688987439375494990597337930578622080145443328000
-5982761581376376301020219790396286561763592796531568043469288098943445656648923157573665478863532655554973422630160700030354134815330942674955253549629683677904919220469101488198024879100279921077431924599380963473024586018923422377732676240133203334570762065487743603974330270715797831047236992785920000
5442939681359246668535226000473859277954773249738041625195221835771995674801405062096219100055967570748677354259161921589150788642516311417970238146882908110709698162333603374559015207572664964849814489658917914540827971414303161803430118502609610383230971564690696522423598599394942422970009928091550000
-4880014034305437773493173316812346647083814672479182134068004414795253314928624121657441540085619420270030367440390107570076729276679505129390995595754753990664315890494932070941472633094238222277614712816282733618620717944196832716637223738112755526484175760332532269592633396612725822957857945250650000
4311588142747101644728142094321338944886037638809668838166337693661670657698650258449875579007394356762715058529021956633614521904570677159741599723507268020479445040753096701536684691194224457409225726766956863719357833842159351464649373039675745382162665822779411150532830343661260161106547880664736000
-3753654451975585722349674893065174844815641676951916200282671600356860994762905409757799002269247341949405914667222702954617486784174301581790838044143625137561036439572519787524816729714006798143389287495900625452961320536431004216156466369126663322459326324119537183674399823168586611604232701624288000
3219908597033851798328195037516265811477482082147954012111496069268399478759604307441422159715386922853485041738138821707880500368203560913072127680482557029475677955413000765382401665547974024397254321723707212254053187559046768253538233606656081762580633413235397701420829459872284021072593120153880000
-2721295160779870670918731621183620845341806106888196756499779814625315661002493803380498139735464573700737425052250605237280221134958000233525704712430103149408936784994470180576595567145025047934661875067427422393887279098727280115498917160723270070519608350677285468981447442148814396777155165846600000
2265793999386895881862641460888319970817241680555899673420521006281580793778373294017396572267133074645919188835211851054150850972287673663825002507568254702400184674701305358366148708597033211274951939294421499546985974619107835801659332572341759225729501293229011993054477411224094989440259879860800000
-1858432747856791050289841825185261605250949657183562916277889904135282453077925967867483480975072585293318767938736991857445947619085571484632747532177126715341830300436707557309018427704080822609535127548365552613206686381353613463793639755026514585157668173621300167219023764846477176113258373623488000
1501492163021440431746682376748702274841401391671727215548293354340855258040543090456120122480636392528116427876727015380808114272048820241213738727033355162591507068427155480355081223296161354899604782333063604117782995292677816721546568788563925703685868045497450194451929490800224004094061972151884000
-1194858148072078938730269807342506503673005823537245540652455554512083062251651444122111711928808529441566423548695176735433182343371616692537024452653429532565960827900148272211734930327676839179423388723025991577364864748149501125383593466803214692040829251592167651821845736905777459980077771374820000
936468257125993132467307537847827267416346170422416666247138716657368824970890280965935939262252529718627799186851766821158388035433815163737859802539060126419878312033808384148650411589639070389710687076287205686507303572713000296458471524813113627382119227859272876974015396701073276143117572268000000
-722800853977750854236995358375338362362055623512690207280134594305527019043034664684874639175324787286210154554091480698878001919542729362573165176615505038012447994600383440133883562274693401350110250895684008612723162698716067599428685480326610212752076297580266510775472135866088290664573571204000000
549360773505489660369193672158962725989045031897356232653225853209725224562441591145601831312765741661399104579089707174733898258937787325749497674902300073557816584696051431543535235487090304732810462247426321390496835791588598756347997795514016055478811411774228337812059955353154482606883228495982400
-411124695378557802253975547216853563539422526216448434814038173145759973962839562526299278909719049258483278195340221582195367641094014349155011433112224499590960782906881548911671168880378626414705662981228097584351794761394264538765171405715575221130339070788710985404919384474894685314670958838347200
302920700072793784389578930452310857745813711698448914735136235640926606840739645210377960865018202164050658904509263741979833181456051974290785144348290495729491739521758257169250280127641810612124693569783432280036408578194975845412695917548426109161426972029750649304971082811202610117383979144960000
-219727957186634230537572665789537426304419655268636032162276003578162352084861578633740921955427977356413354134625084892517585320818936936769759355704499619461114949443425929224653600465099351672651308349723095477448013040822734333510423647236517517232572288145184507950904042738860436566863663596800000
156892837158410011304464000499047737263850893913031882902573893309770789575136836163470567412512783173855224340326784343484357905018611610365768702002126481226195174903401902459275902305780124850403767046631834578058339297716960193036766746384211802362610155710314613385823406901964188973491597054900000
-110266023118298179296689619872370244714574658351412109350039006403649604424970397329014159923275176040026667155562750159555644562990720865080393356282687742177773870895022982863585049361457659581774231504883017606867790002100909867890897856617612291606182094815207300280051045631212219413038507109404000
76270983225745829346490594428357426734093419967792937528123012161471843942463183969900349330499878270755341731080868494319492364643758906718857244005693533313790188283660649259992700211915178946050166881415943487137564855996323319274185915432200359933670830844881738055217503133862542472378978474752000
-51917420119552713362731743419572310710201310974479898005461403783798514022734729998079098041339639576656611197545789538913590941587925099051961150666694273994909330914261678673246736645433037011361907885253316792934784171041009692920194351182005263626613037303880018938476577083607798621900215005440000
34774338783905163255481267676670018368677172576725129862403204549908896746970028083128962404565701411502372612287690454783369544068316334897976171291129977332144321199740545021273587941166461162315900942707410071503164385098095756958900626940721606202932539111660233632893423299591410065309702958400000
-22916661108489276269882466731801170555527002545483136397105150133470716791922948828298024752385161759051159831620723981591457586550315442242805947006752878202684483016006056852919407777694171989363364805751703102493622947010687773642137222578220018926353139980970003255962472892828838151459268747200000
14857436562989759299883009440771489389090055843847880646048275482994376056232751340252654882129085517543428326215375514558524177652766423657604388369497724490531259415496788409618010220410589923260094493835110406844564870869447357429757726488172945465010468609514621049526388253015691281878442039808000
-9475204552422920802045922512537171658556486333020428054819488804060566973838202674918626886553782342806952879374107048774448639387057529496924261409577321778615188785538697898806543815981911045548044464627445076306006916076551331648139967979755914383828131793929863940591352515077045164339780816384000
5943417056736352976792858610859628754432312782443985628567533554979641471714339407981296820481734363204640684732320188179732021706255472870255952104585709112038168014926373414911320321785168972316358430002381208489940646528129358876103575411364810694819873102988961746101536659379154110521316328160000
-3666368032988613665062176914608719735570607263593608911619786773318035627015240556924636092496745054458782469779193117952026709794093534719287922357486932909247074931683240385531807445692889453214171030807642298432050576947069969109384801110410766000892517336903897183044089130332852011037733898400000
2224006443638514808714741743163194348097355665757298082946125677903820386025067013150113954116245367125145664657328715145389401794851171695516776140579521313605511963103079648037307190068565990687585104979344705511624010163194863001481664416522446072674141718584407914352518182349661376487330003200000
-1326424563649117338018943830875834500640497968695904693884290969943766053157746946547851788265510552593590277538483809862322997317384706372073442128731221887809126656230558331984880848587227682165790868506652963743737942025172172311057530042886186305213232882480288999379870733315904364818782587648000
777714963072109056104121168583944463462384584513778120669138236142721668004724485523990811762629304531019904355503425931534277829456815701331476223291094967627871609807990798961011896361610782881776996568333577564376392301812413319858559014489869770445685374974522916356480048211219844089589838784000
-448221816182081580912041889943567391469951967002512313373136770653561339076850387396848688545340048880116408370557781576339775502721606159307112673744427400513172429639361394001602204995399381928351508685080348542038021675600970428799256090957028209608632472127790053645528784166951579480824722240000
253887757910185840696983500019456708431221556405046332324801968108816833811182213817605048058592203629732485576772573560111767145246366844716500671967888943291350389321453073933109591216095848629959004959074031530476819366109168804256372264645569556647111150700919804129740603190963435709244492800000
-141320980250849112868380188791404234782182590771032511491374474303394344764367430914305114308849541476586680364040535019952740503809808838211856679496832120506401864194878848151974986244762896924625032359124127789436016542236432902383955485758974424358667042473562567833658248116132328582450406400000
77290431425474157393366836846423855124427283335360398179325547450071258634605796884030699431179782430222269991286387922435871866946919279054851772251372910906645800804394482538117257125504895306315432736722535671089596390931730354151475029535601598259597549284076152821837856713826903612612817969000
-41527451742593004491114878430222570542343995955935576366708400379249959645070221881489810974353959052070491683190072830716095284108095729334087971459445836769098043205458911857976783088666914323847219093401362005012891227677850443967819722830519029167477985666038839381172632847581048948526154067000
21916420656559249312852572698794211836706371848200250171543185725401776472534263158781706497787977309221261765597013862281400543443491747127438117725597741098000124649923919378770973058638300526608925473466711632598138651851124342173518529698757776282207431962941681367788342168701390749424705360000
-11359549569184420502377123030866748507796461747849864639996527984559432782373935150448300845094699201527281292590349036249429539118622973726540235370910272789678389905439867538335844953424897209561844213763310599476122148193211367913360757732369012953832269871234953080765219668285210294118998000000
5781493049672165243493797908980611180408372944902859396297577514470368224133845900188155555095636992638313375443121935573221702256037458469189068886192977962648005409501612205058370714940418839663067869350576881466337583196796381695578404245970618275580613803920334868914077088450143038353431500000
-2888912867868849319634169560597279786894897189671271158127241123183257415399387008435793250105492306125041814366982557515920172528960009661967620040183471563461293041496668313096101755870678020720256180605482577296206686897455301581168592640928598929863850565274427020557785322142580822923131466400
1417001486471709297808442083394322337416323541563325896071143299233099124448974801232084671435687294720220743152942026028359053347789034059044827594703263254733997174029304130989815125992949526366305790419310058614331195891739903278474504094869264980013764182568268769314202955254699585394040019200
-682136291521768987876904826966704470429025374799841020679723006181894317079660128621997385762066450595473283709729734588463207091410567088342100837353294953075709157788424376387142249628137145860389516051155301809356660106494136494865519160222160637864456894740450531665391026959343687476346080000
322224181431591128456873729424895162730546080712075407783160350741410146434305544844678643147942231365834624833882966907585702189781798589284146011993367503674408270735497163221246366802702351210449464657567225962517711431179655122221386857920231666570044796537679357704074695029686999902847150000
-149330952348489997106292041732255023956286278274959014427311949023395544900583596290163752886893378220862356090040476981783442308792641999189407122990579300697696271144065041884936221006124832953961775072454474330039226896668222206890101061093786837613779964419393849100705822440426353933597450000
67883190680070237068410295995533082699100054359261442150685497928872112532217542247458828493230209324569054874943652640093733039985959132487349956074615589547646980777922826753644469097219501657969914721641747449350430562834377154544422065458097553803788460593367062496614701874112637512661232000
-30262763961507019734507389374958446511734503656131348006735350857877352273264221903712375389918338770547241694187464753882295733628154196366221866399105970557732418307026082521410509251608620946141642963729318559237530507940959678712436057932748503759900327495749650272653151063218513467665616000
13228153284814633934611028633378374518574615203153653895381307195642789524294801597844954331962780900393436137555814086243005229770326509480009521729468406712436020413272215269646885757570976894189145358474366455436785272468749431343130073951224986492524293971777635997028131969678726764335620000
-5668151965731202656738206905238332614146334094255028585694187984389498906535972891103743428863201349838073371353015234223740799290615517300567706670415382453998119830971776357774637491283941302810894152782598112798193258315546440406792607596717936253300975101849726973809770946976568480258700000
2380343354822469271602347853065773300472654627699626906509746841879228770961644895858834774959511427778103027189447969566081689601337048249282834828208431973223348971291241876806502717842788215372411786632356452260476870500616010256529636063421437462750941962525153369330561774570245259449600000
-979477618911533156545554212579410516752298668322932242510257067597602186805415902391313264182270244806103984785756451651522266376477108942781305676380816931089160455738545409926910127041765355292337749119140909859091658746695894298385226676522508893672316764423693984783390618738065099898624000
394824152152654220593068674763178622771077875195223927261876227964070297593722247785784120131862548723038727143833303232687387491680132810445823224212888117382418456098973608586254836853534738065509019689925812481111316665290504160740105013421080771092330917972235206380407988569407831687452000
-155869479010682950279479735077416491753394645848584250797191317003487675268907333686795085156266739796929103289575202303776021785782024624293059587190032832400045183801895603033968209725613767675748636492333504764421857044513025156924711922062659320518140132494652286082166719505405525572180000
60249957924370287142798090937105776021759633422092018094639268223049050627384789184630010858344764096428601950803901594260960068451158987857406177745105650001628053260492540789713561687993277376151568463126707489206165812521403232815686412225473859406892863090961844415360827118787052355200000
-22796955477461849408117658114862996830467661611827492127715555034700723700895160920243182378794174930648052998379809199565347731541334884564210134152073415468198089469513815152662392451153502668330406553041990774124413362447839618281467201493202111264172104017405816871704343380289219529600000
8441184102571600363884673338655672286603268059106089732134399807139530945442183979499041336867697783144111250368939039603764224056187702412512548289319640793259091882812018544935649190996319448228501056197312916052088145036482067655016627099610927080896390487552236897720006176902246996064000
-3057834022347791316964199611666505136080610421769040666890526595713301932515725834559714125548266988754649497332245329548501994392194723030609180103292981907056636315302505630054130518935492162242577463129826987752617443377436848116478748749296196983416023739967517262860310972468875828512000
1083381569423860950164122566836462269067238602288815748742719316425218290101669561439028704239938647908695625743376136730018831842383548120690506681375988938719836949028212384233124454573089114627854810643446106258921265120558316968869732124164994382825142982321517008420807143215948619520000
-375296142439540098291858113638195137874825193892686600311175834396465515330292165479074321424735438427176518518400449238258867408446663411153019573472604350207200697478472368820992844360141156037520274781542096070364696342411360981107242158627309591004077401801234397897049657215666822400000
127073467374826702426634083434079255546651026474548461172155500714893018762288284937935623232543769832511735600284522039603808640833228346049208932783770882099294530375941648136826842954148660087474330465342995414306488752769557968758492587309686322778794055362458253236031179567649221200000
-42041806946047475025065520449910581845591856933763863495049875762669793621845413758210181955676043791089936031956346930456277088572751094636183982895123827483202010600077346456459603013580509015624042506992159768283765768496638716670789158543735666496165772788223008226689114221335506672000
13586433117784462509353259841342348478417736652188983518464445800946982655968754113716090743937274735120513926328370059519967656810306010468815245499737300257861266548295903469106127179235881025063174149741995030867739734468224453461187234502823728368836758809438769607021187234747469696000
-4287192205817012457896644832793250757314502272254735350215155164539034507499711919795387951198803690429319458104015650088126063006150510906681687023083978135334059933248368911864456163368745688007335845488685241118353040147498842356117972700834551897067101719677316905038410824641265280000
1320454066562413831744160822625084664815620745434516023938311596952255805999300226320914012581874898046419736650150149857041073376019074983644032616272232002642030283972157487882681124435643861166217689231800431808318209121925839112524775248886319079143569941075141370705614379038836000000
-396815955520759546172293483555520677057217643082894147209087112447709126090856283478989627363768498560710516503193290163605179011522288007703734171750745133395507709166861360160998490962454103416778729886877703840525705113175191410873017039556210024990698685176422193511856250079708000000
116304327077692659149143063131244199094386467406108011929755621921000395617682481649221580251989748345500003139025729714563921201875071254110978544510520434852508643183077471634452978118497568400620600145783323091348856460272996509518243296230417671324620780347544999476323973900912947200
-33232370079106619914020854144115628450415879839426793158847632393283958140999475665762025386245201832831199507334540816566372984550516094499791216811583111079559920503679972029022882839469402849060048107823883919649627794993468365715949698112835068576071828398914185895934552911371161600
9253266785004345194938980726788394091710904042324899631813688965394955416003372856960145562899175678207938266747172473621028118276995135429387243188271704967110159941381707087755758151162951949029665383844944434626098906631542634759170523832102352352421859502215742941388026822720050000
-2509563121437631678794973506422600119809724836170501192186307719229931371601039938535483948175313517041604328136175506953933064683699015334655938845088575218190402420523355383886443569232976439241608083260758830968782451906467296436743476417481072777649260822872994989962268908937750000
662616302484346428133423372757756334101504798902051960221045595246257215547377904547400913508448830571296594284606715615657515754207228282047748926763468167029621399424469205385063717472475377618391332782182548111135639253416881359913882885677916116592125044744658768456314865292000000
-170242834819604467340068362519527017193990270848240749216403374953212159350990273131047761781313744773402201359581677007890297183935535366351311743699062374768911813465303617545431288300268044054004308384481561002106414309751122408670117944498038055458333003957844128259051926389920000
42539216111185726800003826097307644082969984039437003268093218012390502006747569510746911059924912175578374831580865322290982287754627998213714653290792728855115352455649815051987738589610595403849012418884626892238242712103889537603879679541439442149464158323893825382745679245960000
-10331987184848481926842254053324530773786658631615567294869520855978061731507277532229916530219740103061056523876889469917514901783807716692210508459199279097600575408709680146052777566253136397509169781062021871095377783687403593880909975599692880538385260150461230490022616898200000
2437808530241082468303968061019738854899258426859763701170799215729663452769733096459479072702513503921275469570527898398190214334308739995415606377814255172368538750034180640559252158199610223312921679873564662322682065000367378350852951391457138568402751684950123357715769912000000
-558433137842719079707156594575505700709885914418578407598214672806595651151999365358533846442813961532482023635219273162140033812523156484545083814466137409345336934980789371988352057064478803104161100200240916238642954392081424810889360603424780238785813564410444455659427496000000
124113488444611731264544278936364708358391619436055034355393328977786891479800846603296365068972325215907501611025123025943530354443804007568183597159588132243696644098662477397781579102509625344230372917960951785014441807943775927876984126705612422823970477695049707568010413540000
-26745337251786214417493703895534335255474649892363729021435615577559942552829146301519876460677479523931909421677385301966468665401933287379143038796761178304338770084811644729260058516553570096469652340414034645057669671752711070223289763202198522649193629001542966502961429420000
5584020841922337737421230568219982697336668760531360657691145280989896738846535841469917126798142912111787199544376406869468138071158502050405615987602529214666133127197327613569146248686743977896047800996062298836862750062224709878431732251855495708936980628508100817443184800000
-1128720678798514564398412951335589092605712818923667866627231401613170773392660505411373256777151958837795324088855994937870696882615081712030550295060244561563284656048849281602002066751447046355829012738429519306664233225624806651124537550775760066537170950984778402147692000000
220707759829065898853052792108459441879217544021513004834699244905461511268695269096409388484048219943014138211674926917419046724692002301920718339002089241192047902343569520496804956718666903732843391966755464211727576337470470736605893905215994383255683379106642003100791000000
-41712896864222557832396444004495404669370002183656790757987557046159620133116743708601929012121224469470091844862172901885488290343553581985826737156942052947829417399952988977962484557848106354582576590962175518011549218248594352989302327937200394640606881610254374149557640000
7612924412019716129821943496535456816841035962450664549936395493031371442969618010301143364151958074514055401946836297779094760386389545614899609349435033223360906540909333471686425561156428261196473711486184023592421058315727811683556267083286118189357378852813602520293120000
-1340424997075095724362994676776413503785648180991153767581180490739696439724286995332147501881101543088899790310784271928897179744175308111704328012843304300217567125880100403752671578100844881276677190178075819996393657967298629094250732234110657090487049718198773350227200000
227455742208070207244370404598313314604458553869156970544479026444339438983223912694446697728819954071530284006836473364588678450800069266946519507141563776132736387588054608328186974722039043092347307938712357805980670044368224957067298460685424296575144749263112975456500000
-37156734115746106592464295278973296735092806410878728092631862171998164976049305528474217269130971705650282438907349953720565909336344039076471481535460249796347378978717097061888961440811351528727617823611599317561034685386288494650068078679107032327325332935711561409500000
5836511398283449789367072357041941365897996413875355506968265625614671582505217429395979314502501209337499441681984319976676766357697167394451736588301951874511716855794977759085903775187781616316717996193892123629163549120136945134806895280610062988800613290354575723520000
-880431602230144128396542624285364307002565365997733279990570390978250855977185791199923849049450618707176647275470538834182690476564877373827576134893770219414903822820751979511196664396683471491663209036361129045214164168971479369039716121731945698131131957393742095360000
127371955404147050601939410178871787390098267337803649738490137786048836113013495344999967178069729062013502127810441867992957736015932803098826990263132152508139485293613818286898465293831679235049553741096873941244562714351435259626655659303630136985383149692325100800000
-17646173266644153270363347190001751625787176670113098985182078544560022109541038336902258819924631296640601553332132531719226475872802253877551698332640012072209162568798786359996606879504672765962381303392119868736848150415254293708024839056397091119703729706384480000000
2337415269841737480291773404560842847397586500499410177567656719334325328473622053147967138147813553891711698791341985384868227179582488488684819888380809743443416769672452126726651693381727937657289319034353262374934388536230887027240443092717301783478729045725440000000
-295515776586782226930541791002220266552047576123584096334047067114986453439520188322970366216035393241889722971102358458009402389516779113531217157657048294603950270208046409678742332136062158247885843933239229523654815955809059132140855735078548682015774746339218472960
35593330153065072998056711303091095368720759720407919253452873605378489483138225489216977393098196837673284028066510297525634505776735193704798309193810960562726807952570551324196641803508844716536046786549326620705029185261406878834416672256376803399195141895825402880
-4075744205905438461140041627379405871609104155025637877209756755676427163619490883894253157854295418479921040440602938824797905997483731522388762899403171647998499950242988572362433742248988227326050007043532922570160558296543259665727130571329795293866142267619968000
442705621872654775320493869551023061556040539780506563746083710199169603170225487234671544818864707698611282912279594710120541845699641060073021473354169983881587296182715927907008284200500386943956608922731943102718931894140361342152270838351658848862031634007040000
-45499983261784605008712352296222899156590572947693335472347267240344615058388892224681365460842654115152347655850235355542704097493499773531638014293465037642761281622555086943777635213149359949134518817930059495725033879972947518425755699184672479206843262110720000
4412616105249526374944652226844220774161318445702891066168636637353088568404972622676162340122164322912697206180932797223130389067167388009259409641036595478872776924115383916625083126904041805593350426082358401510618936669952611135971487613449815781250921347635200
-402561811242823332598921400652365412970552284542290190817583613976666955390132697088752611722417330607620842385035188746467134715360859455408975977543883232594926907406672792333105833175510127592622947572754888098078179251453092974515678525670916502305067830937600
34428684824363608390905807681680329170475675770180241642248317634034179458271813133327160674705794015947398049431479095665619372054655341160494642414871184608321371429204767196055212288796677670266264532962233789260270257518534307735229763441058619204292964352000
-2749572515440282995312951461874339972541380346499475290164491141685541604030665495414977859990717619568091459816958174135229846434431261524007899269135490239121439687318979935112972424403009625174139090208894796754930949606511936240060377251954827723812229120000
204144422058378216096233402537708021507317654306886498187397250835322465555336682425965559971641550693301495375407294992624893926080684754535851245106983419717756630430556859874246026627361039065256583384921469691792697728760394137615159845339636596139162085000
-14019133561357610805488681426421521004708965445706174161238094897977718852337811370645325923098933003927245211174031747208155137618993355482681260407785354894970785907590745668139317288176137740902322565526163872442286187762199709406542162696658194718168533400
885205029297782507302461239629075073238891962960104207555424285216880848900602226737840118422741293061206495118830644297392705406316206397360098914846335598619326383383538720810321733785880854965294710572566711266993935773220588915787998782854306799568643200
-51036899678747617668254130054931683174874854610503507616670263558198065889848368005937473192585722449796139957875812841829657747488067906183552364839840740701199068702581020466165415882065588891061032829184367604714544634749245740359015346900539759324528000
2664669674480260089226255860291762074572991000893808918768122751935891154042726196505131651169915629021400122681102461318824462584069864907287713808860852786636629025416401987884340583703339413618209414107431245171221176726598678919265202376967813451820000
-124727270533129454682361141272173398102051237166889252460891835581062225626876835666205268834044927011839579892746206630416357732786373689959218329961878525041119496877659910258224465569027121593551306693208051159771344325999024872854101072792692505860000
5169498444713005143442502528466673909502504925049768885690086334668088562470950506507284777973827875625487913503432522012785793211606178445121054254304288112157904722661197069479599151526278596487491370111660450435230470947388907287786016850000878086400
-186754010702114241843217544787916353256338817126064544028795905484473892311844242564084051181961469097399740623618748039825851060025123616096202815565849145697948782276789080492251006429050285440312496890566523425106964835672378745236112865971277331200
5760711752447037083095918121972117831340105640732676090017782902933714139669289552229269071496885174938012615550505425530863012966726662980893386517220200896815631689868676082447871788276358502883442024555428213732604990896287193177446734334026542000
-147515458053648982276637311814254064597052216648199301620731318306384887065581778963067156004701751820211460705490155054254564395259302113250544475364721652758553459934545473949856152662904893388134680102277894873469253533495301678980128290186890000
3010441979398850626480887190004617979356988213697179697586106421156351118450379266117374515079589462279560846163214790460192609988543051191590384304899882732994262677939653569231004996496190975376914288979465916147997856129461695218950800222320000
-45901884114660250859785487101560558711041659736488322387805461790937088997234111675008709959136954531408910450391206450920033450810728529304877578986424105251038941905582027503288324862454339563670431619818294597122813009017717499925550096003200
464826242054895408410744780617272263245677454223698193754687489312366705741810589097501730787097514257966979104308462427692410977753780893124079146454707932472769613726050018335003187694989613477633949420157712352253769119988619719172619837600
-2344643151302538875867127515501852364270527546699998502845500916846953734017343034550779942615856479230778371716876749614650601979038353203393479569259958544980628282091820673796087369487254805973764123806542655051689601801870151303175788000
