-401
64480800
-2592079799400
46309521678347200
-465367277690815909500
2992795577520744746630880
-13364910583892292477558706200
43845634820037832660255451817600
-110118996938569079817366883731337050
218497841826750895163545747571610996000
-351128216794006956036769651805054586681960
466275056813727584264364856628398107339316800
-520210776406409947952500449801031630075087632900
494452647548606170174592025162362797646280926911200
-405161058467060683473930368373475903652964021768231000
289151742775141050264488190364174518688792670042024271360
-181335416186855546541844752039126555089422731296471822833950
100714568591642067427420708786520005572710800850724170334681600
-49883863653953531032562324333130774488555281444819946551847836800
22169991924211369858349859601128812905661521759021917520161958272000
-8890222186588569841622939574701656797202534379172186480378745671967680
3232734761544995600459534218138679555554191412798303455767654548654732800
-1070789956129357561319981709192848533693763026292532262641122054290662806400
324418994043032882926041792997648809436988256616175294514211557439079601715200
-90243113403723860532682372019181042520905283708900497506145046511591196501420000
23127649492087796935492690592870948266925639557370953741670862352065010385298319872
-5478276442190175272626874380448906200061343245745597585628767506101197911162564304000
1202906264271969459862728444207431156730067676314114261627939742437079495247755820672000
-245517157767867011554660991654005754344993927756065844136375043068308864274311407087336000
46697888890068974040765246403061546331777917578906411923964984410471683625825032910452160000
-8296710146012132242324892961217715911108467554205237970059916635798702981614498430460234262400
1379964776002683889295744943726368065797687256882586094832858558861669807056463505853032096256000
-215318976577520335722662343626726475047809645354422811009872697225821305431699774975273348870600500
31578534790770365343377271097623267936488314121988591360889612689926880012036395280854781537944304000
-4361033898505653092771163014169607793876018086509401961772683579483889930381963948626350863862559180000
568094975826888243209837640121738231278007724222713736695377759085486709820924309441631482001413668332800
-69918201480916519470050272212668099212961899731592557539811905449792096952150101834481041309132320345234000
8142584878382383149853217676705697877078847040180616971283631635990689263166687389097868062817811612331152000
-898599652676164426323517457968691064125799049710569652834380669402055587888125901845200111417214684976631156000
94101875528112734927554149050133538917789133884220601119960652874661021721775603974952974192330016451727686080000
-9363195428719422195750967551831443455781842439688627449311784936436818324455248705260305277745706843207187094763800
886300807030240606655499082003223844547297304582542772001481986368724885060868039251052811299760186133924812920176000
-79906247986206561995845015592146661318179433916606493668253792894627494073370334670277599745283424445680839270060108000
6869257939374529714636861502651647436369528058362593500030436391664050534316041880210905913851969108972342219391343584000
-563680094286536499543277377385720025815519150305668086974346734174436667424647723811831388431866256455005757584507127310000
44196973160710676173572053763849423614264132646386546260463642995200175954081909627628316310942220609827157612956890689270400
-3314459681477964862288885326803613320524340212188964599877917385960935690582933756739224656806174989352751656810994422980564000
237956898961047262761484337595490558500948919389530228077790255352791631073304042711085159244999956501327112157976110244152832000
-16369554954266105905341572506889091601877127116528807534568368968164676714507582837490826599329322094440470180426536261010195926000
1079940651710017149273679752224586468028878357042133741555864075200868301365264940215971234208148529679038099366748581317790518400000
-68382274042538969898869111382761704990175789119250725368813935587349061189769122120451384938553648158688564067142266868475022741295360
4159198674944123428681696816898462794865747727283915706784453906158639554102835493831376046627907396656874600315996393153690348970752000
-243179302112663121932059993217898029763272972796007848186206290385341138160131650542995214069427616748987390416478580535657907951637936000
13677602100172257728832332662328994488557858140970762531375971602193242114701146220216767483537560706801714413200528264859261015697821568000
-740565228938853536185422785456726095619326965907808244947289189441796992894235415287696959581045189366731371786064953737072848238494704480000
38625923821836877859567360462221625276837993842337306993323470794502136314340789052043529089209582081826581459477085666386910976422062973235200
-1941950344186833975678790780381432573109905069882688618336206958805860753188947865398738205947139272618363509505247038134850867059178749577528000
94169947869290263630700167753356560405851573890476256446939390204303162014904621141674977477187961427998894321197501185663903911021154310076544000
-4407203948483190022362230175560403329552929321817749817549582870271961033930005600083794122793115660921480952808076989942737229500427310081902752000
199178777700481314081593235052905099628057121777755932575955293637226345836790715600454608272856350409700483624178877350701356203679179667361373440000
-8697528620359267515261260595431037379619502111273613988020207809740449664413704800863073576417025316876479368390151027335445526826269645246909796150400
367161460813231319886385061631364512655369898317349982595596410307452252965897541015740821656432769893834286263564881315198006813724922299216498462592000
-14991821385239944920761534890341852188566309347085406144187571741057956105298746187619051026204141067696812713077615264461377095593606303152477614254176000
592390358148135813003999254200577818704265917743033110709303414284102134519076080145293779425963177608724245758979228308391708908071671387253557369289728000
-22663703875391509418162036896850963642590818027324707913501316292819879147903275668742251392808974547650178938393759758805303404404143375180558766492809283750
839903455146343426901334695659487925041964478922223305624705822453151573363811429848280888539753372490621163895370728519455428603072935647874832999379433470400
-30164989908257506295128399096062577693569819307848306944090243892030141849150936442289785033884691542537931126173386965846236117494891050833741563036711540238000
1050378681786488599689042174093057171850587123111691814445229272276902546831027217012074154202847829003606391221745258054211820003978928478040501492847951498704000
-35476857998565836944990384866637411316632600589579302012243203299392259744037486520608716518368980404475829446764383470400657312448403354869146064370353486421517000
1162740794391139087774900158494035215678922704473420349924475833404152113098006594554880093578301974861249407030689854383809822943593543266914839715259390468643880000
-36994378078851627535345859103954813093787699704104225708893001408885860935529046142387828871214460445478294654181954895569456164638607548745977638050745761928989701200
1143075645618315712141533627064471669805271197363871096293825411515187799904384889335117680019909612971176190306562446842669806031364711722410925789086324117845553632000
-34313657936764165929075817600866490709893303996947054087954519495323877287368955116447339508421735000334784955041729994273870988654105390452627515146652488473528456703500
1001090828813022782008871366868439677922411664292241019546343601984798995988332931106080084078315628442869147406689406205619679179589242496613042791308004445103474614488000
-28395623262487721624457258045807230272698793235243304667829769901075402493040141074516415094862011502536276537791094232813710129395489242291165243162877244418498391982350000
783345641845296833919427462136210269297121411390598230246249310963426961290666121134072751779610221674234532982803704652640050318057677984315352492985358094201761150978336640
-21024611864104422035727015636715027181057175692664039238906648101126257734433087851248204353295373028921088725010239666512382929459295624916635651008492925649866347373687091000
549185982225936928574315123239893690265590641570967293811426953064197299350163801939367836836491990510215357230525524984332226185059880590671141262099395577879254672028616488000
-13965878963190381949084864056920879697044935452323364036262745545238891118270758209180337543036083381947565651649444058021191492221221161299616529034883659701305825952046590594000
345868651265935817024604484639912059922330591813988005999802908423669766261805542190500395874324154384524234436618822882191212471993581587961661709282425643876594850047800199040000
-8344135253767461888189993286388603431885588391667431580371182634925474309467037112461789316154925587675769737695059823723938343263793904806698207746080594037529706475348499770621100
196159033918776607473620570719795487476609229314248536344528457492898210256393202899879040409043701058239708023485143607861644576285257106749753324608363180056177705648186649081024000
-4494883323780985031188732402557098352756323650364585326346804156028149545162744723855541777082722535388221221465574133204714249164233128976306029594836819407126069653949383451882352000
100423353480879513444668338153921922146818302464060684678282671107940855391941989539563673391545360845793570131834728696444183410852874052402556775584340912845055542542989912301657216000
-2188150294914657142084826197487914671267372436555698691307053467898294616246332367029509207140467900118556184795766774863210172690132528512844542440790035947472089624188206358676061320000
46511746670147181349871178976526502914125673261796260514349071748920206779881901674591544082464290412263997873521754770434929478347376221299462069188480354417851022300945049098966753395200
-964728839634116867898457032300439180576182924111121598729545612715400800577039362681275800428668803500994942372580420573089556060827372799951862996735915193276154147657717043946321633936000
19530628822144932739042986916826647710140000241431547736362231910107847202275187689572896479229195151019217467252641432851850819700449199218156146216916073047442416746450957600473346097408000
-386014909043264071570209510398855400125374227395762965119369076635508363796311131482820095095736431073030522712459651315599913599030430408669076093946606843029751288734703540477227393289124000
7450316790119203542690775148311704781109356379783391252045088301481696585933600022862458797908873321858970623946576378377593080547881858461978077672333954571694025630824577359949314971094720000
-140453188168887962984249883447203164417306151672753534268955188731426734613413167542113619864133687051998354721884711056128005060832358971481791906005316937907685112080560961412545721654461091200
2586876012500759825426614204005244129564972135385626016990827845105326115594466406656583661596144179346792544642175598391576298982991352533559099324227863708450686305340799158874709994775800704000
-46559183733025549329633049148812248932601507583676761643470196294873589847745064861867200526532586938699472574805659750966157686456988855258127659942686681681740571797814428339496301568308264632000
819062657341577451913785142107767522209872191221133846407362389485212908141300394133751681640997360145334969499575759328130746249254684738725244504058233783239703026960464897758242718952623318336000
-14086561421787326559538066899095392882822909409112675981133411670226389722237744951848752184311245341159555074694774815108577280870075618641962628005795551931872054152563043027142525439750498253840000
236897722587611443313069212374194166225299711742657674206371710765682052795828917209063292135847487301920513132063616879547858768015135412188644856311094259281087300948410905095577167993747548252057600
-3896499704692174548026431918157793260336594705350560280444103274350685109923581425253456937761766640913804360147988646341825322412063183751802922151032684819132337078370753803050462783239173405141943500
62695173056940980887960206286932154030064591947330430649058739814060890653794328741839871688981759517613207534437697645550177405739937242486231054340433650774586329574737502364907605662678811792034128000
-987018125852801487642328124736076727705505633971316026951867376475069188273817276424402653036128185525256574300747248116852371221955569684734556093618340972112154234976216799777898297936281581270323204000
15206584736636366149779772149285540851293883351665005618787059876312156660478156182030894868733328845455947629773781702443088261862594737516061419256848228424541913017182811628044346800161056909684604000000
-229316818486950065175293941988440884591596890331443451231870741640774953655676643040644097709985472322360235851751605451012015297714114901215957808535196969464934502490418517632071554181108754303734796780400
3385463470653335929359794889075502129153464531312163881533156915116234488829026805403489963251035401602534214221526495532046809512375816500649274185413259837409973147246057127280656412084597431442256680240000
-48939210841584944614371883115367963640743329980368657371293944690766658825107568670921633987222796164438325472536997342227339870264589165152647913270242026121390593178235799093774402384495117252654851781820000
692834193111445565229686291720552850893630145764118143831593942972535208055477043436993312452537110145095765799912970574399908548852783098558440511818662492904505228638475929634476863317192068094140588068160000
-9607501521248165967175896677487714436139156565498452274646969076991095893139859870552648110964661470517029256055838285096280536584660195362175268136568240939190293705375537380383414602868810311862026266771725000
130519106380631773777753932042394550329902794898330719989798135190514138638631805167518677865564003302327308286169545123680772212925538813656704123394344204526817726078578366139166104812633009820357990578866384000
-1737370073497614030355087828935630199367382655657603607624969570111182551218135096108929428174001437692469194003288360308233775011232485997202291938009531056430535172743198053720574801201624787627433504888585860000
22663961500307070544291473266415777931340495623004141322910686980107025625777876921483171277547686498580282912287459445257693315178408092292266285747715912511137504508650721959933207066911089639421124012762693280000
-289783541346990361776748752446283425355480752377226390987219746583695257266086696711182760186868083105175553214147362764694496565994705732183789185318682102552598937749197764140822934013881959495400220498233006490000
3632233395959414584276864255054332775350407679826323890734514322131461805577445574802570208486524277082968048535546272444937667587571044325966659833150251553920800758320893109658391661758042370848834343624009706800000
-44637746959715777528640825751308622977469501851062329659182893736799215037286920199893966328277243514587969569031757542052452570904082798538476717673493847629717106906039266636306818057444847817156406258779658463708000
537928144515753481653485091109025593677028782959640833357314833377156679550065896540885976821897988559858917426331901618695573226835339171089442662134596745074295595601713360129765144482542894561430338552358062551040000
-6357749754581637749481882904380644725906828465820110892144086834502321256381865403656101105363849656402981785784095084365668813766814961693894092853961169454279324148367603446489045840684658954001433171457027206603120000
73705882345542250711199161257833471694372279070583652250440399583761267148932594520637478175990398021508826040660283775457646318390567186895648081553573485523993806275444676434385342148032847856428863281159577997327360000
-838265461686893841671959989974921228361549300402248131800272642388260548703291946223670549538493442564566946209587045508734796405795458838035646713913968069242374925865043120989868074499076260189248086893797431970988800000
9354091778745183030516534403065328937367410174378992083066694553730808221961210756590125143190374917195352109930133673194483653261373960943814638900005123008431963860828703487576617842138047498955650334324313786052978688000
-102428556267777124972611382403363621601991754766934645398295341038902046482229087316421818461904413806045567526579633329135047108338075674440128416224825717128225900347339871832415038343477304454044314693149228210907858560000
1100772135997167682735832105202982621163869605323492552694427950245814731689216560252278950804856609236246294833091023326445689984792971628185855180631642990588616308853668144131071745254264972813453665215762236873626772480000
-11611470053063487341079489522830973746673777364342043641345841284706587930646154892284830182229598117982774134314845607089799167473171308089130555254641900856699525825588926745585997179525328670778629272184394575214570487040000
120239105188985932045469694486825364749116779373428238088196749240122452803470952150600063408103118990254501734053312606711965957083951741980799705002520185130034493825602727065371840011693679562388122058690743627530867609600000
-1222439252692550655374222829344841682266350390072865797524311964271053278672288254569444436320118383561961757525495765203836008894656084651231323445282913723834873606289032280909548802052219887612026628994054413737093510341184000
12203518965476620708250557252717851258797197801588010720999483416286944007290598407750153596922922132464744927254044193852378325253939849233247062001403638404187222614247999329126402083734202498010642175655419241295921553955840000
-119638596942048647130193265428972769559924127359198989544214029941839694216059006171975219188538163719622291423685055538454547708013917023687698975145042643444221107377265877325190621664353911979455715825390473624843925382193920000
1151959395448615937917212860173793462048599873135649098082143312161257977119554996832835886683371761872220135915860229387120819202974639478791359978011015397964609501874616622494227525883387075541759074341746386005569720290498560000
-10895141459619860351951787213239718666650470639356904922515328510083958202563168926535845396782605259512721986574139819109134048685782189529346613215547080791428416806068946561278813602470835422779676989213610053645940203775088000000
101229635618673462173116970270034521417577518434513793857989461233916717824979879173041145044691936073921211335864788632255209257728455369415195130891536832062490357647223384702733634787347584213597592741508803401478592961488139231232
-924080684179658069125659921666966050418393919067895664831766356092553560770043398157784577072435048848137537972424067304710645104327059360827485156491306083815596817965724932479445201660137858538399541954091920695344235635151711897600
8288709823401295317536578348775702923065899005480228261054082848820255982622835792565131770985388020767422276244437638111916327641713952002581308981332397157776056968735653632070574506452691690152355293792695539142962443909025262796800
-73060950107796927848674318566597942446313960978664436326699675462528986098781865030204994810204881701365284598900936913037635515688073962790331109567692919942293995315789605138106454986473289539595501371072980448999585404175396812580900
632922695002704472006783832976429264050274659857236051971457557519270394567657812796968454530324845025468386982606758330839825487746694458016593519336494882451841978530390570080489546953307458688064868556810339614673410964841367976784000
-5389243120330424628772082860895925889118258806397403852943474200271037221815415794041216424578004468876327003265331072814566966124984442556393244025209523673355178257544481267760504514563780864655101931964116253307166775813706372380307360
45108728034745189305799311353597738751409981641566522314364001755546400940595904938877706848457814923920261683411931431681393800722147038564205207842264202577981341699999375869769760997141278678343851844724996132220816716851045004877766400
-371186530041188074328373959133653752809969521224912951668191430194270909530522214326301020133800282962977235960890294586787373678038296369847339880899926226642747407536777462929291725349352910529436779496162521260871443894166223580369577200
3003066690443468126704859180255269143091206858586677728483137088470942303393752905006817321125469280083532036454007113963724044423733205386488354629167858112233414381107088940852326157397059965610761285954819986584082428547793351180612297600
-23890235096702896221828670617262414833195781004389283811827451403577174945883305508782513936075276192555810522793085664632889347611281450402814046391372393185675098979129100008690717863298230718849921802863458508777191718974690423780049212000
186895701462140583359311085976779481879710379834392676474903194036566216465528568791230491465013365071596007741988860451067151255145463049252763537903775601143528829193322938976081634572159590835157555608508118537581173471853797632969234373120
-1437942949641539560712952210744247630238548097011962036427395059870975099163443067789579102937323038306307843951325950826617158270084078677763544293976902407046381381831521454962764760369332319085050602880014479265272972043260957621090338314600
10881448826441853422514893089478767084982762177782673128981606646256824299876506249895545801502150662087565437268619929021582834643112678499659636803352730709020813065389453635850146755009697263801369664247121131600258445588387252002701418908800
-80997770494114567087557430145202771774096902858429867398920689632085099888552504540350918199093697301278461126385620419991205518299922493492766810246422655278232692591389034817118738371660872454562631773507621836392450980428114455059175858026400
593114464546727858369009120487722589441500430433759000031018020244676773056902248453436566782660125986484999749549069769699071307337768975692596051636244359441248452348725254693129708856817982240645988474502268899788000864912252631943077500832000
-4272875281044006139263390654183005987333127667228428804254070177375949236347329305299678401340734308643758594369187663293432579983030628425345421177912721418237945036739405851424724898994467138283747664213683411781579872965636478769540535009947920
30286886203144778690458076102181439753281240926806005085030107610070859935922018293990779151800024081991774111891048011232358491585366739987911913504927352862436055257648864372152921521367149998840386340777237884827736818988858336512431577566614400
-211240667275921059347845291052494105464303406081294194462575840307356453521536643860939357645888711903346416176057395316191489842347313142812932343760784969476017630592638530981277049394986702756740498601859174985544456606434044330098137263153935200
1449853300088516432177064027081991915992269140315996028226878788147004399464751872422639773305089368333829341441733461167690741960640133709231780542398830849229694678905472301837947891666349146917406350421445495015459708231514058869281322370687129600
-9793291979017074366940609228069019951459161706132329460532300224817234336951700955385659714890882637715943610582387984107475104779950826002293081677811161405158043267790074168447732033480285168932606118430737039898744407477190232230222242373181559000
65106643503405021960213583612964344006428337057614862434024389832297443361796002508441663367828205068698394012497686699957500130593217914639549002834612741810576487790659948012791923553471597611068915710334111794953003486303531124861428972649409064960
-426036787815371058740870318551995286345311343332773929752762808020173057202107121875116598557961962094548484182456362795251074578522940552800595452260553494626020895077885290324839625485831572188963581715891986475840668572295366811376262912835561241600
2744269173473882567830960311901954180988318594158705577775304769954367540287643783055265379539999140537016641692094314877902150619360689593475888851453142765698787562019575608815543391671241991583424446582370187493415444486784982979734591483335991500800
-17401878898283503790358696787903840845358586914392883885877305817766243071737256142030094750820273037946037275434022281482650429810872064575649220863782285003983952520171338264136802888648671425537020880065352078719545516475574040400666341912934587814400
108639269190671304236012583883765251167366341441144709994261275903896278984855803850518946554825901673767882814970293599995286229079179683355929102820603788187567038389971059114875946145070305823135493625379838660894960073127992522838266519036653027840000
-667774203037290313206434505053716355631019217228966868307392387501544856883757445703583147887954534550389864941920292229908803589683539083902593371075214422672387065616506108739842587902638594028687195728162536295130394358829977506713559904412806684591104
4041613965139514197732027617096305297008054558028043850112720910276443587998707403495218385532990911273795068724398067090365110976550519432417783658978974182219613835142223718525427706265695626330372922700163589699048042696308797681087288575455783626752000
-24087522427190775903960656457380105197460097319805555489481099860731278252106042821116736756957074511325647488666180775802545216678413992134939038975520594181487801517381352985188530941381037511202101815142158319372828009658657916996739801548413047007136000
141374380849954935409328143534211944691761189754484381212815040030141901901548696453452548016226510370372649825401508357856520671958676372651695691525683518124779872103723305110898485330352578313429842051604571567143901315862374664958608860452798725037568000
-817182787941308497241851431792353029097237421887902319048690747281666496128090869173618761376472051531562434698733588009645856650170987963609280817709492540147387787457366726308294774055969944261111903257050627984564079603853669714363758459907737949982080000
4652278584951525952913692879701597415517325519922569306564150911558677072816472704353418510136455413955503998682788147080429622858846495305332902939564351786522335567836370087722927201510066393184509539225238572038157608819841395581761391347027711377596211200
-26087820393466879896629154291111049116887402493270604060662263894882267699782213494394693334392315420177426577097579080018525167793905612337370751136080262432107598753484148751689236544792538229204638982181631399292701269214318542408985382567888586174542528000
144099514065937873004416106740368840900744599142512040410048624845470830940839301054356212700887765389589718987585280818803287705200042067871220029562237814542428243964638477051401392918438624892801736650654934410178906373729883491665713733108165312379257344000
-784090918609790212117484004618309655561386160620149336371566057247805690695032372108659864791319155072332104555224394751793870854480776893663792467378853469556153876599286845346547468749477146673750580893086617748576834845711672162209403796034844237208026752000
4203156571733664394057253759972838278615523614067585857563966301895598560301838814452180881947690830877039943409042758465373417910653648377410591162500780119229855360022758327651758750244418453274264416859740454779760794995880139686824825063828254065362595840000
-22198084830271998427380264281331551097933492505685612325332258124319797693412848029404269821101943282242448335501796483878005916989776715401339427178174530191406081036345193306908024796554516378950539977494287860417126532978046514289000123963072022573870637506400
115507799926973772149417462530998017518200280435433640308661509039321566023206085498477987480044369812463308957697708797710946263013814411995396085713984052784107565687366987123789760601800592924379801402894546761817137717220744332676221469856068608647956158592000
-592226148253841253585930708191720021460008959554589404778713864952141135474186147173399731799738236124661845123492249759700952458175195314542924520096652651671664445823618338912352492657235268332791226084792010693104275255908843742261634366690406331879402409376000
2992047135097655882846424435319016971682032543901977680087934040432677515035227329119642922162763480427777063292431467866467622054491054140604683811269294242884220779547440132066803409777033555604171472762008399990845461859729606428968485991553563278288077993728000
-14896269765959682145767045806491410157387067511570282616455041927577992365065144092272671976955861237607134431148610786163717539084124948122310759434414591225216076126015019738414831595263001125192466577193513340302430159515433259550528893393031673512015358557040000
73086653085687070791661300666589406912144533697906779459158812874863467700861035345065727529618222981620223646468570592198520991761288303779092084562400860881522959948891910985436163275256221792422733352257143726142788282366703877969566481684760287274231902097894400
-353405105617737470882381695722155085063459805217650922813021339146145404042721318571392178280010891318986307873918735976102915138163480187147812629101360963425697735461972081552273246320638527824479863025167045862603274230075172674555628024825297012550988162107488000
1684240359922002320983868763377068975795280204779246995335949378916148945538605754740610176039040753952780958519067985085725219866025475228017859089932234514354632199638625741449164248089523038122817869210118770830446641488319816075174356629337010166451896396501504000
-7911406398716670270304647429217746372024194434134716160028846400530267812948970207846013155779758575566816933729537849302373599566966391344420482729802503373355799076370822169930054156709350050496344410652987396555701686103917809516666336410417120069362707927968392000
36630523516903906604988851092040011912624889603654454150842570218343987100744785556722691072452479746260840702930362564046983117073479065557444229410352685343390317911112269309602267486546145116684870447979799493033366862868320126413079245366533383213911435047601280000
-167183483820177930280437178127722131878447597356803673250874943057778209085651832516168846890918841903513880607516185209701076820938026374605275131607437008632474959266215205335842515008405643150029449721764136087563810469868314636470988427096578539076059937516043475200
752185600060962638339807638400982308058156899841356015624811309759628644277157247899427977735689027079316238593920499510559613780739603633359666096038932076730905428715272132074260157809440388933958291624612350592657395623127645209607169298889431708930831550891237632000
-3336247224283373935743460616821988085332178675178583433688509519765048398327330401487940811064896804565529978352435985136462305349760295090540674219981765491901001137092072179366826498353209150714818995136112723354405269114384134041002701929839594393955412507209827216000
14588571176331107411494476188470287169754849396169988009411694940381951083761381412794606897179497297173311481403989516748942324358776749610385883808929587138095753978198859643091827909134324166271836397188457493763163700074766293234458405124192836296760090402070383488000
-62893818628306836929756787703133975189333191882517098854817726320958982864577695498249969125853939909946706338692552902419596277147883975521720751887981713608136751486471335543485296533219634753687126626470584435640009973320744828393040141657922775717882507587866191200000
267339289265582720136098599054470803403971839559136191364073545846764295620547464136495934071091019811174610427612792379604028244049075735429078223600650042470295828947033226961918104865580381181909400676814197534493842882840858082641384276913036906182892189641079814062080
-1120458523660391162243963088269843493411694346292770404307878618593626506938842153006217221099541310917669931520042315685759716128088560735798039784961079279561794808659884707203351561343426297357353691337403253968093464368053150845135515035841781261143917178465689141936000
4630470362135981504613948385344989523412776992665503839463425596302276201167792500048547864604673389100595658136643962350112737927667085945457684798061886957241683343445772058189930522846439068321724189244351051669603147839400477073043678467889402899640117620425474946048000
-18869853609011220929530336247651464849592460767642717435929779154076536935556806723544008162926449121970130336814450779155394091118753665446902534025734019008274663181911619455791858960938128809004420595337169383235202298938892545077647412976217524119203164587693348333824000
75830415739093187069265194446103511564355833102639627260395067690736709085930352789348849631984319744854217476615233055274446589446356916542653796109781601307869468222057367782770817384301159934066015288399673224473788209212315598895099431816040960194394665344758138992640000
-300515469485040256570392599755374598406631275500371320366110712548095190843905655200777211160383291344414394389347917886737475818873508470401027471428767512022584802135197162983813448239557198663395383612524890175791940736144152321411409325450971460800014488423836105086233600
1174506294461846538606058071263946875247552532433916664927102824537044297660440160309743723237247844197027534495653594402425640360445774687895594073494075035541398555153708517702373978590180510877602787391950396450303717586639518428421502702321125296567072284050791334063104000
-4527153730165595354111993610818951370335157731057999578187951555621790991196474409729113312153184790591229456641757154103323828169926191728850554417386276364956501126867529356801292188879920211548112881470898767286119663999196165752492820931175411015873508272272457588430592000
17210457036484883864036135166191356471083328885797009235816670800839722137752860642343243273816664040722344787362279757627948377436461026647060879213660653246598646464921583130970949002677906237051370514671177516818372201709984241221934546220842782025527429459212013511847936000
-64531588743400684727081379332235401323891575655939902452763092946969474444028736242977995551590749546594342480851388345701793087596631174022659006137114591989291858916867626729711339825878627341165117851634352252850551132622694633208839820711391982639135737615183986745673920000
238660347020735867641053401617444212066410520970818088907551241865759187647257306608946172825073797358940116694119659057576337819010407231061857892207784268681858475800188070736010008759690668643836843161094807034530646023750188338730229631741859798233199273173981835100669747200
-870624612549195576819260739713537599255443976156841742125607136075504054717947403762922064440641652089404481078198970151503691595797446080360786659905290022805929845599570339554808161507595121869448167162272231523671527963562045302620205534569933397965687197101467727450573056000
3132844412087574074818302422134858394278104218243807660932523010284904521526745337593182796553942645363434603878633441393920687491274678577710500929085831855349474229502849236948743761011859343277657404282737265494770674217476601690620426744430891913775582698552200151006906368000
-11120338994094352102322311197764059799992873497855742918673934452843856568503307204007128058716273835993674035163018211208609882599390203438315592888759653889672334438963868173378184303566795994499351091248850416398184825580069092867252344898032662031081464424294459437100312704000
38938775548873815429536538300056790117384972904224302910549416907749211376736196217273076833913707102435227130208849636291619050853327920440763538493492833585851896408991927189220438752838242014276723341827110385573890932044316848235937496146410385119332313490404831510666193920000
-134507042928535004373369414475218331978615609588079634272809496892333363099456520900004707874400919373428677517013123504022193552921353047282095679049225757368125133908523609762409361022650460316407802699423337733835173770550092944373120268890679264120937917578032490144365236787200
458373278607370185677401540735153724721950949370632935851420647834623055851660718683385468680834469902268391461721759656260494572494794847677150703637502978427272186823487710470182609093388482402780023343447530140905918235651093852812870037238267758984539949927386836291425296384000
-1541053847405643410978193217070658289411470128367733674333157574616961742434008097099141298608305710076970421891043015584797008350458099746000516133808626482132726590124310882501709581792732431194481004587588339384588129024845095997072175396191384311123777337623441360933441215222000
5111554268696127539348109435300651640939782472015093853021833731350502220226222674777661298978586998078602098458539736946839914513565441751935777319238729069786105282371039709921104519575174564120929879427789054944955099929599755715059771122721090885875189605574684609682099627456000
-16727722964819814762031297125061238159112241156492162674233025601067717237595990959161192844316549782611091174849772736238110800060136242782898554934744342275486386892954328458721246629649175661333678621525232196628105932692877933697665445592781994870836904234525614569866505489840000
54010859032970876455572768858028101938807745436672761722330938887486917858332291545088089747634680239575524788516915120693498792588646609964842944922239878164763093679667603704088357033578098382535272227123784567342862169422768736033256351034829775207412800901988608926493887653401600
-172066820667173592123471296248692452514082307509037795277683047577704249325593437649562834854338565730957168920310356545347611665216615872567349641147134722230178342877606197400167991866786119599817245197744282962157855752936421068290037445892275146781528936859378277370599605384776000
540873910351460765552488092245883420523536521364697331070501954188443319429199274543159301954455675504417195777435672541937330059086948994466132016357578371880334881195726126239823073612125339540336143063805317506752586745657447472566627537408601863128972095785752655646736248295488000
-1677600369273711221020454406510118515595359412008547632031931081610349513127036633675761188647993744880895259538538043926179816426762466505461132914830947283071448845749329399356794364912090728295231455671093133171834361047640767276851449052807717598992287009776047486702280062850384000
5134344202317461679949472843337955205428084157860558395047348478350909345496246054430500645542709574999734992956511475060048830860928030616951322170589399527998272773536494613823981137530501660801041701657445209475172964293175954999984738395502521981714229074640967535878294578860800000
-15505847849603792209989406723701708169272949858842832867002868588331704996132300490531472712055121484238574672103488567468223970420774175663958416738234251309542983732899552146113768634870553278160665965048025968745259231489498713498828909572877503947826514661142587982540846585524087520
46209353260867220664902467006600966896375415534384720110570168511550141866150070024504079466632920638160550246807257828350143957789688640131199558805064326567881370298782358812705075211960461738336778351817586857675038030527354399773743241815164265125078893225454013343677580478134208000
-135893141928347315903497238834209788860512712917350339650722686767975746826595675735967454753395514601934897264143969160585536332293139588026260990538459562669494676790093782728364153274424554632271306535708630775424750969247891037879861478974959962803011762336408323674180928944090544000
394373380317282928572181848301604432755136896386997059368323122520705562243350482967696858668448066739658769531255443224847617293591233701648586580127531753227940677684022802398760606139313774602212868335035224627984100995275153121942497852254930036437132244930373079784577292685619072000
-1129454809042564538684051652965847854621323313049890535390561114898844012782913478289719100836192397980734103387703767799727587157263340751897990954260377547300848463806474858321229403179404849720413800281410352924026458023881899385782309845275947625739129339966035070985314413416366520000
3192198082066380622171015327368745860333189716378674556372380416019633467276700328312663317570959863475542507173775198671753572687474373852407751899660454576042964357812679542461923702368518511133655432295652494441503071463286055477589045429684615233665456906217865118176126228862399756800
-8903867612022507831635220784805391737165095691845645533627505135784803359275300083908200433223835051378136225412948944075363173511945147069475057818911059145379523899813785796104854346094110980543291668481357986251496631486281788024432730754185584931021109593375379505912837710417992912000
24510000060054583391841993092239388694767611077144801091797509528252447567813489124533596058242147820956239913648116732049224883709793787186135546217092516705542850545656506854819477230051870017434300424297256346573701385728252922146558600152108523274377509831216895691414759588770405376000
-66587275264853817680448695037040981624835907525295129574856783409352069382814674353511124257988335069150646512815705813953165337384384993632045434904733800296306167358192234795555586519707069301016442515038522078569552971855160496263407409996264319066672276558610860504849680976916307708000
178537617706089126318860629627028679927217359707025149969259551587722679565835366870795606169629674304592928723723712024225515082403314266023789778989547462070542760490636078369439122116895033459285404348831567634487901926779982081966307453097742200249276734290526864822874811382899612160000
-472460737503816488220801685671289659323949956806565578833618116322875837369899164380696554095282372358736947278623150043971470195726738733769666462536489305466993439728292992784397165309835993191203310043378520963999379654357158479536282224126068310913624584318339583938646561523713551897600
1233973508163423581013787201766751905531971451168379989370704040026594244724329526160405096700420795981086054436295228928213709358709489453577790621588530725718245258902673102602585350334173295484672871046114292529229978351983342422687695627263071880529104617248860690918573755620435565568000
-3180946705573374996117709679492047337113243512326784452396797302540074969095466489684185948923563816304305068726100399117480769961997270372533866323544464317584966646508699662874415515612013071710745479280652892256118672168158911157558925602701533438555991314538119728278595576827091565504000
8093258394889590305095097174791730217056931497606413694572662087037535185536994155419448355840878539170767323352756756175561291592348716384366621646044316716424604243862377823732494253744316447215384340944793243380023596855009355126613808992286438049756335590816730288846014781553590195712000
-20324158915719218557023793575572603144655262618617905645565748172760759324235348345794690762588004113838197572324739949863971227608919209707923908690787986810472783890850571264266649961827782186479283695745391452417669965855322536604424427966588824524242889654595992376380817755973679807360000
50376654016818716828330084861326264530059953916511955808466006763488085675145251964689507600092658936660363981539846500716373550557480310903084689284061100633785390742630504124924081904302433137870208950215770060621026587514103514418356587532717818468137443484369722498998563011540083020185600
-123247667454341830254838338830934637876879574755663948811671646562464582034239000032353477473692055776858222879648186274525687134096013162037735808006026113079634632765722712905938342956245739680259666508538646124176677808466163958618040823986669997193191625654222007344139895725142377750752000
297622348352441508673749223494727846041660052339528529959710468982373219908628027175751845027256281647478227188739505142365837783608185535510098201278031841205194702819254202254455623484053930865418403406718055768276633331697518232758704966705010060116634588468493552615617996192261251222016000
-709405074369150677090234214077356413939506896491557387598815815060102079614292926403241346459736339874198113400783707684786108210878386350180485521971458902369346863716367693560684489129769740060643053671887913543958256752687058598859688210450370856405858435273662658017830143815141354992768000
1669049198136297458411251406694791554574215679408422168358674268079938255325719101256057078345252363199360211758396062950131658024551554716423051777470432696218950816324824973236330304901966545077103525287959637294890633889477027007262717993103143125390151703181336801374699306271773951697920000
-3876090886771032450886013829832670775324306127710455788133953438149858261092275882237232885600923778429158825658170989083837778793752464910757591794203597220820377907143112640841668648786899620520899036072147751892210788012626184145523486883115421290020215735315814830812346626534166610429708800
8885304061810462382039641047236252738586624230840126738590066274958705409633119874189320322513450302674568950690788967011864575126400482615188468239369274684036967107220222584890424477758057400821438055703971300789335186132422095717385180308216510055704497322453648132875050230477780833801728000
-20105154879086870656966046803519300313468155473390926335268006265412100299611570266414463809872016017436894441891581714841776272712661363115777380339455876246646994174496338811769042011325080901862760889090572347011693286907095910399229834275452084893312199251441917840147451029790412410580864000
44905784607169597168865908233837312723311045159574432824124514707954167678385978656944385052788203323789956352425783028633308012683559350157767604196023308059031449193622581280556838751672050230885410474231696831371690497764784269940341775475939873580204158443889012414101584201992412621770752000
-99005548911195326187934293255107077487569442976281920264046046706940166601989973073271536122143953138836573690352005890117978693062794027248147345627094197505388115175472298592187505717947236862079451006694066126644078071492930083349615531569392707964167829796221739443359130906118675189002500000
215467365073379876702851332220734367788058290357626406854548883792273378677350069596459550889744833205421399366088347673079277441716274464120333470653051462802047229186623920388994580345294909007732653710884452929760749542810964244209920806048185896151311700061798051652573542848642590767872384000
-462881913867111891518920088259066459893975564051424494716018800887054516316317573546705384551986291476718283449057168698187479780960102897165079294921412635209386643873880289464375251162727776076307178095911907700642145892100654939618089913925076306977889347037371587782493382196477959746354400000
981583816726252219333878706830031830727056566885195858382829210940057464862827803694921127535264531472451634400927146616242160543093643652681452089399223766706128536346264181147532698966670992012463621744968580377351948726379762203069105184933162650470374444089108427102575576071213095876179200000
-2054728496935606874254668344896960097803672561533286351986078913643894912934332354468110040300955688697248566878379680542852092640385907612993181979304311569360972394190355290087932165732845439708761425196642159335993902057526673277380940653063865038016211447415445362265715729096283384386699600000
4245731010620361184840789875346286230201673476244673234705888733671220090493397416719063403958954986122191695561511454465465051362716518543581190276261230748001658409154419237503638936687155695864712496602050769162454934630414948539062922697240716529422335051618726939896511439615439589865616000000
-8660087368184264502939623220032885265122698861252863642684311914023786748285974946340333844056242002978650399674530197509983828111313328305689111758012534195465537693878468622795465877268067802258947884609789792880870508536037870743164998524668630514956509913132556815534470337352467810701131040000
17436700714711444279451905300881415132489697825247046902606819063411773546894644932343949105252949547422765670452793696153982543285911133471322467106704647101081639583784087045466630195342688567956023326445827764605624471751127393276843526948340504535652019734768124740185219412026557627887961600000
-34656025794398152769822504335842582242649197463054647304179728057123240538164172691129582406224821338708479546819792494676437844327751845373098683926760237680819161670527465068796144812856249905882719741996048542921668570052771164361193705082354008503835577347768461658940142260708328168820051800000
67993196032583691867953629313843782715265547720254132396301114310823750597744337926239092288526555479535772872789510548968976177034712456563566966096393126339763313891418544445608041708392950505173796628405075105521795625881131762575097421498493067725700142099974477117225081185370249036036054400000
-131681249055360829938949934629749505771793684856350892504305494687181398059350542687340648362495408280870973670373359013905600823537988210539182170350135310882829290335588420369174241781111301707961780689955734340803908560642936258351161627270211435586453933249174399625541196111888889966879308000000
251740689004414214244175252122597262496385515118046207823169885144298112838641790760682232530897514253711795676294028995058356044288757687929102703791505397587425715825623957788971294708603110712897654289230721752190374833833203049555133362800902535508835861597371415389155949673314286050579444480000
-475064728486946207773162163788164056210187438352525256270724482513851141013815092967206012104280078203755714675324689699899607010107904998380284754416945109405098747878702349960676313026927067499983983662553774234486665952851888942177037706427550649860962963824901655675043739055115233326381652400000
884953847692609012297201365904381091516393954845224636616611370228938962533737485220400923258292530445893071585902774353823206407121549534272035365132970155909385821147686166410039060418263329001020566123312263093571344193038844269933020158787364553334620107727164628827131985700561111883885507200000
-1627253335112616991982197632026386225356137369444496548197097494684972733575074063415389078522243752094712320054601992591821970724993984090833493177144177186093035431348060660171782332038433965799719283696522762994087820371342894262824192865595924189352341405277492518973723364074100411879278701600000
2953618210193731372502481582754078602351575120603725462038043245897970501515444038005419016844702162377755524995380588433677665390440928389517280380355881211010414970364085524528814134657040905693438408530233715572679491187143629788862455424537130301501212459501241651357567941513676768677782528000000
-5291950571357695683569941003850758087522307361483074156385210087151327321647488544552035554815800483672686596094588057412221679617341914075114112023144223903775795752717777607932259505394813862994245437477927945847501669618132113504173511497702367782035184497100479855238756408544322156324927685280000
9359156396926060167977554448366072738938575647312225639088321140341666680663728642695289202849107723401084126492933752128637780518471813739359198137383562256088044966842342864048513221090464695972329872724862839783326242715768163412281178027995165692234192791827986617484634532560954045173061273600000
-16338571008683314209984311763841304873486496114579946941183537470546939697271662202773688310765730249254774910188137217682800709768236507432396460965297507929370832820078215412057370503801411090808740680243354315807115720861484695764998818353393582318095539383548218492790393086289089862652111628800000
28154283345620494631481035929387126852055038233513501687739120132484753477227153253342619400786373762843940738394610208024866429919856409156144976140848312872857135279320540137981364011292336556283272903793828656573449826908123605200429469848676587038406362908005187692906028507105750676634281062400000
-47887723444542115507540431056661304096233429298520974677655569742946596359705181305424287046839427222090695694597053928978065355849137652398498740407535010801361828205798080104015769057436147228097716181851015501678150979606475693372438361062655109285881153249784085792161532127990860021992919776000000
80398720830440253767395160019426898485664640916080795403838695483801519279394408183847362789375928658615775915347150466417218064157479317919385407135522669696260551424698164440854529654846900009309045330149403385208119002429357675556865443972513640872868956266559617322630080162105904366120091351040000
-133233950004638456756283026349200649656865597763718067404884056722074085546534275641435864520665030827042155589771118126192258469892802125017277506024619785354112786694855169227164659039532047184770269200443402050459320083261090199174106865106476476881083734536187640015862872447894616619676669990400000
217929851970412248629267743536845895368846100280892218893412279965402106981916576813423720963238288716290888075766516744234094268510260939528990097874229336984012575355324411931308752067284860474070951893173924788464594891717463212902727012124530816451951483171912946818715071011167197982441512755200000
-351843465646234798584488799589915889575317234969949184759676755393544046191847202260707193361190692551078569089154978751824480661099495650891163660064668159379902066451899846051365198263937057597779385245455437202786304613730309323809867392737537989093870747016802807626462513108023368529892281673600000
560670544117804520897203164456761824648656357397960991826842525650911304071781158099996301738450031838947156110522602872215910861383367531298639854427980422037294949524164203639858737576442013687853474335107453035197608035943848666834646189617405418017038915586202115989975908373618309555545191680000000
-881831602517188835339455492308226305996601097417231415321127153824163713624962553958203783315062025276805510285127718159067140057357542587107001541281998455467010093330797846112028060200029222200474950089846363853007361080661060284776200881369289119943887079056628067262889948304560855161914366197370880
1368916854116300822148834893854772665933359586790768915071288323106033415223906569373697719214188125142006934903977569180755326067992058300964504543378350326894391948187362571225160621062568180365493406752067020917511149246657222835369477408262035141196364443925306343999470436091269212152747178840064000
-2097371868779190619372247239030420384185533001322459106980523116232800031510462923285976741408145345363155844440543990119991669193081117669893918470601589691292574536765964602111590654880396451326237906222535036127032663899156081667500378612239720854323864186517393098893242551971091908144775797738752000
3171566778466706532366988310397482382572546208564474712663200385358389924072563659340034381952181791129225272931761688070337509483614921987601308512966443303279083793882910930768877543270217208779534431393891659248039269542206806179766855389646878734735981851636356025372599682706899466842930510002176000
-4733311229224794445857701492135618934930832842885957711401454664024932944375454025971157704542529353321307201380040209186131302322367517570466116779883656665884843807644864513749788800511080413344557516379826065017940682433371292904378009659497639639377115949296399961296434379834983805024669293749760000
6971743426224281627781118310046613442705658536874209700379634323747050790934309646926775860211692292867382061043825160707588029392188717613671092667591497129285456370949550844581311374974997888019813005594682371444187417158609287954013198818116815595555288845210488315157667038263366534564286447953510400
-10134325218189333942727176449685525964650795906300683397013334104183392236303054939490956151169843540649584229207458556134160974426984530387365366256379760345785202044349807147354715395156756192050285125396383912897194126825178738661789968649412512782448953122542986592765734106447747999805706000736864750
14538412134534599611520014276682507777598331749364901107265930340195684736698315820476420191609941333913146374447230285255250202863111299539185198618063786768669313147908869579042135280199442273299347699458858855014230918029634602275309589993325173903656424870432452658446590229286393714932705339699608000
-20582542279943168433249377822722935602390691500884865477516667830494272317352310377595042509415690786070145647629103425148714220407592986218890024069624377647363290414029928227272905810951187451308674796495169790276667252904853614786045757950258163769588223521947945453609027754300551116431004042684814000
28756218042012995416945658078227717604926217669130299079513753657129786401250108504467843114778231398913165428300108421236080212528131880389892414481078050015815023294269388850196281101986334251675571352954298724597564957920169359099420229798276637326304144369895521055324728032275124858483232195113680000
-39646572155823271980099885777350614031016692499713210125884043707073272520457268679362536185509555393640620282292875813130531240944296144736958031391286321590591360740372800447147094600387993174414421977317952595136355793537244148482619302328834036619066162121577403223037277771243696922122717807940681800
53939964290038326611700612349273423883892295487051281021519548608675017941544893075605464594956409827844756943716383058982364254939260531909708758669784886966075179657047770077385721401094511346056702468516725334584598801324581078982533388233237012284832164904035374270945742191671669980510172875323944000
-72416311535998223669286366357904418811081263842436118307502142082769996335279889155185781724220585346201988020250432864731626109236603823192165813075161206050530131281023124337475029531505548658565169998704851941310425845429599360407221744936344375927004222088765048462903484108704126950554687979593682000
95933893198782535980917005047167050333198374537872549736920242931492146831591707312061523962378821096780068618479198257327536376723221118228462718612430013919851045837625394747524352036763816661823123904080194785036026848276034764024845565672586098612720306473098048558642918877658728053509912951555296000
-125402567433928531630817317275340824733213353883621422230574476760123852690142368208582488817041472911245238628996604643506445156126163050622763085100801142363522003142746521873180757752372697385436692253231550532178420942553204591030813178096317672665746721780756395115001766591326595777591549291945667500
161743865402570461815491766885457750673343292863836154360363315158775052776964544576156176676288336780476308067782078493275041316643408251665466560286082794883850038542647333074905237652957058574344091670042020946993131438842279231572900454528331356630440371263991331348328942837678857090083761746774948800
-205837333373487156342585168030994447953264695657246403405773569923001577637257227886822077686929494112131680139683380320071104858346369156272498960101762751785237672007641459476649925440394006717830484120483545934931264068214045924119252380405952809765786692725226121194814286531443166468943868032228366000
258453778071337546305004749130866964401136633108494158448815438439979761498494423860696851097819198992342871307822226980462690430224862123416851504672936742524094804201882510915763836300418694740092332542085359083835757399794858656451381266042413947562107736666532572492112617879371862657185589856791728000
-320177681714376821919976714794736437562930694532391467146082803325825340260240843615688679551830291667711233854367597043336890265233314172912413626800009642174849401223419750692692120495967283942542819567235589708209709653619223917841871114232789399256984574590360724863982852543061793044781719601912419000
391322869651048024911246951485558388331637078321812873708206950237503532187444897242596244103368817389096081066876774540328555092622190205392046283967784479953893410044074055793337448855921651053447118786726490150689829075967498559913974120627795282960264725152658234504368976090827724559921715863422760000
-471847346573343929186879537483293112383254195083205396595680372192411494963080849280129663277506480347310488640048496006439236230405804406641512488436930364505174000497725014791360152152048958151564543051742732657555372642066105499519866106684551895301649240132288223198471020128392974163809036297815144400
561274821920280574253697476811869205182406101257728291371286302129996435233381122167619277841028391813034194626906450227019398933678069102602123214414975785231301326009739209599177882817540569765126815824951255088629476096606731613649807370269501417104234387031177396530799258158472926879404656948804224000
-658631544856360816054596316019356195749364058348997040873445108293954105180261257612810916472812525573531975493676163621311947951247958008226218251322785369085557515411271747401760194806585473146883309492252285805438273495338270686935490463677109976869841003174817907042257774593751947622313934125274874500
762407393603133818012614329665256446748099881145388677028188441851306317837506195129042699968367779069620558303350776046073667614620668911238474969181383613918732546653802361387441875328445865895529483509983888164429560721193405100072436679444935956802250439773751029483149683073061063817738970398847616000
-870549494067726657642007611094812042430082347370510473896337766765720524490119593178075356369390056219607096283162998515499828923535575182693780525508472884852460807207326008710352905889112657225934585938160914445305078757849441262237061568882427605318249759571698105951875520558343008361868949297261600000
980494858931737993934752268199824271418508350672801323961579710704621638267377540079811524682567503187586830188624020648677202358890130932378518347645747919870323328458726613129428351894361119892577907991653475025366021663187887721683358098395102858982971788711126715670174536715073376267511400004542863360
-1089245660537417660900131415359301209945275010182811017121517052856261895326307817806842709990840618531421123512816474314670083092064132143359222263830096325864131900740649806186697572451432337887384549776749571046282288164871809998522555385904820145996560433990746407183214137911062335468364737258249840000
1193486962852399713109721856821894867944573246830915140708730488703510407588699850886325643685568070497121514629012584923339848371750129905987260803147751936139520874233574144140130046151218177102115156835497529447836470312360421876940769153824369395068654991026470199594770934098695834267309103347829120000
-1289742387512859930125053572747194680478843277464643908267830912285221762726896193862549282952326335900161709244749806622878915641833440289818566074433140086571144931077136429224046905755541748577161528303791821941086880739576178172667851268308444940323338063319156768018690597059168521175183147667054560000
1374558760397051165878835631545166052498359968377421392709487962425739615830003574502345659918616061282324422848427486253183217605715525320118552453526718587658716916305793067514894866477559942215045032670219672771837047650405823938599516208924199229830348090761388541704636013566483222423827981789273600000
-1444706842034150677545687944833587090458129588702396685977736193773512373520511792634793172486656659001592025090985628759547835636843941350804704601059376764562065467098388450973148621079303785694667420115545551735614088819401661968935443050147486488995542257995270117665863675432293163404921550094616504000
1497382352706714598983537460330805935627630419313384389514037690738772972086456416575669928652220475585292629696258454904084229790900674512099099866398594171955261937251707942245443739936553764785800352860985143983012588860068033782977376923089503606329646007450930287480835896168727251340013166749957760000
-1530390139843866536662956769821775992530643800494617260531819845457663734875898070645600382162196614784792377946567054464554775221505886553994750513571733546023940250415057924926851401474061671199832695531943684265219483234995090561076558827246436102455291969060777387651273818380685639645418366203112480000
1542294809113338359913852923695578467818718206314494479042618129413264685154059672089147049470903784196458470062347140055977038265906467998676775879976048620493254572931365796010638543567462018577843355788862873108846345076888508401473500931023166111468135766545136841665017823036146029380576698085699840000
-1532523525545384135777818669033700360832810586256139159180601938874058944054653248606237481152618327023720046656749795920778116095778043515100553001645016076788235069276734672203836367712436067731120508699891080208645238124717683815662737206368424518989458205338226445338757853442173223625103147541142800000
1501410798015383046951747595038790272867118931510231206290619635430496947147960442118682102803333407094361913607356377472352593000155538205695803085982195128673445292370150055713049957489502154826366827950785258217090224303016736316591911061052308396714128976891286027876601969166074194437564888503957888000
-1450180450110095085632828240330084912561332231208932178260433325556095790862934797906822821800300208170204691972091429925708061640878383978935362643748145705668315630638462823996399724820995131082902724366127797513829688139515835159327399058370062409927132864923664392297801097534912364070856936968252640000
1380866018320423675853221291330102585463103953649782911111247029707969079009842320162050377683851278116833935106108791316309955087683150362828957045423090774283739410970582576110983782942129807586521949732109597234453375665098592713476751726330060276747379291501570319133425629567655872218983492336849920000
-1296176764906120106709397305158755268571577022078886334278409046971129299099022153752613284328361412041164396286124519742403840823468207920992164697693691869374627451291674474685002705301473288354357632140876457753217067770514818828283654744850495550814051763821828707763926495481879138254164228429664885000
1199321612432142357568781788324716025373396777651804167970156621088455265554440584308161475711447060290719514193935691451167596398961017087131074673887627155628778504038751971404281666475471506854859949136707326961705618913870585829309525013853357792254761321202463123477882683047851675677755433639976800000
-1093806979728391806990286943475553434746312797178014643132924886969151097779918516730324534465442342108899850870262324256789605367380606083234727212388286450224529608065116705810699263975447562987807526263193682345895156674349438807299285114001978549628209846582046659142414740457232715531028769507965048000
983226311651080931355329319887095422265789611851424459268055908599234557492322923601661571822598588601096546430065399823181407406206961833892224175517487566172945451351739866632543639940613224863096903663800653041054537925289962116786783137632179676641741754606409840388287928149225378847934128493360960000
-871058898282835667008204058410484224428726659673731579326927415648578307014655618785169709968610780483686313422873077810607688722586968428020230549189159062277230490696617262922481339489046973710871537953327429263958254729576701402886602057929747094136883642776604195362756910637643524137225561362392180000
760493500729130204354144027140474712453050362798233285579469343355103044500954792009062890675107633389011596683376427542087473181229116910120936995455111300490430636800578423634122952595639422399529913134431355964451526616398943768117934949107740383694017435187271111496107770225776158384294869774068640000
-654288712824769397551898752583430538104159033614357655168184989108730597254772353044494907967217121997476137111380536283115078707044556423494186214852831596336837362970001092988471856284126123915278842036211622313578113018053906396826440747956836429652061716966326718108288841834881808716831968054382600000
554677438406896720181429271710372552475408639631517958835828965888948101615260960852751006379654241798170634777698482560449273733880140128695283909071904669363361255851477169047026712659783842780506887102137875872525583062567595499365325970942413840092048322101783624879714077508879521055937894572595584000
-463317982215676776690078310469818472115969472372998559822408496947848187736405147690017604112205483998346396847674664971996896665152689637949282698199271174526999560690859621720994452679947504267387195632874822472274296891366981791237346845135826297561365006996656256697656532625175170613573032486023190000
381289652586475400168760157281287198900820278412641697044839841857839853576858625322968834446748296595675743291119945579784361263779932276729294398844579273104376561458251217675865606785506572229343619192844824370612247729121880331819899128003944071382450867688118797245136924988682741955815093405722720000
-309126966322107893630357022699212135255870879519784742378016013853417593103611216244513616207181400725179794713422399012518970518314082520243221125553051370723118320067899113992717626365210088293275669463394090583881018870248952955385312345377460039044663698943082395446805585203483980142705500652355960000
246883875967813599458702826822113247695989762952457249983672927474346105162110500328388633205364056462207775556630902221382920716855801299150635768777618459185363117334794876333374777938457067640629107053459559375052904859406217391466664818737493392554769947814186452443506434866822028637142456421944000000
-194218058915524118391951320464804889445819680075521397289933632645679762128695394819447151328588672906453030190944716757512579663045639864235157367391379605875365489671342355991991862809118876066935348983244336259034674632786884417035903731460369663180780745279913500216141101055620738328203589523667301600
150485179367443991910850682626343012098062290055315085813107372012745105478244353995267050289366837430414705349878247661475956030792197861715743172711944110246582900574256723332389584763966679174610230556216293477822917619249669276011527929587068027453237914798400985807806815532991642814537278667580320000
-114833965927327743355768112788316242851068387362174510189628018178709498552359241974130530448106045619101928075911981957981471337606295717093883794474290318854780822455885105628747839248473630219237623525514071500987254918061918694383736561066084530356815481297139526876737105177948547925127746408354760000
86294644068208951950257095028717383119094099498863333736374606304235159125187822787299867732746596731835443385869789010282844498078985220552900377396227359827784187856053602670093029282866523936494702287055373884870902540131445659607693720888707032190497812694313740899910099886035423743319429252090880000
-63855384723472874600916848203112429066387313822603976341347574577076711357080692318532520936892702751759076306513001227798133667342574925418867861714865477859061436185684574300925292238452510814114333187979156673269744094170802798565964065778374203561582333374098047648030126609099424912211080001344300000
46523650148004273571101750108187562401542236835698006992863995856339168921660854636719807998052564597723441609784737126742771377993123978986177782269139721874504142960719781863149826463352403901504037045401508440607687994910188986569274716712658855367802249145529366056360009256203414381618039862092032000
-33371363174320849186242994638989465896659237227878771409241213653840619853724542928737728055333424123265570461373743742980031607532446623612783873148220443202412221388747320996608762595701057371572030502738180981816986673695403939541686278226384425015789205688618478695965440874160604115312226572444480000
23564504259752370370431981020637109511554133794414667474751151217417701328449912264250583852757589388232981202403690156742321547650366451576971557531224383664621780155374717047038232429724419040975095481312601944868211833629815944831014707726578915995403698893239578076943967798673052500103548078487040000
-16378950048230013968577896067609937277189923680240343326052735050418187853073893837155198468325994808272032399465467594294131133911939331228187442959777599360075121417027984461234608826517319724076307880242336760401999532742127402959211258046966541406528648316785483003662658171077595955255182678900320000
11205088102872660659476840116214546380390295606385555514267389883781234282870798854672422408134120724294143927410525060056897662017866142120685830417912179283837694734662057844051116437281881467272697507749494006026943679671513305906889112761993008919831707963389865520881063580553079333032420403910400000
-7544020867262893000299802626006216080724583933701892063773302735385324030551753971864312198009216909287777380305810425710107550782705070357445306075643453817310954079369092659395955094782258197856511981778356000873561737964896799224574739696292504371717287585216313101628779341575075816092930619702464000
4998096144314121891411496492741786441960187947515195701518731602066682146356596752691402339186222428915755363674862047326885493886082039148738073565484564061716544880697795283486448676850395522364794489225267031316651359774925682057782170570387234211181065006158552367659269240476534137314905698974720000
-3258179107389682290262361654954753680221355672516762960544811711788558606194018739064948206748645182771481427850876488917880637589672788854592701494133731731430255470233809945186139604771691615946568498343686000228681226754987046005307807341850167666614448164199162327360230195933179515446169984178160000
2089619264007068742783581617696588545720260690785587791413116490676629488352260260010093251196101564003896345524872883786588372046609852803557948129300193246325121331295927757514474207627054758272053321845996986458660380727264196578565670272260916563695852841745468131273137254344471570747009282996480000
-1318357401086856577800850891809163561265455153052025321157581558101137341504243067405653887486850356899492597806956851555283476846518782644786017316961322172173862757244342429268812812745354185142531916968540737379416700303658052539349238501419837669324318694681090968252723263687146071425998138350400000
818132278451239915693274825034427366575778951920700540948342071268688666570574664838201499379090930475617598413314941711948958128508345277252142124557423774993981084808038593344987833284030529648138526775055323203577351855863423967376857747174884598904653544405974879930760268932221783765454889060864000
-499329751944908835342159051150889038775445123225515687270636792315636824869248447249681445077498565512703438304152771216899627995733266933605710240557925332148375432759432703807585758487173936762996740449304465156245210191231336861999104664732948865168283430778542491761939038115629071979506972178080000
299690274550461659257792362278581931421594863835616854886272589220120492606296334429865829250107907165980055239877617825171415415405315957961842550214745819269102280852500325727623045964020285544187517140965189249604047378852853434912179447893536724975166538398386437949885731441549031130054279632640000
-176858278097661291479048245754706438841882408618311252017800811942655854567322755723380237057065479766862384365236507643613331728819499232855591925449600354579745825070553596954702746271852760773114972315388825588867338469876604311886932211067032466440637371069187408108216949440660194718842700502720000
102610162428493456716453340959285661002002116771897842190337751565869062348588707834124755022544451464073222284800300815429595869434294422301217040698739251131456977743590219870143278268591965448892089950968998562973316528547426996332627212207010513051711661519883104280708018739758629496570130380800000
-58520860312367640290015542630500409064237554898394588689042138957014835060741495373249216973355649511263088424361546561737342073933908482000130628846162802786408388253939574517932007755508197013483856886977934424572311118981428554812712517774429892311845827582252863018531533226764098840128829925479500
32804076936776185238412842871650155060125204248127167270106791919305682913679300208255692126250932306271833419620567826456933436112057859690099524676142152045719165240511542241978947874711556171803724476585490167635181046693717193408277045318378806299746848353091734047130572870778567259691202691120000
-18070970086009850818471763688708401552497697726170666766007191409040765122686437540941132355764385059771308103742795152036386202986115589405495684492565982199715882499154139097981478007791944310259184936240243836125329229620819460436524053831351435895824242287947422684020262824160520679871363220060000
9781593063262834834233410068425278230143584104058410351963098594363504759063620861045611732066121146521152423914377860669600989705948677404241891465116948756168997272975227819122296063951793644039113685737992791205413569143257546509325176776965927861946214480010034159361177450239079487330422258080000
-5201735946851163643319235987938587459969570021805562775285207847797045545407775439794536607820751533727169391718298888049463451172978441892354477128487975006793307734756916752424384409485109741069230314608324260488513684055616069710058279926593915970251747288395063223463817740813105970700167872250000
2717263740624471528367168424809462737905618892526804560370524290746033467582669042992694455603482003549635960780580917841582914858416648613988645018143929079051621752169918473200168844286394462231818715633883071211495678404285654554529473640044931669345423984705192979103806936493291692680260000182400
-1394094672904035813205426045040610822615678705587564630341778359676008457412257043633338337835257783916819420768199542185557495884820352343687482306581897446604027965270284963220663237558015526113044482949466243157503122671098604714006168375018347503397373280571819104836793567807376355370837973860000
702360147562272323962654769972858497095753661096739722299584619630464398037137834026458705644502495442460846315073046008289177101694040171133481532794470903528997695153239921243288256073894008386517524576622295648336823729179399724611099913952140361389550948488857455094200292576559951150181740480000
-347426196951418856561576060507562561718700946075487040838944403469609085647887828240129135729137132844674290399587692309480267863444859233596171240432809321768131602682275885715385848485689483978150125533481825434242459365665341641365155637648637842170468962166600304764166204733480730595248565615000
168704288686972358910915805843233970897672062580053758432524808957443607705518096214014905386345725763029542441425422046971876450722570941859505736247341191897090723819813384514192221029072525918012311398082101466392435992455449937363407399366343668152362308658239595147906761031325904233019508400000
-80403317604614806242749689982274438232874910192537833943126447288340502144390217737406681399969967978209332252088345543249654358759891225467862325224731452714884349467145403761901657149953105304598319319300818624492505238240865998155171785440887077325764519574575695388168124924580769105582603356000
37603398965512022269589490007317770146790467395018652725384024963760529110527968500330577075186071313728846803123436493242232996621579087384865650592046801664010679591246250844368351077149689358509121694042350346555763167618604920961573938591205390989240459497460397693428635382440089164666739040000
-17254564427699063274141998440449546929110007525020489175603750821891024466751098334675021744190792648011901988328985044261797959338525235000220913866253729566706598759675403078781554765105601671916423355345296427980755858330728163444200220388730177275936408767628234632571310166004430883304449670000
7766413437900203321690838822243124081971509307404906309306914220727257105614450667607244048517443954292761699009606917991819384668492560392203250573929390202215366332935807144695551059491480585528704583069505860034588520060630938089683570056924497544360017985642042465717061502995005404030081360000
-3428386010159879455848769746148684476107846963347149514161667600126517409785073175143593649550374050065859746385027185238867883376957905773907715179041493245617409328636952049558360033746799467840018082337640432405279067646614888900879086803517936117931882513741460622684899904218410853037589700000
1483958822272455374892491327145631518034437728594797369569322034695885138763374600630654534377892357816878619206051063044448619317612895797490230987187521282237569842262139298367983042987609988414316938005196895919080739496564623241248407400915012384626055914346225807151184653573744937377179392000
-629686148144858761463867604050732336588007895659135558294522144913073780935192214455884225033419548976204385036368659431196066365595289232379973740798772383659215413243762250994882260437229454497837415985853859295312170719803432153238422588407327702358907388895584850584409552415056788770671935000
261878999983956616871341604438924263854791262824998817365362642521588644974693786800802364349236782372338274652746475906754947270644248879745096987077526589342092141326676986140498542075489099973072377425563749634461732052212801974674049922916067782914491752083017933263503526311475510458103680000
-106721583647745774059723496007343903857423731866386593082167891074171094710328933091321694592341102175247304479954463068439393579351075724714580025448762345681171736141470015438387929549110202964237340042382720245541427638693247973940861159108604108479657509381053411285922531375681570501715040000
42606540647562900721888201432435658486948432558277572337604640078688575850452845434949568380858239728164098202594049526022218545092953892238189117459726389605486893206382160861054447905197275624117516912875098588294921729390156864667090522880089422273097924055679384183901338654521544840531200000
-16659673389364106189706475717539136671873322664936890546990201870214552915366081890183005539646827802359389298057557375655106405335178277535107147909144399105169663147246367241180987022169740964409479947914077260289954646108689277161048085853831504984137536896546400038897269969922390556547152000
6378416588217249658720963002939795535227598017242630929833797329417117979653580256025897667074386819523740005241806093550668958518778965745590167137495451949692154378749823871289183462706692131436004568941914153026795270463436387881165975371837003482028905346825755968143604364091681595251840000
-2390570158148486485494261953762455258693035586008218016407819273705227256883092213701713997738961518137736317241074635981846338485240873443020383680503301247551853318125714143203925442483783582690059610552876874305218907281776110047080066194514711549209167980650462230904476458642719521314720000
876827541793160067846291866728637466728334891137422535202426007011772021768303982232372246516601649233564225463768095707474208861232260119620358835018389067772421137313201274193030035903919533189754713721134415762299775493401581830288391881152401063939974132385559980858230568414101545986560000
-314650499951380326199066929088625524139896068416632706508340829398956352288323321774419343634460257526900561404128178949921344977793975848259857844857489620765919615298853198592203728997599572208820087869861859158211025945843176822126796251632104441422821470488716912749668411030496401351400000
110437633152437424971999328121036924145921429566672950616193627296541067617702122162975362316095036491861355624607089298986886013798119176953613285669115617703146883837218157734828002374322366969927897423661827584065732576463302288772686748230899350093508000429629386658518357817349444762496000
-37900783170736506440029673526118497348183884641541299208679835422820590088820973713336920384549805993084665339946057869030674361629988693116535816780677730239348038043804570905605002485457536561190548177780298258305828986133806463081174070726273011114569282281828020906689387641800610929760000
12714069827275278161314175626962920918601130052081955315939804436533558744509602855510010781359663843007381528051069018477746670223641947797615748917482371582088929836352384190709974008525947535313877052354074921720876715261456458045285510757299034664681896286221108226652474031240275034880000
-4167578526996191019038915559052938562770090663210937542747245480884798862802200625538222502870545775332474769776747975512874137665708105444262389225601942996880237215233853507882595440418603343484566796697877131783868765406048000190115098762489263600573698943669237459319454862086679201840000
1334435370422668530985112657556708105418129045453046889328844375288438975454108130442202261163301493731303651212167150064466559133033522814477986057573220062875750210541130916884272068179452799204424471648157306915139299766306286544564403015879026284040149578436139776467013732410903760000000
-417226196918845938002128978751669201188732739346099174760686272799367356725451391869932969835229473562470703225120114405054152500851566998508745665233566543903707010726006981612934730476254870712887034192621004180871431186524874130149887346213735393510381787785163996558882391551592040096000
127334234333719752833824803378728760031950641629640416644360060853858431448421460331567760536072176410490973622491021190006867915293048913108893897068872022554844389276855403029572372512456742549204572086610902161514645275714769095166725628993567022962397669018288538815545149165508889600000
-37918479179132697251982452303920414666991241801788824032532873557954662845044604063257486929392554663432055896089320835870378724420257826599454885396356623000113744763269416690196699288094947942261759880872953714596831956498965612929095715497285337408345063870155864352056183567598959675000
11013214121381044538867569066307310448103644385962018147849912605104728853356132464407987921808018187923287780106290072882542567504899094449738551888426509318107974949419758836453217188443309519587972085552038302519790241231456503648451011847280300230985117861379844494616098320976346400000
-3118547536605113197530368734382799572687907538030755960742875201826911993371495742758446259099855767806647729556255412207834777745151013171095251314762797114119996577293882204279919658558450942438149872768154738141296855230762504643982286024136913512213180338592548293046795691849769000000
860548376377539508488919683450872746993014660127415745215586018795736492612474794288178751092692594177694754557019148700175855829124155001293461295157238900540662574663535390089573386598124895649506843684866884932368493850466152441968879022220871289829204994682757067557987438839655360000
-231304289557038910464864355958480464322031975107628592986751497051167494798983350172222645151910847909537714729712609680528741074510118199399237462280104651771538241745939062803002441409426876107029183737256899659300693907146584103456554285222462287653325559776765240392334002209891900000
60529785759844029704620326561426456434090580811066613573226435120326862404065098156470193262454241300276203514075237609278963132837930954235524545833753504114464165577686444166731299781773141977745116368155043330563572434394564673073017430664340734080406390553669893820784185373791200000
-15413927607159807726582297665376199702251913844221318523059448542664927813438037268911064710111412513007665601018020113713972096426699795210705148110048165739082480040876942653706262530646125547951588300205019733931551087211193527317219108989982276912254793612091728758691469196064600000
3817572560893700876254117685918081753678828453438012486371595483289736235790707316234675286091481967203891077695666560856526480380663227808022193555859571623369719065686889529925310169677643155240995170293093861058613067122239099572207183052274844849428333207361581474208236254672000000
-919074702719478094444480909863657938244854371726230151136420915695393983741557553810479194454786488107473807987519231213614835758928035268812503558151037764049063306855683952339503106513210988323104091885145228077853289408032269643151514802577372177060288768540807897968913421157570000
214956890592381061522454386726961072718158710033037614863591512575836654295490935767400540565080778673550706850466050501384889572149741906472518691941004374185399510385595927496781444943813130071808938856049497408805704845395781023190876153364064916297431739052983208616358691821600000
-48811637261969134395498269175499684387490070010478162338572484354256366730799760199860641354011696308025154785791934501157703969647293045930395429902082256056247773500077668680151135932916022950664041036136449546670060125487944933816816502057739993546157597898412909700535587989800000
10754422155358907707959427108827621345973724567570536385746544071616016202054949480699968428004064440153498119748282543220411945501599099252868581539795035689919369201058328416563438884748445979734827154802065760830887276697599718587602673525186557480378900820274295125757569614400000
-2297457425940661474110853039453008560241715024491939623826801789843401601551483403659073529424699945496805671714430151746873566880681397961843717549842247956188622639445386923611491196962963134407033288677941004711978205884898865132699052606345893532500036134810589931277683914500000
475546526385736016589085257391301663030403704375227825608165780872371120768502205586808869562135677965996721360083511837656486997948359768780651943362355636253386811074092623798164618108092860907550009146803536467911510643512637304554768809702340852334178993834016347869494551520000
-95300296372130276847128861228086036788581231478642173388659040188709746013843662911537251809516052099175714301049910980335993859624979231933743926509916965684420025555286933663753241162111087603863805992609072654312494425222436833294311331306244887731128393573070029401867637400000
18475757774347317071418072926428903567651650219173833286494553062296021857118886664434814418772751690291532729688506674773244078302812090848205283349248652881464527224195386496506207880562219034309347475139084150520145330586820531676536743780625489152308092071215946422807859200000
-3462158148035886292838613810358476236385691809516587660321451685534957959210376202765848634696923142460185979451982173659917111997064496909372825168019576029159715466744493761237580025586509277776969450589293910147017722518178052873607875612306039093647525198570763471553011600000
626519904874407783840772646258714716141504881621673753500051920385289209942227727735184894051396407416359916082408624782282427711368668002195536255902955716824166898749159643928099616119531940896618908957191868053425846482090372594250174830437649571224322830272865298720384000000
-109382412318504166848636282090792844634756086016359564517200445209121967909636120676396304987015526177198088782218031708702208215700675923451245522661333415542837202680815665810997143351884097292696044872066054334148511006343623048759484504180352537632085755780509521583023360000
18405102181011155863546590719500456126742401988788860253982187800461089186994954663692783571023747184806182287226695638461963675617204571218829028449636967938129696922339207214294387864296508259158538511323296244424840817103321755939506841107060866831533526375691839785113600000
-2981465889060347157136113453571523622623890228513989191767246964410164732229635642097360455772627909597931757520817696608002657216953367968930586850759566931647108162129133484527382448505136617279143237717758786501847443324410074885072875889531907241895645889437246881596800000
464420277208316336561420342026479453956435746913692858886211905589036721868774041612704725812047754650765671060606783063837399731226512018505586026131585323998994660276883905416393652107061222100881859625378378490954709598477780641773457483902964110619370783344119589862400000
-69475780695644852172979786789042313006079799280570098317037834399400850790014704600831067428415877391884752687689074148608750531727492664840497208933651397699955412410233318945623532059397295264812783555871218578764243317996994194351494165193954102309976934152218410720000000
9967952720464572710698952378707325917942513993136229714805726910878660021613060835743058605765111056061630366057349404603236627400063232041399976444055826488848358405609724039444624944571732119202579349498721465209936875974452301263898640191667327773910006211236683766661120
-1369592304174855172768554421941417255800371592891801028534554982768065095347397767190392382136906421627413209177399361874843477586338758222075844149118552155570106397330302805753535533246844559299386769069804383075649500734238738909370975877964702934077933105005606200256000
179928287003728273511629914841377502130490880696238690237722144236892621916193114065243592505824403919165402147066403653913539203766418489700203068707593846778666047400259018138662873001182598985697146620826062526215814349708403864909869636691716209817160234270730667008000
-22562184137102821005206133536385884393438069408992669669027096513902222130346519027371640260119088526494824544868486004501335922243798606421702488606379713283036306173332499286067178239426308236238737549378100853015094382182228045460584350106418348669508551814259688704000
2695380008442467042483255139440562069265719892358826599094304385088951843531765070625360077301352393220954944548862927974902182703431360727065494562732617288496341670793058303332006729196785383935343922329475641618611814163414577036525974114814982234659788981785815040000
-306142157330089348779555869404187385720409085558013262131202813156813706272607194759879020968278951531972867351425906383077359408026161684796407038250537784962801244755380534854212204747621032423293460319430263145338312770735197215900709843885599194118110797024024601600
32984502315653635721111412827698146972445754011940723884046072965690277458157332382971375837476200921460004032600362189784652221612755276900929354842129848628889381224806604839591067037653315608877795822541104811850918716007043795900325169696893596737465661337795584000
-3362780906156486517796760564661504156335321690987378013369654255027098062998592650019634592898587217377268166943036020787713269242434145544633686110484675297086067572719003455213647544743622545388523947067953292713372150832192035248548131558761314373669010195186432000
323511402679685168888927493462380591961251761912712463270405830341350802480323265391931797033075846257238159452311518418942181455659460913400940618527358818946741647882326396389470199888348828886438996387070311112429069613562666603682015915012302684190478303584256000
-29278290939401574563413746475256815590568744321866508126787420016176530348713609325190767628352845379657953815993226544194765974431528767153154517647621008564210797058035249564734428015882806542219566560773744722462062811909951347019697417438688010799980556649657500
2484086941163192455452799970806744563110086210772765769623738196143943637479658295655922372704775736175263465609248217370844168625069359255982939544182707395537291170867608693041660763890991230055343356844598506525099692511921390724369807533877149089698468412387200
-196814990606670561200436949014561596066435123883678084716423457042331704478290465383085207722219909028087903108252404132076132316430936307128235666186185272116820064109721875898391938828781655016264385134839092120115988819184622523431404721854410487555977473276000
14497412524439567808847094001620118501191249769209493490586059719240986878489543324093744443720196011176316508023960381554686829149330564671184930588880181626322930294376351146839865854476688888484457376409970449619878537302410750412269941653465380009999021728000
-987750825427626786954941035010479032486971575637566257924202987433938266637443178573902226320796913106038622746849835487342058179566662250453979122715910451038861037500121118829953396145760694077379897636817587560786840771540726079941098891617031583872887434000
61880887815001896236033604138879211926807849122356633415860616311508216095075774894962319212278234589020996052366402815339594051997356336095477310375604384558973325814005644996450976371169972309550964040662107242724137763523939725734310621080547045123379920000
-3539944805248727805060673172994004095826134748281558628214353862764187956891875853787423665128421559231240543403287777095790978609000640896559816420632043064086961919182531999435371107202826621074312545153195234181082989351885598643091628626047599208537335200
183386835889155122062784332455390221407127028253281600299956715308588828033461690870653615739150703809573623300174902012667790965412870637297988278801196885601014765732338573370975720783134508793823662571629609007752286259685205756459505750997815200918464000
-8517491720512938008655845095364691861351166184946837133881657884458288640636818563514257441758112330076836145703276471160519211527434257460405445294956152205685407011607796218689177160748327449900558880243391552272022510382219085041724102879473442634287000
350297557178733317994819830790464960623264686768980760473789347176602305261445988743485314052195414153850547413756075758416163468991462575921471738331497638770815643595832420935801807231340934300438008710357614099358927451442583818509873819127448592176000
-12557692195751313578301246865088880838648689620122767476852261827396942904867085774932977999307296501882155533236830127003954944116941232929236711998600739259962824709544225711225083468025537242533545817163158819236082038105065699644460355867480812540000
384396974375313402659617080773366414903932969881149414962002259174156701257139571614035589967579862797559204145099187223655752687726398516071363797502433140237669929900869873397282478085498899986157441581613501173988321192051233978541532828861325817600
-9768275832093816380972439463331963341700929018571959612689897732431731803576810994298616378563448584635964624261684146300557178225370485706460978044633175593352174973567534215183212651583467990797095989584798758917096852045226044564891390693630646000
197833476870251457011109941481486634562171991620286246874900250378608378436619613688312110858989828513333623591567079259378452454462515404418678133345615393118287296509892006261475009573402723363667876826543393070594782986557630174997197616215248000
-2993654478788368617305311290946715127430659982789741002494481832261333571832638153145653706528866814893946464413690872608836585776537520671141962864759981422846232732343950525294535478570278073171838468430244900319535458819086888774704443612964000
30086790698936500321533772184312562131450530916662493351116958634795847481688061287511045347995219275194969523193355545342922074876791182679927516684040742687256816048582112175622368990850842124577996052087561262248709079154898662945126662400000
-150621995936550854734678446997714764170574220401541607339029274165446711455200856820602170773401066496444816175486736198873003637351935858291387130399478968078079435343214199079209484760447028386168592735763353569132599827519211431369040353640
