-203
8365224
-86172263730
394477473964000
-1015606911562440750
1673070201831502393920
-1913481095000234668468560
1607324119800197121513590400
-1033333607955923602573073078250
524678328740879332427473451386000
-215690014162088084767610061130270740
73241911585883266338277373485293918720
-20886660411627057862370557931761074807200
5072121557947777838294010044493932012352000
-1061341436000572512663021601810355273584656000
193324521835766506039916788127091557922637962240
-30926637276328694225987157125659299107835126826620
4378955008122388123624202316892659236998662248253600
-552572763910752587760418246068383866989784895122989000
62524909308106431315339513893078515786146075889151952000
-6378947559886288388869225556156602876792088027401005022920
589698263313932437726577295858032621499001915421959575452160
-49618722672437806872757975978963591963939778937105999401424000
3815670393789735318683921479818977166527542924690873451134080000
-269170373456351241673756565085910588901933423019035175242935890000
17478416698164094067340378299914552543993705663687237683294896255616
-1048006899447759208330632475784669464890084129683779297362414245456928
58193853620912610086727026913255720080590679793689143974253125728527360
-3000620577328306457596862325214748066655456926862096486172426795377192000
144029787711758709964649391610307907199461932489380631336276486178105216000
-6450774125414757599961169251577668257003456707460493187259965423725825724160
270167280957016819857686930319977098863553720667918761499312266778477662586880
-10602218930915743072247216108308866911945220961953433037939319766106567256888450
390597817730339405012450238994813352164593448111636118900023424257296123366726000
-13533403454630868675574108496937075427550572125618824801299860044790209021805775500
441730288759151553570738901340026141955250674180198441514427431861952422471740512320
-13603997696947543177213658772518876083225247035921497219263381240668292467681002367460
395897201056530401884727659238241068776986005778752702129622431430405238796501924265600
-10902252216075437279048611751806548545648787063567937119241299159162094404946605968436000
284476387870875709882236228274620840683569402352981123200820960571219725669638985979808000
-7042390779485947495453434228580910549147187786124518318038323392040901321280456622296384420
165598823754622565496896697315494486726168970142730493798583490208562015126456805095854540960
-3702973697846421256250051148304807272626833915691612430773880822719233949355492447282302929800
78825876012566328094106010382518774608216432083083756233239561483087641020352721863186286272000
-1599033382562767253739579207516869749580828479958134482721083315147366180677847337671960237996000
30941493364118257812608232922143715687691448473421995837502680800362664900583096335475599983029760
-571642627638693314115450685078149469460738088455333687748342297036189819923674378564625534091012480
10092377762747414780671152882774028659560337460279770856580058662024175181993345751027793494590080000
-170418384053684102448789584593890444878556826776121738357312145072070544902539547067593882772147162500
2754517554500363451825333693844106782526877689932416668959004467287344317608394311786415411337562300000
-42649848006861827542682736782004611777933163399837566735493641569690324476121334165976141662986279628280
633073945347528426669702076770332199739501565759680421577831031804153805218797566120725443031362662010240
-9014982346747996327262159196021317067666238087861129671913603505776236046579068152174013751450672818307800
123237921721296923804509403035677670131144016580230466145063145112783006119130016747412647937239528737280000
-1618364107158306962704416519357066194215328472876119766835700622703634997709137767938502238498186993805440000
20428302501729848946745600124009988614848959473818762703092361182583669009099410423459097347046205676517990400
-248012360060063947369083301505558768027150648611830915942230697482304856563597529672308103728982840791476227200
2897675958104040456180486957571871601819217796646691772596822799762478410327535311283722873977281821004751488000
-32598854528670455132030478272683555520466200212275282441714256497327882116184772251941882332244420486303454240000
353315019723550396788637139980409417603030394027211104843721766484109835242579456340495069414225077882004229120000
-3691062382439724131339959499312004940731213913602606233907647754361357442677269659308244184888775265017860292492800
37186387152082875096928890542920838811645188710866568797831201025396013923968149687757983876138244325447338523238400
-361464452637246781476781476362184480280208760713197019544995532339729984461256481030977384893835977944937514027264000
3391518321040833999041406444879755617443934051136169566101192649113515903587097846710405092831053620224105069885440000
-30729838732614373097271415378130461481981622177689614528006240914685038019977529879141421926327854738129202016274007500
268997007263197627131239296176278576911149896951401823361842086151174306776532299420157715626818788079282936655592400800
-2275791255434027124120193246552891275231085204855374517069321946953449661991631044658189231862982735786458692508849115400
18615962330037308085919691693789745517149799225281655662015037178019753082720581857841102382269709525078806680535740592000
-147289139672235059758514688714813546657639577131688878113066638226179209889994050014947389847607552546498300693641883555000
1127577097831048825473292034084756174874532095630286962710576103773950817490128782807141874640957797776679282436853470240000
-8355346294928071796757093972568043255820282828620426393685368928964975557601854280600921291089497281525193482857084214478400
59947662129529557775264942432025587874728821532541873002740016548860391979239013215785384101591933679468993828203733757043200
-416592308683700292988796209705579051540722568616863613989913020095041593567146113252057959540866012886356192642947436072045000
2804903740959123008526554326184307819343427615307387215229513822670311949181685596450335820665466793462649688877641960267400000
-18303072566780924482045172705906477594703926036847857443717351611665130913095173743235911227143740856610822011078301710415450000
115786050527347985203394742323017973107545689616923406093731242622131914384280651107432296018965844380735909411948495655719710720
-710292092855872776958429000126644016814346679396891801959691675870844896533624707529371285463991822012225671432404959586065877760
4226531461621722309174122975960195802531649662526959482735355426669490293423221400174771285405571172304152755630839428941879603200
-24401202759609302450647776056969407883616731491824367493602787534807009624669732360476469658098403587636976584735903179089993600000
136718676189395623793342642711121015041549409839146688433953256612262700297300304627646401378686905408186155618497846878131532800000
-743600062418230041972260007833033033215827094857946418390231079596289427288863484966209935248548826617742482956920554997012582068000
3926879281003937584858232701021022486642581494076836991980601500663349501098085966637592110423978013207063183888337660346973318624000
-20139564545719926771837619675001481328356547118268846470620321646397324144165302581721797133844568974634975296905015499266117622360000
100332392975628957295611425061119297312991246494264306992551812876231116944077977152662516712664480651687088429348255470287872956800000
-485636652111204050243341411580556598799686797267376541484782038713424225764044097745873431588382937598790976633720375436046162853400000
2284273492781613625393732115038565460707066590772944551670426685624499500119761192774500027557038858319351217982055811601189314658816000
-10443231423935194904737461331232965646685781859627578978587363104518821200317669714884284671685526624709602857440136987245945686392448000
46414361884156421798833161472146513985270141598344795460388280464528094223634087621707931874157896109820457144178386609981980828410880000
-200575493343658917290541289858649675944868968051214950940327195989854425774007585519170446819304492938422210528141749470951315653766800000
842918447471748269002340418736867871841029946785613342621084673666238369544901465315256386027144042536825974505843019364856381199670400000
-3445455170042236226962776410365303502319093889891959526029813884001911873736066989521336257404038531401453233322710682487781472239492256000
13700271445375045825556128685002863630523260911286371606461745148220619994974183532297857780920200550898086229543559636874492007958217728000
-53002763289083869985566568264463465215203707294431975218996909839140383002768152146159422617702264536762503968147904100833558695722098240000
199534047021918234099901429378070346561109111979038630261364248394312737954691991430101838412809080045899772135841803390350407114430745600000
-731045235880552172081949861165263844411813635366389494958255411189348830444459465659425850490931230005196166065369703616547502208631340800000
2606976163055921452219997155871784107318538508657271967394625169387036316789416447953790755922452155843460765501147760797226017848486545408000
-9050020441042545032646958442687281786614800619300358295665824983094558689566384594117364111786785136924895862703799946960248696725979822834000
30586741420464760552468198371501281838064689094882707386775771544521943493273571058872587815370365326199563017746927230665948406407286466800000
-100655348041835564062969326273562891763019002378568093186073329827635987516129863943738873167927987935707745645136571753977228174146427403500000
322557205519637934505636220752990848331078545730646533087255498747718711958637564202117184823822288040476367230124420533508497346555554728000000
-1006668782706238029798640081348009138556463033370774765112015686041755328151711974118387522116666978745522694488495304043026669368865230750615200
3059973102064016158023353753792673989644035461107830988784764473363665250007674237178998165453740778055207108195202665205976959493164697099801600
-9060214476074780637053961205842303176757450247926444983613482276236803924114418000413210158285513712801869950783661870594975032409355872179872000
26132770569128879959831389659607359525759070372942710575791550349028768034489696560716771688522643002331720284096526839495356394733366923244800000
-73433181944113724909315405503369681773890109638022171091903900680291359733010849442480107426892445337450811260590397580693635993447782997242900000
201043733678106909085059065733669884323183589053429588411612456973597678202376370029189982999847761457198665495660821820921243430950374783562784000
-536301515622454466536710161733293649236274627509651571151767548315204984759685558818521836993096916532272659389590762943972270323591632554977512000
1394037304998187171292907189552172154884403259209296074545951806957856611620948749274103403695917917372734242591861394463500285162903920415418880000
-3531107010988635114527515682040374341225968303612710264271274531598926062272027674665928074605272193825225754233242875465030514843792552183946400000
8716463800881633754638749257038978089342243784896352716989137232786238831269592428465814205203553817061377065916383052911237685324362256582003200000
-20969218576848221236675979514309720099393667300375862085854280637121869928878228595058792206551260170317324381137189610511836180339409993954176128000
49164742005356011288458379693967956678133614233687030592984210619688059289459805831836570835391023764315142173710829759635250675890339737468406784000
-112349117473176822670891219222543963502766266901198878503499075048896541735679634420407788823061519148923274107893888317916490802327534165699288940000
250231725345535972806026021982077713369776226068611175866513720290595790348713979396694926315911160200123573939110516388248492318755977106467834400000
-543227736778516959124069879823050055963488509239283402948749737654553634434308056380344256398184176879508032590345106098926955508545889666418668200000
1149465783441211235094742647785877713881456517395244366587358235049151524083907497145372678340021626147157110321982415808875003625795703321365596288000
-2370773178347498172382906711058372784880504067127691506086426359788875018423059212862331149076294603928511540039088732605804694978203638100316542344000
4766139080146332800349009620010696109278360137873772390057597590867838447439739172910464842032261487333818217683959523800989495638846089599000017920000
-9339565125092839015909417371588038160130713614039491501200915704311187305256627645278801581072267644491757402291499253584458373204963771524613292800000
17838892557270751338346015187254661122464200397750170618210745566712025579590513703093074300179556192939273654203832484355090041554117653569503590400000
-33211310456102192543730438969104875696676579754394744729417491520693242622447366796265432563438452915035346346913232296741361730835023623232279288544000
60266245215335226521537483951313321324315509249010284678038652736956360220830656447181204312918025889396836400846305283780103713190691047198633709312000
-106591568482511410788731138472072237561314551261770743358597657437542070868944304687721392336573974169468672282469698105046441161632957660407419537600000
183746983014336545268696416904728928256929307747173044272075279659666680432419027447668313314683670192328836877970105531073513483732403713624529152000000
-308710705788849894245982995440937981507625832923564077307526060057763355593826790846489043825326694333925002801027688357454609379894588002995737616000000
505475500601723884440910653143101268409030355809053654645487790113140332128797735489060844622538121461704785386335512251975598488014280925993148874735616
-806576647565096445234416073070936283232928067757039319295423418174362813921569226073594002067445088875621524829430431587257359315751182835612524593328128
1254196932291686951855611328205039493054859937959361778655168908662224525584534452844301418057630530659097764444300032500986705415031289324642700527042560
-1900356374764473179920382765056769129338799924306711191108066904146711660622318590811754315385783564673590210103134051930968930781747543791763613316884250
2805597945749268498544796813407529834120283428902546754590648861311003670342474799535074816441195277741768179905882902940931716329906475324562733728094000
-4035578725634258457463045309888972943055027803147456157239294862107052557535811828514682468217101538853529152978231212283497579423887367376615117999777340
5655124829208825090907949047969816522031776039280346464034179992072163621212120671995867606531371004390750484868044064622897837537768394072189287201133120
-7719647845657248897339621677339421830608688768037364591773012575266093418878001043584808942914867960252180916126401978710722283392781293216656462125743300
10264351706137062245770134086213081658427065397944418293770210626392589587427813021941020201105641609199575733353664680834201374040263215357327151856944000
-13292324026665466050395017147845443740443559350545865370073441061233397509270379605657971861010775469966458817535796659803836297090568085693023405108572000
16763279858923405854720388155066100352831537345017622478231438647538458620195906988007836776596524740834517940315102904193765347178579801457802466009076480
-20585227910668648203842137552228391939547075460498770509735654519979509658332052087944528368665488021116695824955500230479724931361758381839914976776824940
24611461149523387804050166054238644313678745449069871076693914829151270538279676533298269305389394810264726640311227298841974929924762005886711709674034400
-28644876936525199048349712801522765764161383789048188007504758569005351369511081199357075149861160258848858747243139733188005372914427108825822571147079000
32450652988285469529024300698707639203248505169229684752769740466766167940368435655065869306980025658386409619567198513535482718407483078411034855197312000
-35776844919584730155749291520325172221581476949075727439928638864609700154256200309710120910945478288371016605572836361172869697044250093948165927855036480
38380793141436704630643372543911034311246403117040748193692370087238855434333093919093479140317145059824809726052887375438607962303695287144835919183754240
-40057716309340182947425598848770468016275568022124704708205511232193102192796070299906877033722193899226994677880530391594202765655686734673828204682707200
40666936797980448823343705418381090323139556562145281908276512943436295247809008725417710754563682593180713458496738761283957622133701237802761676816128000
-40151147620806989234197322580561152690279520712615757933456069130544525106500474326556558269588265515537651747482818897558182117956368896679009442971479000
38545101715974709664829429677338706582668339884111127616117826365322744102240455353494295938804734894916145677583506141655854833238114140811849065252619840
-35971932277907904830289540465908185872068928753735347235289543999125790412172517280308783501156060764898052447183744026832422602627406858846411777775866320
32627602973159097351736544640279533670810819731279226517269427663606159104011353542230189116694839696052655280892284831594034106691525495552300932223008000
-28756203223011156609535883595717512669603856597532207264238782918458587541222570312853990179775104105747649296823665023462510428674210175841726145752610000
24620418488491332139726051771875072331148601693882806886115525684161111300552165060435504947397197371381979092564489201656474853756109500581033763274880000
-20472151533385970355650431226667143477487075070704597068103794223332010280979131382919460536037962916497130970790623487724043912841024562060913807871543552
16527843753632250441068950397811007286241045476142722811703637737954284691560188171430263126502645557952685711605359289593623101950685502320832479948220416
-12951723128441477416705044449115663388045105970635560790594458156408514730812725365466798558921848936406396070317478788871734169876089033047033935658869920
9848377619131885087673535443387535063744836869465290361509733657314347567536695779627878779478359223718819686943104038699511650382091707814823531749664000
-7264195888491906975825314366300309954043195790080803014584658916655417523988843787866018025359037691875245099666711036809350535509104834070024795112872000
5195752014478457001980528702206223777326879353038439916862550627421714661070730141547956451520070913514431292098762225037747329955815087145028348770846720
-3602396603398052473472117882656377950149426172083234579110035204490737651062065650819307577518826287135478270528534476621544653942491287204062431328504960
2420207219451975697216855537214070301207939365073567472516620673713603614815522219058287698637338768914094695928943605535834292234478304032588497010022400
-1574918533888693526730003933746297550197202971704057987142785725223421355659275694944795852602290029683122429713414872293287457032090211865462271027392000
992259103982402218810786861940232877637002054242404794874027571352345846799610113092073428276147129970838735037192835959316586195448474925560027408896000
-605006732580520165367873911250980272931092385338660017312058451610889309480277900595866177420405490301360227156075897519100491950185751762229158899431940
356828167419890910387101437259557363241022352033387382611270769192055698597063714529130902372715525470745540402071228782531859146423354536513227933124320
-203472547075090210102993941799621854172454637181056324522849682249623286446618598076834474699271751206740855514288825587966364583380029745424495352050200
112117057065727753242795412245340959203761371836752026459954057289867323330893005978578670992409892644310516945658037811277337404519689693741375736912000
-59664315800928068566483147511435349088468044136653470951863564172734644513499092600066794984918307310306976094705662373319918585324595426328090084861000
30646310088528121610053272168959115579545900062698333803153721997852020895381866333125218037432419079057217767065711024003883985204008905115592717968640
-15184136726617594873786374108099825990983458178110769030862888896671274542192212986143075985813064947248083690439401676975069968427577790011002590304320
7252059994927977472079834455157577618412265155883518358173246803530473552368327189050370114777511746471529088768074521757966652782650369785455000281600
-3336451212944295191147840504542982758470920601231132577979011116207596339197233863017965417388959397248186125908923174072675630186462409710322178949000
1477519517570093679410310797992354817028122396427693877885176730429385473133525223187256279511766340688178219267394709767557206351261389937892753032000
-629300613902085920410433066176051745425576421371227818093032538922328920027701106304911333720080688149854176503887940571932929168777731790502487787920
257565396093846458584592282616702140462135310385104973391382422824883981905253816225750789711772021332288731041979784301661820604354567014422686428160
-101210036830413908905012347397889480221481982937629979572566950559061529531117347675241783747949896835717161248073789633140165783045627418289066040000
38145250942132008835862851369848419155278050303600727374070473530896924491663726879505740942793773139994305819715738817261554680502344791950972800000
-13774673951325447635172696328000818028294851498522484885081004330601667177545234706488184229342195856109054879341794572900005856848068952648962400000
4760527317578074702715683850957082710578700677889370776283995096655936176559633114562316469660662887871289366300524204394242024126692630035481405440
-1572652248217214567177479107917220666882484634453833004704097424589365795930227455491870623516191998049680529614968497661617982724962735122452260520
495955958134191321897075986664819821532731596552838267626687176575790292182662940414940845872513547854411045121002545784952780788490913307473214400
-149096720781093685805758388239565989145918080329686418985740290269044392533766712140269901430870203992970117560205442766117764076832974032750990000
42661550392343151320720105595341624433999468195829252809252738091401610147922137789144984748235636534675885203082410014661454419537614491815520000
-11598938191547864814327883030535937334540164053612959506071215118739406907192781227919079340963201303517280023270152772196072592027989075876633200
2990990196947479074248098526967052245114474708492484414617674226156421035742639596271798244023598932026311212618242746543524961309253432831897600
-730049382391026697116769610872135533201018235061035397059047703129895667008188658853323535893334058852575961659778185177043814520749728427904000
168293506287399626795110675025616958294122272228827175051385477863262401066117723621119104693975303363548819732254996851705880978834480081920000
-36550748810587472112017036668931991207959625109244039997425490865092404154039568223832962453178178332708366950947276460615351572464849126960000
7458595462180946829227961551375340441092476895922874370840602723208337490483925331636213579926848720982767999573872280524108557548415085542400
-1425705046577714226548864312037377914699518722185743097883249676511063007994282524514691883571980881947596392102613521537343331340839084307200
254408175545338350357885936318260121471160079683120390368368497281278651659593438559057375203441925801509951291724337967714901414591091712000
-42216612425684965619313066333934914339869677097711099182618867036970894408768546773112027658674368912003617709539476068940920574823923520000
6485954172396044100635203606859685056331143806507055018454476142854238921511765759380723042210602631199458413536929107985436357174594560000
-917915231766520479505408732062219693983263537602341941531410487918069436288188677691859114200940965174460748885323291210459677252216166400
118963384112061314851609673122726205782540774808362509239344008850542262952511062419536468077685613972885897336416450230066427840478003200
-14021698783824501221523546813103444122318241822437475657686353039702857327708891227563095534872612649527702471970743170834381211124048500
1490668935647803292363103583448941950773986888691036097732501759435778544866364446324729746250786493385854701844456037920592488282940000
-141517698668020011786942531184585758053870101851766180709911488640239046147505584193810696762516211628963196133761330202207380184795000
11849897503194627679937541598730336716463442585036778944914087569507458854271079028878192202284066215032710492830929003650974319747200
-861535915410833900199540651948506623518388045085582142678702795232047391190626919191399177972183385531714921034901726030746857430600
53278522945347763675407703488273748265714945198417819125174230424821916020961751296332243220212840456495034927046925776850536160000
-2724809675171468885042149920773106450177493753770730725078418834857870156668409125322572891963237045078883405487426950887290200000
110640992845527182827397719062729607128239437288536527005027587345053286834241606866460372472333657445186851746768580011281600000
-3344124008756059100958096058671002375451036992046016528726958827504235594564952567538764757976284796280772594046080330840986360
66880824709163034419300057310615329307800249735728852137605077414505144932266074467743915359640556307885058686399666031026880
-663825458465126677282043995951357915147022378761155404267475158143186542926373888820612825229252654266578001372215095151600
