-317
31854696
-800229781890
8934120942700800
-56102370842248592400
225450743371826503474944
-629088986775835770932459712
1289504037382958057805229662720
-2023413171159118171173284201229000
2508232959132651078162557037987672000
-2517989985343677090856609384865444044080
2088641478090695721116497278844420560464640
-1455449507770908764829409162816967924582113200
863968607216435309394593652152652202331820096000
-442091854712030339209755005894622180247271596368000
197003989870431155246786115160081770134721952614405120
-77133987955792679624418408909533109632474943267186204660
26743341152838846015109773608080337664961900745232033588000
-8267736933870688305874908868683231550033669099216563717105000
2293163334389485536539176939621924123661416120682426847275040000
-573801062439273044666674201774546909032868695257458551792278696400
130176074138150543249005488750884057040635934746299803151278682579200
-26897227880549060077720648558950744058571893913850644244098398039944000
5082508315575962278580257145468272922674568082473554628809217141914560000
-881612245371772776284356305859672834241639098653090735465651583854356655000
140866120434890746449377533005392588669931275116627605130466927632050356791872
-20799216093147559283064674115188240314958358525467383359300732910854796246253136
2846268583610974642083034142292426411276057402607168949141071488596535628979715840
-361973481031801309552154233618962213439131764447637474584324659146068348070692050800
42889338213860804868315178444307189827327707566799261673458720136251389712899312102400
-4745895892644648551145155895655676364126376743188857411997867199610155166797699547739904
491518757963721728406217560856210361257825207592196254423854033967533323039585265959892992
-47743079356310138394457450869690394123544515891755664498309220203692091773566746561231207470
4357816426094791328199330226305991897043457189752537237035754351007340608165780172806595062000
-374459324440548362460228433710772571893613955908035277998678708433055505736099863239963241603500
30343126841850279715307849178666227409345057730004256192049668011345976915418952509919764256759040
-2322396435820721293055965650910061030412935425472463105291653332599877691490086540367647512284490320
168148966193243166229150705126519539323981124450570155585470181393206630226805973616684602934725113600
-11533458695713136703023706086742470756470713622719335914101727227209245630757616105861860455450033848000
750455844968663848274063211040584382528858373315770701345706601066696003671807857176158189056527909184000
-46382392533191374557483648047870218127435172299264530553359737545552813191938379492683191973506867757060360
2726324474372143567683429087634717735119342358444812453846739409518728355662728971393837497036446513586924480
-152582983975277706190219125100191331292322604499696207202958814175020667184128638152413042457439445608769342000
8139959729216545667173182531034544574729422232477032925094568648038960849671416369580325856139441273579777120000
-414368518178449496455019967965417082372576833304395157989072842959805634616563583404571205630222291237142445510000
20148336678480420355035598086788556838880693982461217203079539955157680003400156383381579847493435893518021607257600
-936697695686273341959318001224787666309645798268741644573980899815088116717619841163703286548899701868170292802812800
41674354699885443208583871960331431346723399300068777197252531839668112318247024893421801268458969080852773371054976000
-1775953349048720590900524074837301035927967430675891010899409652203912156235713602066241127406095433682087479790378827500
72552982966052022207517953124798493965890241291185671585631526016400389662994034068918558810915905413997749570045263820000
-2843757699144188641636990683498351850089447541552797109201779041128423113074848961751704263729135462244890193047666142583192
107024126741186596598447421770967576278952649345451827537694635439438324372422458734314043432494276096973399160726621824368896
-3870323311163805972033720835012597798238677816658656418555277339661788664481261141765864917546765084372242543243954406470381840
134586394102698671181293645839811517597705250669710772148266105567163943305991309479419610233523678690452350168768054974733676800
-4503428748896645213707944069111086833525683958709084077785585980282883209943583689929838693180934808252231537385872917712513390400
145098241184285166647547458099782799055453640116238734068527058506542455925269897770354313518078224843469584978438584479977654572544
-4504384271050291399438357043491120802438003260917152256943021277674562408065306236491487080333376729332364319644748569795683866581912
134812658207734790914553967038804735866134637455088915193948719310887795801868383636944353244572961883742415033011803917184456505517120
-3892294717130273949933428670821614141200453823669890275925169251804392736996571569779494741046120369488252693246513512323585118340770000
108469901154660619171255974863275824363566108740755161128109399247067087225097217707891188118185017179924279593926395519530693812123360000
-2919316736937197980801061152368869818544876863828618557372608773235856392820123424027741479328563369318245423771092926525502609100783396400
75919495296946727816758152537605695942206569298298242558407042668230946363992932947142297089939914034449871853663294897613500800178609971200
-1908751202646570371969456725285354444415856891215929670150168740549214310964645422652592950639241152929086333323956590889660974202201290496000
46417905285826901562734180681416581248429958967034903442402188671657889970850989215023500024111755122377277120793219993114154001006920775680000
-1092373326224783330648592743755807743232399666677098497930535686676542721669980323096621151812549905154129119507964075877991368803481473225127500
24889047544544980483208551925422266649591413375858984569179902329522061197358339839662281315522675519469132676997551195341765947100198944034005600
-549278881450813271072609669937240302990167893035227677591591265069776012186788173509241067425422719401544107354868133393432044488655515401014935800
11746663537375378485847745224766110288940993034391146591399590431432055506779163434370047331886963925718029473394373091060253123392944860436051200000
-243532417822337945187239207606445320685408368780689288058936361745076557343725022196341822550031097910674501614825167901057778043699104464900962000000
4896633331925386855048106462035244204699175031849994574103310236742845763789142811344551562501444432008621863176640132920071198606853155264868576000000
-95523323176615470221876213999895297608773355534593700274277820861226915043844973917064150879173586083933092914120786462387078735434793114002759655360000
1808670928498629915044166013462012768530489831197361536159347241730288948046997633492548913532108796774299911221384809811926580269744124805660663278080000
-33251424159059013127562546665315803801079925417103499460583832730151463771917266485340928665929326557981221651032808506775783706135795488928142267306600000
593770974474771193323109765560415066562350479018872022643865175943181327178766575106969932792237702243853077934374565116303917709867198109664480795064000000
-10302403505801942182470531072898414302280607389156334457169752001805969218268106026413172794811702118936306152991002658034219162411908709640896879799382000000
173747058875448078790735015057677364332719562553764713234658018470990482474984108460383862045691966188581999448415729093645896288541032503355385174273524275200
-2849048682006633290600222555602111531863723671771938588053006389100228803090922760493133089669948613853733883960837768290596221464090514454691585181954346377600
45438698493936118056865752210783549747517913712726347256922294510594979865116825136149547134287458412212696250183305678792170467472490984455327423647428401664000
-705069087988172127738068924631660258697309113091704604337565616908730945786711682606541419660159025543218209976751310421823611601206527184008084390111025354880000
10647548694874098172577715111149610008284568064519624346996776840636768815655504352235429533749506143149692333582576110340655623488305203338951119628133939696640000
-156533938930001409837447599545774321260857300722279208622590583774792647046282929530856145218899575547314281558507969319662804212248616918274776858545545976893306400
2240957143090561259443953380602879202467581853717762765965963778814010631270120866479843927468495554337469263561581548888475518068600531915822777132977601359188307200
-31249754093082462298001530150539703810138728809316779558417399423036244324961761309560167438888085314166092429781632054064233633507187518603081900338138725675831592000
424586584861738782275067966626580966269267675504725006048464013063752717203719096904460977250678586936557737179207542496793768049974270829038825064835213343483500800000
-5622221993110379768184017194702570779682041769477461945879554724005896772462455552873370533937450738838350206613505997463567478771718543986619124473178640635160704400000
72574520687259025425593658082593849300521237866926783518409798170198748316531274004592668439742893523462961061536612228019675756424298724756822979220281348124239160576000
-913491056562872424816764522969565875193810653967795437814943664285872373854900742416109421722685936557563200933156820192406121578259497185476868794558362836794185529408000
11214372965493738368869567905183255532171870255870993801263649793294128812075224862637717990021400082564245294055876830793813821779874815494056103631967641008708643069440000
-134307466514038838458265505599976889763853319586874395673837448357317145748439660367424477658126904785307454777532579632227823205187821508651373105804085597282113003806200000
1569571210740000908774740730006143256111649297755054798476932826605243472748587612787747638916486721647057249570336552379253268332006850323550095399327432845500648470689600000
-17902606739389869624788829790683650529493724317319970095862388508300227062193735920721878594056208855092589164265904165156398791101948258585490094302279283106538198957844624000
199343504676447421611221883509160493663030712697915686825175597098580767654964376497756669653512245635838360301730526658705617646410873690091881489605671795276859588154200832000
-2167366022902891537544032824897270135791635318528555184320272249881485721106816723441169367304402694309785574996071800067035026454508583569317745047372630784540761294883073200000
23014324840259169708410680383693524022557959030369118756847474092856474578153549298281534824053225048608013320342147545167822503131236942421799249063556759307691469224426112000000
-238720225733847179864753744817413145907594456655774201156783787124555733874095433888116513267196721976015192943562567786019288804831061507897823288187207747943395906385958176000000
2419313764711423651983361386812174623522683588206507649263609119729680403663187231594757758390125316212105662868698803321935538088096200527242826507562855341594987610159033640960000
-23960289197754532442217593734647093577776247737236607277695029859492960013406042555267830390792307724243437518122259752127064059018533475555884820293487900997547667550135142959130000
231937840379581551157102607859672365082778259528909574965720408077651057287811920069486023168600636361365956972109195262379954776852803587376978364579751091811737863797035691435600000
-2194884488015230037162981103220150239540639537409927813490160275732748473719573756301045107838220411880752290650785528053040627852380992715405734971348467094888566821240481967526500000
20309119931550370534663445596248238437247374591228602545637756870283796917118733273281214033224419213615107002809757980621788435738876386835497938279935698796169201906403104649632000000
-183775195348606147931116052855890684794807767938568501575221498143511049923315705516594377665244447022081741757725218990848501376157518536835737293701310144836655491130851053664055004800
1626575319834815398922125887682840716474228384632631395963493640268731072980720362678391644999469721863514978906136121188680471743016374243096269853318683497403387019235592582415468902400
-14084009773867680239513620779691340440559483278511207161223695173357231709868146277574289825045869847565815731906888934763771654841371594933614712585180084858091514766228215858025520576000
119320463613462824010508458448360606918417038087716778174265785859303231792152793611874556459150040710643370532924043496707304773036335088380930376770288059859106923101950423349923064320000
-989258869601521063007981230994807757414498063650131901740101314290060900933590741638094221649534171657315362962176197529607446460104223038127142166801224222609624178561501508233880449960000
8027488028120678492602814770949612808102553720307972830591965894026848838197075928336549790989018152666672256875113953359528398195624871644717156173306550916240128572410537046044070800473600
-63766232553742872686034089244532377355070952936867879943825625840119111726201817179763445932283983373082814074659535927304911723402821882245099709855476111510072997105140411442735088212412800
495916267498057942524628815296808706410648759673221768730739254502943987081929408829254714456333817760441415425599185864899060166982903344842665574769114592440990450016744015622423989381888000
-3776557138247170502807797883979683928920256865395569582262338330008916293943105258852756345300398779369959595780079533989168297267854628738481633202920662180518773724514513647776218351924400000
28165404840148580415183347774065468695712997250144821946393508521625288694024970185710380796597738830267938714155482480238382668488348029901471303328372530468092542898895886314464704631539200000
-205744790778172964819639745983625844012014554871326501406593043365118813419518437168988003985989879129632465702932970326098380635125338348343896448751365255830101799528141197971009981626208128000
1472291754997967207387224829468738204273297563013969237563225018051764916936295882502664908322113112823750932237334155321113710237621202134306035394327600996350005312945146752918432599628237824000
-10322122002016599653513192572355562928476973388015268223652568894496370027101605659016012863710797011103697045249709206769399334091804577622890966418538015754464382752468186478428854828946538220000
70910528781963828146775569930850495738585645359597410022617538055072564709636843011111649181980665190227606297228012500415984774573819214431826734609926755578480355160663271821425260051311013600000
-477391112243795107421193824250531119087109408236938765397728243848296699302882141087349301468069739880623573235100838542543533078007630388449047129211012744369650793634342231569095127552274123800000
3150023290649719187448246342487587718413422714585120939407739695363157895498427762559277840703942365288675651779798833616371937279338968485264094418409815964058465546745348997780379373211466853632000
-20374255131920110734332879304824778678409290957081363757392524443113980463652992230887457514119070740054199465023129599147867034574368939073869643989109803269909366225467297809439637187032817677776000
129190250964326511194396517178668331454885415667664721611634971266147527521738602209148317059356807673073600231135046329610260691142904807627429695248354950969985608033498535310056286641423666771200000
-803171076897940566040141806203061197385245332323426933805744131546542711858611182148443268187533902342690046251666567475058332140820565546701267708214151560666245630524260320964882393932407333672000000
4896275173112450616842974496567888358722792108524595744762536500822677722571159249524102143640521624280753217485620467268331028674017215063599112966224932979958735455963445024239557044233942539456000000
-29271905095699844524541307738543954230144892349359300213254305890230798781835314488352807600268671257826789148619415306018288189410935279695151669177037378841088026157530348520261057387573324949946360000
171636808186301499401872972251794370790893977078600997521170388092653071089611234082105855260423802345598947806207196584321972849159891530036840413599501734768781153580470279336614387993196830838262080000
-987165342971535867797456046063884514347922528071327492125758604721282326701570121848876091075556275181066778214886257968347385498006753186563002123500762295409937560619199023287481502563666669168867600000
5569729240270361668001245825369368903743715182508329349451699021680789173590192716043364606663327625715900600728580274980377607648215774473198351593761984898948527343145933546686457866272363466207584000000
-30830929034022586670693940942681002569220787612437008059305570943829149904512361644159657372979695903197024442625627792950369362627639777103104272840781986258077914136132924164875421980491653986688742000000
167451901538770738894193318666219558530198586876278672124474110244935486559778371748477770451235130440250386067134801729340169317762049410820981824663047838835553542735922206484991219900956398331286617669632
-892454506481482018773896401631697877671686383935661834496606695021083794676400061020027059157870880066824509718976882005836466772726145552897186642114793826366382710475849436716714669279391769463665569468416
4667831990004205040843567514517331078205931139488649783503858936820548634069136905428078784212163645758405086483532132557031702954130921870072953383892616231153081124418293662435491940009268378197955697213440
-23961670502887186582040298206083992329865102446697564089452640129473403495384811976991489632944581507965738513104093628461251915097484203117827499044939482917549431638745153105416079688383759579366397943978050
120734219597745617482778374135192031060304615705227892180303165048740216109670435349244782329375474447443737927213030620709034948446238535125509292705972343228813457367075512143676909423207828448453442389680400
-597162880589109965666743284945950691378686539774218596417713684216517510319008403574439178114211037490377195834189941807955474692643351059917526406390504272080076218216359466543065632057782199537146437627869524
2899620564869725261877418824542636164046570245691165270222903436769067717490958117420364071668374647864235823930504019053278584883665588084657516484570126448568765870959314820121238446950112180119534896256343552
-13823288694955448167920557544802231001292949808214912945997788910423703509721443757089218412140354690360580160398721094046176862566671377080582909021511567576352418335126003531529538085164776643803326799674769120
64705088130607219645193180208583002256038003511797998299995303396635346859909296347277250524349673150650462845893725286167869535899168411005272478205729990125048348586603713743605955873799734643389420488047424000
-297410616990610696089147290162340216373222574283761650350496345245851252082250721509792454751957650598275487305644176266612429071417134465665969784125279197760671383041777918601082109385849493167902597523948432000
1342451961378084954901377924714115531397902982215603204632824765174469541909150801332321892878740420785543741438217422024505068045599953343404408138341946113831762450181005141058953012154596581945917107418935188480
-5951106383503099032614007362731643315630853115311632437146366834502069698840668342000490320220943086152091695055350404631014492012482535385259387785849437051871090969814616918839031916392292254730297436667428249840
25911045535717046882903547428335547538672988256341126472566524466700896999800704188197563480657225691318074128612245461476184361833878884953028779895552027059454715437862991880628999318428159361530177767833248259200
-110813122435227624626028114907623853669776387761904171684424521381561360856373049391291249615738697039981125152532258538643553631041811897973084907508571457879504794099808410718222476868797597101440103355449427876000
465528674593579826905721755127685572934548410633933947895107372884352390558981816313458317313300479340675325623970724137706120859396604116488761232475323642314768652113930390827425185160528096968567377938777452608000
-1921232089755106051968210563802212158627688081008585873024864300267468393873748986723435195365079718029994204816192240039536245418149587264217316700698798678734659260247128335899979377676018226310737073167845375714720
7789682424977596128819149797644420184229197768419098136551896862127664216758470817453984418690626523362093097018440927775611773586147675177004650903371498611510659104169836572618356102595869281548005331417618834344960
-31030858995552738000763648457438407622406779941889707291139214215949445953735576691727400239601496503127362032235978353678635970705579845694946368965151538681293081359970349270758255006001448127372720107425125613408000
121458748789869487485017478729198011936888780211690164388614734502645295815785395784921566588962970321791484036391398475643700087792782573691794580271442572059792568441098672582106251194696851098582449870326522279680000
-467144077557796162972251108270145112172197670149639548634509593016467509509854006078069526435646401045227441471562654447724344767637817737251239060589716408636411878418351776352272369383230033066418119430369942678015000
1765571318861009003302114723784961293396029282319665022244597873933915537488277704589189862006288019627013241811950286470105461717744187808462899439272353136546198977723467565091889253777359873844939331387154203327742400
-6557777164016826131471116955630828508258764607294747551424823957260738170836902359984984469160435418367870116061997561958043709916445889536471811658168043482819112950989871342232133040406967221426411225554285970166417200
23938056490242364072860461171741392601760902967439941082715077687478690680531947714175370212752794937334332674115894659042551151752013131872687144411879090653189487230972328727626019446864805147212518740882136023264704000
-85882586252999277787880722296443450402181362294387681244757321953547886556318622677066812827299963027320057213084257751134901491071582905780456503086537542868010219779307909653966889071944426246059887931529522433722460000
302850137947606299691797936450788921448852506252106787500092843615123505370076678174055521941518828227684907846400629287908164854421516261778315333257008745374117566149383254402493572887004425113802824484644081450892480000
-1049732418150927453629494634038247875327758138226469166681988479142216313791418224627396271142093861984396367912575052334874216392510205855103512645572482446354757994063300027893158722483759471564460821277018100812162383232
3576668220749495724642260388981334193169723882397172782824890178834283627289491646631865335401385375634568002736376942493386611249565057342716621657349897648892962547379047084205241648713578607381247852434936284193468322816
-11979764121481116977642023900680425317626345335842504146420711845961350350493304669087902483554198722882662954109874034576295139869615303084579543237275875586893261198447349316621477881998800230791112580534866012478858473040
39446376115330193371636857715598581036466260775203563569828205779260151438165830402550109933459679506164110406373150949854364961388779852268759502444753064643416317364104476283702145121298112768139559900364281782300414844800
-127695084900583780389638913703813875101729812721146196067904403874647478763801032952225484479739415362065156359777615022481411754962927795506386965811731617130586984862303632894613964724128015329245169178220062627447704034400
406413193416784107542699267323555635620339995833911456238761387632509669768794263627844721967067415452443293065308451824308789528885965076195645076121883303736657781915137772555827771016263249287633823768716706295324089127424
-1271761337864413220812753834010960401027110112702985664322419294558617228875040662313085926691242804444030000690435344007913677226875940928974644949125155293781134946835284631551773185659167292200903130401836100201668941457952
3912953055443916534806249777735049568497546794896118819514474392442919819785106244870965827427638212058713751160802324214376781244118274982897361878439359709536341205241104566387540200429682641913119940349517215274233134008320
-11838078012834553608846419422505993376893815962366983409863430479460483872346985625055267349642380065924305241804982996967265117908269216394941646205300939034719282547902356288111639706675684246534545084717885262120912411712000
35216889015041379210241743282616619195816230010588825137020247596980502000374672476925617927768051896603581686866388245556507851257668257847030233290149638974849404764947605384134338003230286017695900744885990063430623023616000
-103021781306540384674835699714526406052948501924335411159621457901963781808830423715800101601274282753310376130770974582870363924720137428199462778940078762233886604431334422641110798387652847249188605893897144916416247172483540
296366968421978450076507405436241080458171516974416223886063534309387573084405194075837428193504136273633275233182748840533825745092056932447727344624196332790264894071823819586526369128139250556594883079206909537723340887996320
-838430329617809405042306520218477328860575532608044983326504614570967854124815715369629243111824211158203875921645068879188915273752467876451056115745444929431992724446066128837130402222172635938667394231661217749895955046078600
2332672285947851677546286949999994134117721531498614368907193387371972741800834720167224722451957005864519948365689468611902767023063812165578759760469091391607245368325989244745405522686702595076453527855937265838846362189248000
-6382672201805482172280781361962729339385986045046755177386491781561034725882987416763331684986870610224108289711339420863911374685021383428816094105153251144502974731975554970573640267366244202835419559618604670020754771437884000
17176128418478488369879859162638655732627176551122331361470851565997709757836223695197382279848598287877284471530268919381950521760272052728329929054910846348975792130889148186009446484786795786098592419316710837259892656551887360
-45460392435218884899130779805077844336902956430650493293154072334987333639434943488235980614610169071336695759983927387766141580909490550937555767011243023543687452731969017442670451461567548884726688957687097963923492202072100480
118341442532786799228258260025409713466210858649117064544551100846931780351499763248805342343601358047224501135746463779691702060813547061496165107569874986886288826000966354703928960382581091076451562204743207435936947680821632000
-303002563231003332136836846681414149080064048337529927342403107380368661674501501954893638905199551420162931355396761799866101524400899177969826087674922616473131448801014513275206431478430504061783310045555834940404745045159270000
763081417600210345363901848958396306678017116656344407194578996101507548647580407990322105639620228092485533648365893447035081070239413048318113890769995236780203734090521057065895739063077248561183079197392951773167343636714960000
-1890250366940534893226863995331579003417735894958859507496633763041897020765800478464331114900857180239202313783836191902415031790220392412319911949008068823732110903799526365200360209819606821704032368742635433373331382823833469600
4605743926123567253945747612577693677901126741357300440823506800355975477429696401957069295662127573533144777964869908712536034505988937402721147927325566415418947288872085580787088821491308328469234917006097238705349145495451148800
-11038746385944819366584073636757077144117745794887080440663559683587089008489474830339575392405460911349635968144912820350945359878554137592615704224818120831709047374171012307521245703347796681655999925308184312817833327520110996000
26024723344992029620307134745884572263989713765486063546834868230609275299509417088067106809052401413506308727732468462159200260383934643607703701764281018606882634993534920258568582205493686185894863000091733272492442767543821440000
-60353874363255561359843600604861721243609121833005449194540778275722322849929141960776052661646064884612183072409823230730080852237323395812779099351812100655471345316457502844328044074327130009586339537106647782451839213818018720000
137683692359656703309195536739854997321257393885423435184568063133226591464079986088086796511126226190972916185170282128709432446063946505308212212150693897149186941034742431958077860284368673011909878381074900919941723912952883587072
-308974900148399290325804149838505308264222792521869810497962286046616091569040291610962599621575328035030356494697243724592548347857796791822370722599147238911784343754779528431749299520510058337967825926641903010327642509074567303336
682074247319202493502269941678030805948279496020061798781929576526029202748725671672066564200202677611883540973962187621463201625900770089132597886142456607077755600692028222616099510193063156648914898052493026020436648342672829477440
-1481192986579905553762898729237372478325696588930070447708328005077434645092982888505130032502049780112537780479531256132267882460235528531207183359299069778120975069612896157590604936208613511337854739316430458759504595039060851918800
3164217644437482455103239356413335145483514251087215193181849358370220860376532965650233777494469690369931837279203377539448582086645281261635694471998462225674120706746465971560242397977815224994646896062264974288273478394358390566400
-6649642444200732805108779769716900516074907464267820842239473486483640992659807194387616286290769961345626199645175270780355385978320696167392370398268620200121148296347534615356955081355292001687052855122949377602291755259057668372704
13747046288600080321858534118109527735805419026889623943200606217531944603365691574173086164582926893013539612636013270028750941104963343915788604204204301117603404408138513001095688585514215582255142265857791747695369982606924628782592
-27957667347891088361369404385534607412224732905036212925181404354668501636448792805644546234667578497399380992791481522022908077150581320579854465711152721434227549147272398512221080230744026467172372259977965858093786948385324164289920
55933700985658064445392519747702788874527668925241908268003048516312508872825976230349804345388866771947759757443616171744000751562869852155939239829413608530957800856019908039022137879896377117875987381484180252987062185846597957760000
-110084779589359457945115777656801746546443825717617086295541325962531055166676904364275121483527184534947869680935151121568348360080597437934389749750511489167158292309758226972003843140097332717847077835256243584513436750635525806930000
213138285893624985281962071311915586067306169973767088569401035020632807584066570950893401022189783959789207787800930720806575185752540792616052662599500169997737825613259872960492700126673766405125456995629502553227125576161065948003200
-405952164192063566747147842668402523781159829404596911987037299127487501160160092486623276493096064124823397755855206613079768144143605343041090244440653968714907461646853185599079242960079618734331475829951867607231905006069520132725600
760616139948640364130319044057128695648762962126145719734355681856300754268457469751023966250898056034156796618823333160484612336763677030399846515935590037753459832626092273741075581193183008363790737406801634751518042151553517661248000
-1401944840339355379166750625993143075997019668620070249889503194163895219466349645397534412670177508497768914546549514450536726762066255662782876903593934274825971616014791228295110025374318330688635909584826066542769433453003449186340000
2541954688253390700088802232421373722633044144821945352729300492136478978035232323650164016679881774597113660237701042858048842947440084173654751302930263293634795487977548172621642342696000941800105556731054972644721331034521077150720000
-4533903612796331683878611826686421956416040981743496933985787517677998474147107315443501686149609628380430788616214195251714873920850957890788248799013205629192544229235078927615926005646892095334265836353348992621079273794509075807692800
7954993077159825619410163805886475057873357395889305439833400603918021061188236206433695784848666788009501217558362934395213005398038105114266994576004968775893105206131381595867443101051129882353983927340400820144459914943091936194150400
-13729829495830455323214292321764512140765851896523900244395619396275067546063952057138234980224512380292548691600228995792519191309954818736307441674759009829812250942385773492758953648664771559374246619385660866473829809251687945973112500
23310006102615318388146576993433051834466226581550416157630512782099795205591675698499878658471319040234658091674903532817496138377984448894845032390446986003310874106592829758706978140126182002599461897230776482477516098071807181490500000
-38928255222863232188600722812420225500895571775167082228598964286675481668005462660160826690426661059514001621746272498357372855390356482261337411543117345394465362159147601467318782470011449607008820773372462383174601958553175065847125000
63947785252884390149342683754241077335646048530283671908670761478051210701125396965267215736773463679723408213037716379681655175255837667533785143317009384949898340089651434005380681872631037166395765438210058916571159414571085530915840000
-103327542534420365205647345082179466718439118347050665514028534392624760564633401859252183528444898245300685079339081862660854375615774977530837286576341200333065380684739001015618363855680611464746052375208584629537733713574317788435520000
164220743217373499082283188040630511149303636260817981625532221941742771821654467434839204309167495265792632010452074758146860209950810394859492484630594069327822739071728248154895531516359094930184661045192236335640892974651857074150400000
-256715341497723061199309386263392533307444988986945975000529084320469997221969544861343756659711507687075335495371783531094539535936012015329150008177378776113550060300246548519864622206409221834414012655713860928215287367399731170016000000
394709318277653638804665283977814817000169452524864688412722276864341233576204682899863605855824708468236737144066997187982230834172669871704282358978415669301326634972889872636486884596445662964415050190174631049649564839934214577408000000
-596889298832424773941384959063351011638081250344413503434928945131178421944776126598246241365324519763379299827686714822596429023206765696738008390306134635509198670571878387647711379058860042676362549273836831439056313190069517639320812800
887747436653615995064229583926106670312839438892480844394891474345740180139543771070899733946180038700575118636816893647686300515988419523912612265951709561111772721401030384321568311301422792612491593296361662520977593301277126207556966400
-1298529697006937326375074569077288418234041317280112714383616744591841551113338642691075645048959798300260414563239297553233919377922968809056079381759822202601611481149409334580747099794760792497710046708492937642499452411202952595285696000
1867961863635886449744337898393595026157246458015605370396292087150971077919840683800309743951620685851135367888296866193203104679154398092670154232102750859526402693647916361812873112083123098819778484527153324357479374382686088714808320000
-2642553796564675676561860945120293155876479496413704704232528451721432147980939556357546029307568354433724829721446112153797731203764342534356256971034824378914309539194871683223021884075108280392561003449805307211117916379082038180192960000
3676246642768761421880134165270977253186496068490918068489007576476902060667641885137122452288820375338805197973459262366677705106409958879919195896599166507765525113610683595192165411792198227361586829403674419531012441717707371330560409600
-5029153227275306504486931583949383600698361208975946522527862117947346482419139748276589917115724602920719628568979888730623546388500738591194954269612390736056933486201362398710782794108127148954241686477790344920206081606137855308064460800
6765161194430410672795788384766096542375633972446814571133654752234242368471591287793475759587163437007871348006161188976012070616191336376496001402610520712882952837747591044404525665765652614196888861083802083623904374519307007863820288000
-8948232926943422955592154916749257457411373291264537810491942335350511268856019125461853974259787067371843516310386788996678317793351267200096701189542969854722794381936619302793291910674913804720251596605042858620976512385987045234077200000
11637352993608250068937962420976896537181504405351431147144668395563101672607603637261898779097318827940287229563436109734742837325260382937732501572206612291547640925094559862482116409002094810525126547009896172535895096623775830811049600000
-14880242584049333631232262198559324690138953558126119069304777917401536059334924297087555788084324521286277927162190448794385801676510379443895646964969584138505213698983155013276736104018574246501164645336531412089038290329208510739325984000
18706170502551000756335375457176799358902471928779736126116884402442199639919522092032890598762459846080510388971799264125338257187191054035532705225296324994134448918593230605401324459686699836665330582650771323011596662993758943623427072000
-23118419378875830745163946906570072098394397545480385437993110184533018400661486618947287920707120686866810910364867170831299250077040919731302601275789524114435696982539626957480788695116094304636342720125869818811835543031068452375472960000
28087180148639727361710347450685322005411166054065085087662946800049813181786266887883235473327084402567802186059015593383614685451442515717547210260784204394800317786981953269773216797258020191574758331312965778679458994729275344286540800000
-33543806093753878255612368615606872138220650384203460972564187905824186224810819610861162497656525181885771791469249276114290287173459374446235688068675659248947807247868896195818555033025436683068352201382217602701451017528348685585286400000
39377416849571886417794474214327556727061230339608796240459125852280013873512911094943647847979095348184954472521089079914891252421429951215803858893642314191128259870164581572090818178736447726771683371677764326511444846190553014053001216000
-45434766830911423215216262225220665322528446777952681927568503986749613915741181047970280234059041492602037339661089429849501474442790607077339873452963106564021939591704602189865505294408418863067987631762883380253142369791153129404904288000
51524061856711121486813234573398957892990274967458922783073713879938613754817028774482638503658026624157420925012257120643109404218501527276645272619682513761574286440506822335127481635231361194500425567247934177950642454646468965368172800000
-57423027022992688947669871416128183755623051798069645762256949239351668157644220373715868789374787058086394228037921858321317431075518335834683883181160768062069314058611308917179258160298565896530490702998207931469484420721114147603848000000
62891031535284084256858760362510815794403112213027300360706261955435967243900994720513482950069406696840393569991784144907365609965072186666755801916974475610691539560700044511198516975129022943911795326350365218077793992027661724011904000000
-67684523587632493075527189432289790989972390745131798522496456177617853259660308140430306061697630690738001253456653808348755521848567048167038077811018253307547760416886459060822717990030902399285568321369094500918475439064646106240827840000
71574502451916279403878468495708587560657931598545630312440305658393703756166654958681117247283209392011553586915281339317305648787592205395695883433661692979837159968292046386711405146272927399486108651789909968744239869716239268137963520000
-74364345386948565191047743270082749493618403285113403947498292574426783557229802109391823079440320122513424263817810668365851711431066043285581683938410985087098485840767677851464116153617913470714353411145652543412645128821119059431142400000
75906094468851357740907387005357042456033102430218914202477695732427829503207077461294796587753436614827996051225483511155475333753763646105413868702643157976655857573596238165664271068343326585562962841596519598295277740130708509254656000000
-76113347636545726283846328172842173092522191537221066451476010550574804404393687984497072319826982150865771789806037784932346748787330802106618462532606927759874963370941237460719596425812296526216305593296510095444641042314978021885553000000
74969204277505503119362238182925473957244969062952913729114069927779991048309863854991842254930422478434979644975570728056622978400621493654210825001993320411227756514145459056618705307194160078681478757612586259738302833264080278188665971200
-72528257713297427865084311131116305988122516569576558972838780196988658032542393740048396533457533203988324246166063834001525398067779580741160613513656040830918574920382754490655103871571482339413577998471116079028286433943104369687065385600
68912330874712144001912085873575158477332733242377463706072050271586188307036340653084078757167436310956322752086989565346012604347037362904135994054388786102617427625258391582651980157816759016043175276158005069557431811326716799081657344000
-64300411839756704847890614906466664010907668242565383138331501970284858106971331628536535089958573758520630099453282334316488561362208511997251392574794707408192103858170942669216187626094604033417478777509311247670114458456494273996918080000
58913944968185773622384170115480449884557724751983782327387959929601778423824079290782468640993298219892817357001798394371553601119951842726949045793057647671646501900753178874744939704784301111680612884990129609047380093818150624072842240000
-52999163083005534610881668650767469367792392499473652498640181948767845622142988834953627602197165765339873066207156593378976641279723785321980683180450291021663239677787202825524327705311533187216799368313710358505780175514403970680576358400
46808428585968869307952086358452227213982494213286750528586692432329435889139161144163238350787054743894183727145497197068353500688345843493456000392201445161615133890570928107818641256646650850755295452294532369626888703578321814250748723200
-40582552763901554813012487178901106995773132663180481075663235775019566100005182721320925937118718594378382944917594877771899452096121781856088812765719389834772038923221840817318610549966854227677167476986555310431011469836548518542122272000
34535798001294034378256680131614712800101654645304540987965176975186574698746328753983804790931584649934264621842231084622331497851145283975599166493695514936109860160490136966238460966465926160339758283202469291051828729695675764089337600000
-28844796003966324680780421368601352554734622176450299017506966151767981969058474923404582959012239038560956314389487073435478968354635606546425536585144586612848130519389572537748987058575977081795934063220442108402244197807954191670276800000
23642025284264947403365233007304148882526173620549503571361436231663665655906977074386329435160343826915765081295169631362309099567301513711496704173652957328093395741596190336779903127557863768771591841332912477948740269254490512118848512000
-19013883197322604658125159474579408591191376310422183163458647176186989653207433641428232806469715617621334840678945225826125960516341150238420566468874549655222771392080547144415796480765214589819482787791316227821709330664974028823247296000
15002853946221898884582368707175833444811226799086883473170026933871127871782539461056797841918812800174073957857374217248195669676943505822905864549849917939067336575281914391221280422074708658170867865814081347666117565473333136738170880000
-11612882763789618610876950002932780477857288309546719968242705863208452820039288232999705200531924779740701092476812593659472126562135230788879804236780058824207460139524672277436216370769465452960626042945738236855111303195012558793254400000
8816853691287410583086983206302215013107524017584113576140993117690939967778292608475538158237224730795937133077754390886433836675595327267592292679411732831852193262213651499936167636552759541394520933290222087427259099052210301810995200000
-6565035381347669314201694839150967008631399263718143179984566906677894518716027633418530487302714088178940064246038334561254528145479305402426490290404336969189387444845161444110456488960265693938708477567436373397008949639761243652287728000
4793478425856854397766317293757239181523051944280556739325864110094456892093960156987879700858000018103897836548027645737395740940987351862159787197800780327290913427127522021346675139612385247302091030055953611732242136607892336922680704000
-3431572006762663421664381745454071659814117081551163535554894693253707144338489167094407083847955241428282166472168209950486927787563942470136074692094080240790785216725656730157765098494796316732807978196432196774029294059249474514776800000
2408243051706968317732255915114849185976003181416793119500666160111663602455367425094281521357842896658504174136846527804843067410398986874670848536645475540286374695271913409164215916977838055943497139942423245682666496398165899911808000000
-1656557002428034693565054361927210741623139920192185041368428870852139201682253798708111246038829282230175380331669508418297133493316139973770412189620434019775394767795462742634744263101206025010985594800827384783026085511187988764584000000
1116716743794219006087736104973305380242211307466165356333729376595767774375188966446064364176846115387951963177687213471686384167822478765491811059405268507724974158835078790803370126815946698809571363732122937073892003733856072925783040000
-737631674262778708611690715250478153949730857844950555038802372441381209020745398832515877276109950598231935754208655299486414077935883794252828400383482022263374843861368968616285182087610506172169279570099645773922352192038945122981120000
477334467044116497828017988134355218376557135303293742118899140520017212741382883605824170775800633506830087750596759678469137796012206267880176125606711636626695058690469387811158009290741739475769856208551754907545681203456826918246400000
-302563803943074949073642060149223435685647761443140389836519299446749334006289212366237241442744987273409387535071128317916222310378769858111808439398700135826803246342480961950734830128114703327635403295564356221882615467559254640476000000
187820772022403971547980445654478340553688021845189389268365910180585609381043196167025353601528508736616836945368906738600338128124676929388353142942487553873356935295066325761840650021304151572942878373569473754742957438031976784288000000
-114161972933745671602179666399487642868704868190030395342655240989604267436423199667026018527495464294325392299481910369483011922389253629928546360755874554945519305838788394389865031258549174625672432104536491815502883361814348256933069312
67930731914418147918644328407231516259456327656828613206226245205921886599524339440921118435560546109834293209996315231999161139450617293039179472897513139724728619185163716907465917871470158542994684762700020716807226733983528633766240256
-39563147515979390286770289842237616982489170420568881636310747022880778783752325746763472621239714000255437994011616887999007538778361687185910380529014290008803980545529101628600197979281995050904799948797875192288915355826102395437207040
22547823296457188171372465957050231491215374977618034996525739370943005046654139937226506916571494113785848521638266244968735568664322741310472131758009675194444050216389908097475905299008064169991830869598751535170048464755522120101068800
-12572274279922103510583137793306590263399632402347535075485467517994493157407300142008945584193476932159748416964680879630794293067792206168417353768536208781848468882667774877402516295511455954912209868436913152933724245499572156153446400
6856795618041637507102197596337176733582538462389127011411251365754043911330911068607539349447711894227040643740645024455616898259995121869384898639713465716870036146942406278388355830896090334256157028439010965869151813031862006087286784
-3657006488607930843898668099743245519545142622007555487516135696215837048839558938309315839862760526106533075266521690975909079664331199565133825106108166003444799399476286722541934224812485434772574716415843968048468983778422129802992782
1906876765244850614905148137824302800846866900360947341974226913014177776530067220326921490482421725069403005528910460979126235123008168375345712072164078746970262855122156500845496747907492897296968511761898988017824218403440750812503920
-971858576121200004667044507176393734131511922281490574131296917613214065692905030490818033240432621581928624520285550578643974619134248424577899195483540224309929802295822956721102655681174456775429012101472615355217333834155511557511500
484009649693013666402060537197551644576937587388083616830076585376220621437792687327816354176240262098195785512644410097215871917175310018757896517981456922433269254112175628540698521503804001907448196006111971106380356415847517629632000
-235482150425348024767712559288317692877084324136193521803615219178084615657804196649771480362461035209283449552150325498333325613668325017853971280767635158608103439326854204838388072096724997318551238438535748782806857132556346262144480
111890404500340054692111391774111758239683290081477252444024858918046459089147344242741640263239511863508854759971253148515921426039200014355299282392901085037317304856529071831137903401693966812097099070455881689961867143268358007267840
-51907667550162126940013508406366018022590676135490983976457835094767051595097855273732701098171176727659219739981419446921646725310563551907588509524531423766292313576658823676688225246590297376773383251247997675205927090166378135619200
23503999590439037947074890244002135125092743520414891326210576922727002789666828017946019147229557390019904325004236826867324602592589894978179128197723318139054710364772576696986731262895344935455801926138693449196166439647977608576000
-10384507853942683877184875678425702291479867585286612554637314841332825368775979039781504929990813830218131799240350444928339165628351994893007775117546116498162185724610335661018027085892107963118263726922474566418410714762399197958000
4475282957518282447264123567559636228541783020307782731983534302002087959567621639871092420096005550127754229579351596515646230097208184741074934939941839369175940032319077229548587707047899685237609589627365899296358588416792443246720
-1880597944709863361474704421310569619300594077432462320793521756478999396543389878148668535908114266238177914354724136740343000727574918832415357574895283933005091087412277732858954128182135809559187149194279923734787578571378960300960
770293593479050206273918403993163501852703040595714623113956364785405635919524533124901755509502680275425312448736057355524914380131403581289237346392042122119101961767432700689888489709749970389937644748460123904891319758788391488000
-307424619306596321046472920617955443592778634699768317993450089059000508933409037954239652785696902568710550531062306249946002321041249215549899595320893955092226243791260001744203240665097779310920619663547135382792794621375434980000
119501384611267690031856805615481415643477528459184964946860382043525743360082494984547656245160825243607611356085744395440653850641205316883232346390819711845250062676864074972166619497075362922811669129728083139359540734788743040000
-45225290809880168728242762827510518191877935976137914923442127300395497031019423239076615749626090639861322218148828561396600810498494012174094611859757544994493881744746268373211315024757368829594665838409713110175450882470324166400
16656277363130115381891725997174663962281483262517916733830730235442020175310975609952809776499319176304367360963079409711949166301701584146252244135873995139105819820425880188976452510037136097042204240101658749254852132583397939200
-5967163596314929014341481908995383708913693688811599575991883446290964867358042394866447111890604113969875336590700959050811157180290339638251726465470104903249347890630243760932375564696884356781244909492518181620348396600926719000
2078487125284594684113631879637727073802137264172994740205145571062451501517728408682968603156893059059667562128763258556522395851283892404419954904045457785403709579368583075498188217466102026084358006285147687408448313753841560000
-703561635074556512166068077111640978828569906420538059204451014936998241889152752542227624167858214474443653849143010944867915788916265619818907693224295629768028018814185647845322835133278954511185865172950852204577987604912030000
231317110670992041236325509676745008893799168968466225508224397162228420315132483163106745749548782078579398470149974533992672504801507813172592672850629904642013205418788918321006373193439311404510748451705784981350440777633490432
-73829197014070435551601319533326787980924952677094089224709354234998681778011658043801385074154320766074628688888315622308389080671590257583297175685483155738832008288004292311733721269849952454550906152939544610527899425364984416
22862043308974619097160752155141400023808167389223834012942880222908791709074235232059858845572165170951441797077850345841172497448904384524484105022704320144334586882703827566197828948267732804026242101341651526100208400300695040
-6864470200620517004161472669117232383837127015513418925914025355475887785428647955074129503021351027275091958247392956824755548409785029797767373027429399991580198858924775097997264902755457012026149629439897309445102944063164800
1997231807192269743583060765023150769249409085794734289565920867548180349229686397740508022564298481079717406898510498145798019814555457340730918980039067470989688515781250323344279435228293449575008502043329277171576566040294400
-562714966697322019974569250492300731402425985919896501558949311776425455792532434179720429979882514650125992359454061142124138516373922158155679455995956139881265683993520897861629954652522627648754627571876280656160137337551824
153419128469243657577950213708010918626048639516768175245514377780459811961622044338610471202326601428400252827526589433614676282981443956140062402055203756023402535998942742482556827595388953129043320403330157545697438439265152
-40446054378020387318567051838293457434172196160518142875386159274776670662635256772282185613862195047361944828342323669278855292398596304769332632401380045584108371903046056487938281406082810250369614358631567236878763604436320
10302282577028254832733182553174425097792615735925908859617146539542809643243881658586779539297391389156858925672481899552855547764753769148002668293874975713466403461425908081683388988301631049301903294036434112453979666752000
-2533291637946357098016232017173035768752739385670235945407494387506850620591845677131913293529125711926552061506426471853696985702469270773561011211471215945809105086422089304999338596074517067556098095995643197682748694836000
600816621894719890873311093614298073859683244389675903383563827404517948354340598636739645263712868138542307329760536211629655063987294948376476700249695339859237924097693177857891766263828830894437349600000868700036575651840
-137305798731942869090112038155069610918126300642772405275917631982892244224505951517391732956557590152498549451259397811677748815481374449484100432267684911095759383284734932927008298532565801945201689276649423426693037662720
30205308708650157072598066400828726217830112877988514897590446545787947715136129387210457832107024894842400855380304342017030782655155519972949772762695317280228727131801976285221264910465009059804715483894275182309823385600
-6389276394835877288757873685890962595146476302617531031517944452231017827233596041891004565300898820650196795520440775471267422377564424164802803857078141175752471758384761693723561594016548321207968426467557123765743770500
1298035725956048967752344927649307998161485254041669359116826683893343117210038884098688538978528168829306871641752841539211283664018787481332526859674835065075465341605974981371168845287685634921239068740813798638152564000
-252954905026084263168765529360814610961576478341128645975810612631724142068434331408958459754091535778163024011137780261428462877165325898116037844271235099661376949864213126869109229553149582291607456570668220521767923560
47220877630783056791627938830856477487046692523902193356072958095467640176873323542622493024322799654954489006602024425463340550563048048528221516541369190909968550483030208778201470232710863084584861698245453289499502080
-8431903991469694591533770040108250489541727970496468542951430697639036658999065853542262341613279047976661839997136210800330266962873035968781344874065794844298545471759886102553450275532732342639384961481833204314012000
1437909287645940300062369898160546857469404390127646209842967832047379662986712997191099729539288812477470085121062261949665518623821608249169575521628944268663941405334537764462981654227762717052506096006872975936320000
-233779203332967733777320609223589302929537922792167756339062739411377509416820280317535801046041298553217260241175991105310860442646178221176130834437636561242241294936904289925474121741667238913633997028837358633360000
36168953676243350388714101494816505310465941884214267984477342412350322169354418318819902617453605788227718378479673016281590634872601477390582310311615497392307231198281865665688981041422668253182052697457813233433600
-5314131444876285718977317254186140349498128993283079252239052557457378758287292583753750529520638551313178171637244689766628426802353437938834985398117082472735242275560199697708343829280428328424175542987290332290800
739805849097946792606666619975351761065617159672099368743501971517380439090885883849675843763260454263463228782838086706959574205952909769852210326484573827672785941841300233398615359244109556542403560497045939536000
-97345067189648081973885179208278741138369178311432830995989150682183127232748542326735983000469555516289444488170161740133582097614519060636042043882845876045634247673703810946160313417947616866334687676320681540000
12073266574186171663923657085059391748886896669133088333279579677677503772404288960065867042977219847256936281303685119569145292539790241097218534273363777514725702600709475909341344673753125533427131877216627520000
-1407072145518208384254391546279866222823051768472632928086327902657325967430539854468120882375422877531977829495492813546230721927220664876319168955481251803910643273098241031256459603144405930223524291779168956192
153564854415338070258688354539302184427040936486985732971132882655551695521607687343194658832995015651440897761078055875157331358554077044370856200613664505215929633054772103145261890662265160848668427468928848896
-15633630907048089802551657513896548204081784738406895866814710050620559327640535250444743731243791065343940350331232717872415921058008479419580279622580971568460885958001392238320212433655673199419831904839747840
1478067686971619552398440100868346658948794688204553541852668945739376912545827162629593782605148802918944790171716280442359356868972688966898199818362065083099047915949984038913608076813071086396367904388556800
-129116607913368731026149226695703802130514407871746891700318087765689813614335858335231027170309971065233739731824202865425544148234250757766719692841466319856503352508918597928384240868593348343121083926255400
10359864138300287109692854910580308294567691914589828536965054631369081094516558415631974058577733125836115381438708413733257312791404973458433709082168283917322666198619386347083686899684823993905463804628544
-758214243878122384154867088536533520682989370441754186037651324157079678122965257190887246608496786613641107148954128319385838401464162107636445473323286446296426924037108106247218017894187052311441576456912
50199544629645764699109493283408515411960378057661578593671490018357512456230869344726590402412969352132335712946278058260221664157034786062997164463679269009641524111572054695356347883369873488561103429120
-2976602700094423874520270067877939989798839671259343687693984349734999658103164952606753573679930770426551572623153293954648200169540823406185265750002064936954309043763628011272763712725117414120806700000
156123483437258457322373168483077507241363088715731854379106561760694570519586620193071102072549442279575729995462465790313027580870125403150111654423501442216432375982323698751102320601244101024465600000
-7130343067701637556585804749971146506580047829067087501247645156791763475655209948255869583729651427315898844433764436562787492741300524395690323114097271903100121729307166637030052914868474083208944000
277779723938956072757884144062729707476076759131158545762565802160765136591524395788175438544817842848257429573995558327235897815874736364625687673761835801231183079951917410782862453688696460391552000
-8974535993877556385843458590948439862880726161525041362829444524527514326310242282562990571822116573777219099381739305341437568118487486303704262553223348073554310347312420456444181632673306705410000
230846805668848738808454875003216001535786115271597181091265606485820372794473869816561731169979623818948770840183966861562562358078458139670046051650244844240084741859438185040567298985768282800000
-4432157522933290017489604835704165391164379043867230555050567904150857699094679658026201439254852406682522852858820330124324825995400637534944593855469932757378396855246830340802810428212699900000
56460036371757909620628475810834618840330311024924962676582694188427151742561603303049822315123541869959273227649774726904979390861037095935197446543854824946599079113449166548498386306483776000
-357907416913583127602325600747659767324237771178271725026807056373922318669298739092598717407799250958222039267568372477676373522022076607584721836066536854983147903769561392657421472240068000
