274
-20570550
386068082400
-3220108082391200
15106332041517717000
-45349813041917847142680
94529165851819868044075200
-144739586252336515096792449600
169643841311879166725634300459300
-157067159002276272945542522999323500
117762673133546658403649962043972787360
-72949596402685865955748619049636200632800
37960133039208731304139968907134304068173400
-16825323583242653466267530478856268135116360200
6427960356700050467112819807432435499783229856000
-2138396714041579900061607446249445464863442390895360
624979852127308625478943238782748084691729530026526700
-161731377858287301639078643594620695535779849003784956100
37314024560687322136186440635756438989785849607194237772800
-7722762728675216823837035767591530025268281865378164751232000
1441762573816376228842136207451662740417335541447449577407502080
-244004421081145668570595999644342060387863578539524714761471468800
37604912762985160557888216540228849108370909195083114717949751654400
-5299307054333184809279570658647334620948442661183101990319470957619200
685413846437191438005777802203518106355310726142606073400695462400400000
-81647594049752543601549061042966602458014782195269063633208284593875488640
8986066564055605390466346363308750329698668336284050790400438422757894016000
-916443197308425368950619277191928204063246769269835835547189842821373314688000
86842344406170328456733937935131033337074909416574800885805902809802890682144000
-7665566512475688862051895223084961069890316171866147852268491314013932924838240000
631778957365996330035068200075055635911315658182603758988741790786997209592001433600
-48724555073028946930852320133780175291953340277006948592560455592277105295433076224000
3523584719011659744261207041549501504609110111516522028492467634296195509118564609902000
-239393445918747171256798829552913652728663204610443448413289442478119942271033278046666000
15307926922416774134344783287674201738497218066439428812033179574379434370825934180977120000
-922861805018286682935099257614716304154904531775198577304050893671424985893768216489258195200
52537611091241660082524400637973587130053129903066474562880304733856277360526403559087553736000
-2828626516217786004165541269410605687797535460748955909865755019005364963778173577158266123608000
144236445735559569985261173649059361498551337289381663126894233766899607349663765120025935743424000
-6975221410965867304579806461378409819214953066614377535370614966945628283106192138989814400793920000
320319605245080041294566162222650024922898682201598752368057065819560614830944108502759751820458791200
-13985637969638696984422774227442830802627096240443985978616031139694617088350471649946491365177021404000
581244382556775597121316566985424496486506621076774093006971924554020276633304862585531278324182422432000
-23019352299342891644349728637448177179133272223682496759665512774103430393200116372390859339018337613536000
869646398333646226687881793668884131653826203739740605889429547674547984999306049316460460772624593519640000
-31372118046751205188037754523113903556268473091057674568310477968974520914658916646230495367852345274668257600
1081715374617659702513815959360297922242602928508302427459325365130614861027180793246208384706288804933741056000
-35681916795955187660966150978137993979199523581536655944625921856483708953584238506777485906923108351791267328000
1127015819911133210270759001293862021638154396734195106945450340859389092000968838808685418584465469173851608504000
-34113233949205167037245901882145532037714648389278479549046482099940067580662394985598172759527708443236012348200000
990320826839005681158063429999437653267671328600109972700638993954100137893661591389909194478193187190518732873185280
-27594579748234116394437003878973181053661852956667808639553560587013997498594049917717673537026932426617779763546368000
738563212107692112314421170387961190538319386900873759934086644527876119440920333078795661694420544962715220801545024000
-19000978159268987497552963588617583252628240346445512285210622833782849243017796265790432924055069249847113158300197312000
470202532226628991023121348612703980627453300205592649691631873691965158222278524876350356584298284317204281722545349120000
-11199524842796973696597327698807912234111946358053935868737774588885878219858971899459808113142239895318639901616897503948800
256917671298091290731253748294719772360335912308163311988837852016725152785922971443602868513856102700645074783902935725152000
-5679786265413358922546556780167693779417004485490442046852033363128752708265462994730582713679514400947748164513202882219296000
121078725524768964046866432764383369889878782896400291338838589933617453690586469167098557539650813531737490004034127553421568000
-2490270426298717029857915039863840094014901310390054254066115727175335132714029951168750711591870150762638781051083987988284160000
49442935830590860673923426497029954044391412794844310517674913254328959429407779108260451628261253026641769309557577534847388505600
-948132406931419205425371163046377955075933689861896204511876763037528325741841461507638948114641684954588403408621592313634884928000
17569554529276496576706565735202808141511162486015242049893341723384291805214061130622304253928760796744339529553312503560052061184000
-314769038526899431111079307063004806882951431315970223341336822858323718164110920840302390673749658345704144854610076137728551754752000
5454664637363115629947365531086933884900364403029191028507833907832963260568504189756997971196960632172382861762749805726555811414135000
-91471821117589137395834507749832036137059341613969518002558234367780657982139429668277648108230972248531478849408896209593421489823166600
1485052155517884250834117628114812120204967088829183726616372436751480287533723706643846481683676390591401787013360224963830754765907792000
-23351609824357517401120040324290542020251283559631452820376449363550175775482948380679258543685824322271169066587671686237897412934090736000
355788844149142693759452655909800446888136554788744618101462286020942254267803780128809498901330816425745761911599188070681736275093546828000
-5254629820698796158726299832030585680096475918918415841588809208477747239832098886737500507298272706779313851882818086366306718374963819620000
75254878019869126374444248369913955242132713078779336754966586737578447000501504382794048081666037851213291606067069801804477605853359388908800
-1045521797683303762276175944175148552942425026874094594253934715763996535544559186560004197063971624858108089194784216141514895680607027336288000
14095989483734850801120078914021890945650457171736925035030093586839746501211483539168945474767574229279106977238012815309174206965468046795494000
-184491082477398130761066268346084598946572046604829294505206218315127003043722526253784282234680803109313168388331709481960775645190561054577842000
2344883005921641691192515024997715136355261951003674013433592548344200038685735541866944127745395160045324419252718586549391889135365786961033200000
-28951905714535811039113130844642900255112764046072206916795810857787206557646758954346868731741411424054724665159210409678545083082718092485460759680
347362719185826126213736143963599893988800995220360792820974669744572959564563780390622922976052598976279850986068781404211075875628871850630614724000
-4051119909519703010507878756392484714056944242958726217101017960672623787318416549615517499582578691417241163119193460576316961304116984627349488332000
45939326889806599293385859822654553812001429521730512684127782896568977701293917585646578456804942320555276516423306251163915153565686884189693606016000
-506686999913449329011410937492777793887056305260105726744421716982106325920295916841528958191662907328220230573305285338706633487533096726998487320960000
5437068188446257206123071491133438714529293565631722014046860286791114693578475372657631676995412784948883211695674027487658868967159836066148143008476400
-56778040989391146544356385187472573315954054054146842522850271688689715474855851266215155364935331041117624333078662702837516751605693669878393540348386000
577170234638141530130851820394724171816194453109614066050247140164384210609361562425392370538973787525650187152675900217779587300082149572208202746860928000
-5712804004829577081584031510706206576227442469761250445894643888284056636495940899564556476983743017856221412596822704042638513460691179108747382885789824000
55071560148598048907220213060974514075253775055719990834715657211037632144905598070915693248927749443676329433791933153200151882879282029900368053272594080000
-517184834275782175280802584968883287822843445163412747145507551200846280783943215876775183755432073010779602548403661782392180678926251212563304191363153068800
4732702756055291728367322735356141281753656620965356236723627780594007069153228346476493298616501176496695984380200085104421685823381379403229370966935938304000
-42210406256179756732315082031402699102568912341327560242106214900853433111022193947098511442687824669277639822638944001208111341640772463915154597154834771712000
367008144891670374522241619749277703509061209422296911960420410860571198118717247268341551195642640835718239222356066308024864779875580002625928374952135181936000
-3111530358565853301482279506913614970224846044534067557467748098894288449648081901313656971410602391784201282032233510025932305806406334437109483653567811910480000
25728130530284764286429278056178552622935714651693050460365419342165909037485176965726356705826729110140575933998873033024301495517267982130845034219920712409420800
-207524511383935615325690572124435022636033215814495508453098440400914369539768433211652215452927952048283995835219746919557809249254427589231951945504118341430656000
1633225750508827883751760443094620241946059141284874150410892404535173438537695519032913206019664076304382505975384898606519942073645549453440309900037846285370848000
-12543679839177929221179117927326435288675091984984430013798629871205684588015204097907194535353014868386081249211110262427482968218990971620265864924247197964889504000
94035010473873475736861110401324476405821422938588574480989275992379419093495599756153527164076924499988006105448612922498468969536663870543957774171812403032399360000
-688211243967846753007802016965970414524200643381353344381586999287828588425980926259689376478054841013707234489859981400991287967519798926681324647293338618580942950400
4918141550317099300465911549194749511779932115136277263560256051768271574841048589785497215152418818268528479112649563267066647736637799187416671144828481056829525034000
-34324540459631518733520566872246956763742459581746616969519750680355732756412704617434822577044732334917574624071671683607021527996789707645880597732750756250273612542000
233995867656496750783117300526838062602639141371940285946313735583532958665957163339514025798029229012049504975762233284997804402437090351831642492165624480759882753056000
-1558420595987942598445871012334389810875142327625079294474607600266821128142062425975592085906168546450518461105283111690463389691774418193634370337323858583981363810400000
10141577870451135253646350199867275133251076211252966016722956419496365173497285443278763058242982432881393937488740377636859554758191203836895028407168742121117123132559040
-64497094828498911830242816313732915819004369101562216482197999972044573142891519765974880247379030029720657944768359180393222587485310690022406133507996485159050422823720000
400918504108869821788299059654146014210558492746658176118484145923881837206562895646398255993704020576902575029225233075200931485760285750204637588065085417935996630608960000
-2436234631387172287795859692593442463767751376369008637932917092588829333508859477202031894537290705488847045377421349859456918662692840178946401299820139658599292561548480000
14474152867320607545651067293459191264951525836304779500145086202825274867906740939811628101235789638934292819522290675108053031921656981314635331686986147786759480399880300000
-84089248553719023483582449996676159611012261346136728504652418719016932477487044347925133016984450082846293821607459413274004965769981978247955340578970499037617367718161732000
477773017770507516838012069044838557277235917082357489118637452031153521659200152293657929138865013642658187751105394174387012906261627758219069859608532988480018935130602080000
-2655189431538482118425381598140968022000060240737108914328897297614307373797705309633031099425151910476147481180852730817863784626317459111905385444782262945062290574334423840000
14435088497318092257680924031319878618918708846503905219086422791179566116877579654873951309734887941282018525089183244737858222798700507304882056054915368473275889051757071720000
-76780188333306694741532362104137676064520478541773780853477526158454059486245151610955252337235606720757273015151160268597672787624263829570913351770926412816149297923220953400000
399612325659365488267995209576047461804896004681549225043686007219405194231882203954670906709896658582347935983649542898777441444084763548021309028192219981281803155868823368704000
-2035360076029013977457839410514151324207957858436054023018952632339402074833355061210565112456745784379128700807883050451487569014166004095128418802386394361280704248563266821120000
10146295940230094231377041933854504990861927678868250172785486767015903263989107038234937628519230499744553246087256290723247820917875364164267401510748247146014429055417586165360000
-49509379054578783089858982831284567504552754944572328570424099302408950165977703205521517645872636443541693092956275174727339805617515883388128200010195867720786360024739881056080000
236499096007098403679474119280251304299987305860191609545393050530436105440435196598859327135716625916825816190422096248620595193346828719662588385398042433680087506181582934438400000
-1106064694679398364157213894261083056503479384102738090131728209327637320045093182974370377517671760270819928710306017018785061119372000237417826406446451611761594884297700270544384000
5065079257293737158098061843368604187109423279459774161260188188077364124641694555208137831646769758315095422646332994106535037617100375641326282934395834446845234599466727903607680000
-22713859329935761773991213556787822721461477599254668451843025224742870298734728881624805104193166422214096187449079078765276233048501772188917855978797362056285222905797649632461440000
99755668324061455329151873845496188958834550283655665409875371914929330975885244223579437067769356007701552000494547818489957785362107179897781149728197090237428465321411797638917120000
-429109281545102997766773984556062449715938608186489997771524488397565157573338722680555145045065342928404776506611494976577627179954294108006026321283322205480753828476364639020876800000
1808099636599352048090054047703030916594742429883574104498959712361851632008326412317039165330165607466936681896886046472140562970201857590095392574318531815260431895599437558141022272000
-7463458885177367736242225010104000645065450361998073970725676539620825311141534507778175121694457925501285320021740879621871110108882539680173147341639264411943460256167748707482595520000
30182781323340239101040849758679118975260654944194307205450142587534044418720185776147804147072884402833469899405309528769125628841296548537287159687446291553594514897826466689115317760000
-119595954259387752884532739803261097574852963311495547230161920661967305226321566311238840320218005241368102323990355629659777518153824059433191444364025569420538725929010721039883399680000
464352137700666548335497175224680510224942892149862393967265001529620715531438443599177859463905756562804091359405842292578610681177373591841930881148044126847435089617712021727434896000000
-1766796732060308925765993124114078784856517112396894027759863782779998794179811002266542267071274312538577026266114350728709822950827266394150056500168471768653239264823206233837934848134144
6588206509068423305955328353965322755322865523677004689051646254760388549725674687212100164438110311305351471085536001709474774419814447627468086722724460109868465890497216493021273810124800
-24078058719700933016067254044342109272615596380692441900026498343317045312212743864287412015198294284860596017488938600828843048405034549215472832044419291344560509569541783161642074975846400
86254237205608347203309281882966740565695470140112353515402541550656983854027732109543260864014788096132696622220506857900784679991960923007478726705997134252621180887179341877630411650535700
-302882419993373220889692800122057657890536313781471388598794995223402490926633647366213595852935769629079630257764276079648600010536039693284178799054440390604646277576006540629729770133949500
1042632406244643816478033629579930550617742046778158550480680333853057000718807045513422612564520197274635299992644646462108695515558854745355052415017226281882597742264009260809181012267020480
-3518679319833258355068196355522503224697076547937594105884773704044041500881633357083495752384720425683847293227318611960435003833319216396319437131619524509948758711218466076555195986565147200
11642498860596132385582624901778199948934564803816470121239036592375291586824375935639215858384062326763381780827672900409951724116076645068905428691008311928808874955186352516388898015234955600
-37770822664538993115011029184145263184437100480333301534713358184557683209513848257025704136191202710496364421751238890600141307696833649758000782197461359978436028438763028540788608197200994800
120153118211097532119037089941990278073905501193842625510293329221537918519014870374321019172379232502982420125330294354593454638875202610502172236529237741254637221230905780254502411462693296000
-374805208418057931330555698232762101441953451213780362298254379126126321301756619788780480711601193252513227245275860869848696278446866590379094311052054585902188239462179671508845903652432184960
1146544046944945812861312792279935104865145235168452254478548484588896369985585507550237867574740241902422058690403774222320460393302536315076187073925456772834440451382467874890273639092485565800
-3439632140834837438583938376839805314595435705505356763435645453766689109956756522650713602724220725707266176071211322666961381179907608945228561221776370318503321354147403624670820917277456697400
10120219917835413324865324255990756741620009107901499168705423548910687051517379829718797762436648587630200502920715859676285450024815329994698946774762317878931847412076628854103940224579418907200
-29204123053615934471707787065512377316340955841366807419448832356995774367649268278348510389972327622965779671877465594754479336790724016554755953492411005296819271904162954389553604224492805816000
82659588291959060242472509961549216530680146237533929000068542032484570347944428929064385836433920776104571075360932721153035494275622731754675575303315965808487037150782860087493660610100147726960
-229485235942592441531274593195901061637286387585165998247511854407876156146813176134988621107689263982550767089409319528396046180098737321020035127954656442472684573992126148711292822160579329701200
624950073203711374199828925886397495369305203088506015461583562251800014200248220984154689658075424707886715057213080437576060694385135080928990723380583940143823414355069980065191006272650870489600
-1669477610098251319791386118362572056312730956482753098274728605561596135542909656594523851139502480586714635602248469121397988534998130669759302471813348276113093141766072072033898435114484771980800
4374971707790267009908561037414263384453790517711844297851502335369267650723462130562616998018931558404806775589611391399342529754619908400594159737574138952738497363212208545250870031062938971327000
-11247162700488548021525214393972810948542774376829626451518266479383794805672002455126754404752497962584457123776175282593382310381306096026659449606450405923161404089368993297472284235385632073207880
28365897296784778646894141762993916147197389308423752957103678266638806940932954212216847288398118336861531946622592568597308735508492011746726027905928589905665091191803203212240101355523155388236800
-70185544484575489838191914370956347570095923650029746834997564250190989435460329624906204542958128239019645915593972736600134488473901725765292264058784946850210348963494000932428224312821349860838400
170375537405672386124741621207655721009730663455048470540106395467090727276401417403922238310727245924267376398099101458660625959693859686011327623472138111482806093639833044995392327573107049616531200
-405774809257462610528611919343939293202536319543520016206843189960921679417130982623863265198851543995569457549186522662343164615053953916393358321295856161643771550885373282921101271133193786247200000
948178505400904631606768900952308990196291090503115927648488335794907476312670157441432668048658612316047102226934694022015743235603408049257653648908930380203685913748861587682658685826613178032568320
-2173853399843528337232746120664968749726376771021024740924728202871750726908680868393969243552634926486617353138590900837720844596340869074818816915780638376612766156801093789575500320230963724470528000
4890041070666025568847830738538770596467246084812357073898025197353299375817951960360602905380780055374068433055697987289561449764587415493268851832883974104454582873150382896114002018829797727154704000
-10793017728143087832272240196850897535463847386218977869071266088754449948754159679437450139361303905378785669216487159181928806227815711747222084140698718016782217664447897522043749938351880010632752000
23373646083548194934453628626676593751957463389956430399540404213123146794063654964408308279541093294832789339305059052773817822898491101169561740658892146961626526363891213388942781111222489346689920000
-49666930539488819962488749012298305416490341873909083385096240394761696856763523395962894733771169772924400772564519030308269455849776033540366136207163496130613768882539452017436749989969585999494988800
103554407280311584685103514336128205819884941924808797294534156707355707532551823517059388510500869258636756048649067044618737351652598452573889618308328229522819799190501799612292106118140072058447392000
-211851924862033846440655398491944380497356402549488142365673005812885969562415952147947331916874004385787484168332447720353323397776201150876040885327358823081960080075436498399491015263071500413458016000
425265328420374944433348955665290690413536454276556232584065280696015931209413082600462133352763583871998974789435812376315724327405904184934311842874723815986347681971650128496847210257292061717641728000
-837628536398582744276674627085682921132156470895182848839979852547688512897936175313081441806133565084695579670106256765105869739455599022538825925238197556150475963125600971025691500920132044350696960000
1618848026049073431868466947253564383044319279453518227703392311900368627505401961319922555265635322895718691396803795301186641063644735048403552792073635245628943310609462251658871589825173946339651671600
-3069884445833193339126364445517108030112399760099444021556276728963489830061650145005238733231059924267545707172172777208820236159232165090246388545749760445156078408742259827178420315491548371294532538000
5712109330091697040703346616502492734584998669607378846998784683308380406247923330319151723103913969739094344331334440506824789366240858317593036330820465708651944096010594112207613963042344538448964064000
-10428592994646315192645460285546554822406358179330991973027590373489390205347134517060901525559921522456029559278860314865615945567700903850784200131698909636402568868425077669496583631498927566959384992000
18681202055400783238461417183136266037460527107382777857691452416519884744706459734978964734587931995535823325626691328458706731761296458489395551842104902821307100240954797818127059762255291871508892360000
-32834314033167415197194390215987271484243294127286439054853762702769256379024749486812798586400996654486122385842527337303124915390626146379286191044869116800821526304129587893303872789115811619598604529600
56622390871538524102579381008263722635042870406759021043934199580330783246162581492718253332333261758643509064277721696496026127861901381765992154102633924748694982217021266391704167329756980990104720832000
-95802673385753821823242613633939556096660616224451860088211232944783558716220507472368898848750748417121849554163751073633259883660925113894075505598658503607754674813531589416090377704085577180252840256000
159032980919406819021491033658494050532906150487103831804594412058141981752138719391136183703999081095485859386043086213926640166853800433537600112964439775050684595534423966387566127274369949760813707188000
-259004205296250417940011044102967359705126906967810466593981620982615254409885246751818899372974239597931611265074547643317729328847187674311175002784948571005307725964907769213880410705763741224895822620000
413833155147393055321728372750817328780067129970436543440958315934022214104874088374117283648666383656542909404016688995772992023835561870207363907563937204662321437860054711114883800856378772138435623020800
-648679684900679206958428917103851176930829209062445161540861270504972750025543033433455274991847874385200377980681404196889815307701616850345560162210357435645070384197380653327543483884002634005854682848000
997489731797650705886724185265291973395662600685125584397541269531240547057936846841358415695279323334624648292900163592648440980866750735394815538780204856083205175699947291819111958114218761026039116824000
-1504683381384895466559789394639718558017106466408211592729319245398339970531079382015664017955654235376668081007703688252774872697490433875200298611023084922235572991657774078110108843362044652478953122632000
2226509957921895788805607242695844609564221485502968666741759221622593165536806589850103976893027802380589576864352134817159277871831531166896993584814183000269311336579081737988270451268978743263875673600000
-3231692869864038847614630123920750652726178261292815027113075564419457593511072317564962346999901349995741625508483812073715822389576600551828188141667763217794976595013118770132787259734118338508491022602240
4600905719298944769492677830091202988934157454900992468223354609726823343034552208310138155433098190044298995510205840407117373688672781648231634073074262587317874090911626348232693638761448176918403089384000
-6424584969267162591560412941140791508088435193576357927395291714121719199072187285165297771576869562382072461827219984687993991086800350434587420466493656529330493723231220845099928137345496932415633437112000
8798623626639335916329675493687073132147878421905861734172973679433456618045081134891194322189859994031147843189203685632541196226437343960914573566534930694379143531070860210534531048342879778164978099456000
-11817632651054081369471851217840366787615366183537304070726067297975057131724043152212557275223639238573404307969394856939434174326791644997283439138473541476002822691540041483110812511015131589317743906560000
15565718858530369645789528474461589290996091581748086065503260740999491918316520542093305378933457658807364266879688114652694222949696303762471236070169656050305446332844531183124599837039560361287778980134400
-20105106483279283036585693275444649151384256136310560174041405276255105171501589290274357226872478276988908121028479062651590490037434727075149426278478343022761056181872236409569837370786270159271462029376000
25463392923153377670294741102869638968689539712308314829772522465567388363568248819755761211863126695937648638249811424838773222981839804077305540732843963485414558294345612300877726644705518829904491458048000
-31620714906243229632851007741199787267188984084796974792491561162637014538377161565504578862245867296842515271250109221677866225451514584853620756739728923212635051383646898347415629549206259117299354601984000
38498519270892778989429304675456499029818346053146600335140068263347641164694783782198096074603457288984182404328021683529112884366476582811503059806581587158105411685784651166129260692884038303848044562080000
-45951877596354738188376231564560217439506479316788656546115615153426281642628096779739208845686656938270060932043944888059833175726952078434849130640136286836983613521577466319577689658583078122731817922732800
53767256477640183890203198454543808589178583730593271389373340889429294741981308753724221704052372322267662924301621258777374463909903460950476725873300869787290342101787947641822895056637848375771302737664000
-61667286898358970953827094867350754413514411555460674758031301525703929886946848642672577422414953150767512851524639647281425194430338245541501616992206754112466863527021339359735504362051365060684024104192000
69323354545201409968805402140945568536604645765096297235346867140653817968203151603402751418837452427181270388659375918565685429637454707216357578268853518401893770418051489798579986965624288042980354394176000
-76375818653632358817567722103438113427901677838956489955406510353025699340405784590350641977781919326774695449334837750207232442635481369572513437271373427863344512606097712298735068643994956914181905522880000
82460496062159967237493615975169083350855839209173633033294297715222428185364428260207939660000778052087826311171042552689116113134640494749536945459530490980656945244744167162202161647322643786347754838220800
-87238914654726129643679342906215585426010282456019746358926384153916000543135881930394600783359283707144257462230925339794315846233147388910895491077837211134520841032891125013711039411705200979526098461696000
90428966112912187118714058461705456551071639355724461476434868470308111240079978307406642934400090847911142744866756702588443932190240560575714477676495103946188975085417634250866054633248674583052606185393000
-91832170022098024165470125088752243146323039595935171528607526903442909175508210675032110453422970724151918081292781169663965975541899908316936066661354138284853025867972102628460099562723767442163036166739000
91353928303415613368987179384708363890911218048459262993704586227678353691439775950504894658735147834845568417568331570629686633124899898166279262828172466186228538858988083813623821012551223643176322512560000
-89013922355551660511093858866083618422673281786021410997495032855271812823709010880793079605543615054013495212079533281351755935408564526678732753899976805908374847949095792067812654630796459887003969110134400
84945085213310179985857477770476505918763080754777825051233025418426297847698155427162492147522618905667813787870566693418246891713816523012347531184224013551671749422476357174250622625078046112493895969844000
-79381159149452969608778714893500771474549219246399736688218406370946598573590378594576054593372743947328057992854797656991923523455512480097111698664182336557975710178179031813201765846677458794656294290972000
72634449061554354805787931350363730087109213162097014449540115124441291297618458854826860278886518489913072551772454380971693720880424030355157403695580776885208261287410423150779862882665386233086179696096000
-65066717518715202563958659242295733058261138277452377152027362542348799494533340771065954607042732340841550687460615114895352004955254727831347917883405168051381608271783156013078347409473361193372193245600000
57057004592161361128335348289569128318789192155497989524612794213385662276756286522147735594915771989683955797834213394251734173145262870835308989191957991864256532293526649507868402843367190430468076257066640
-48970362967084854264127823616762197085567566099648345010419262873422634079515958395967246646214311372052453337538708186571591853018786417321708353759341188779809788304201296296758418568692788004665244528942000
41131072434269486455744259655761053291750113355728557989341461062590444936113393935559981302300188200739674560928502278457543279743648860269816407706110705368631532809567366598434087863597667642777356643856000
-33802956396209679870821685596875915257145310223942805538232601174664529560323043811196823188259857647466586385376145663921027403117720787953065405124677892176938147532374432880903862109647460750271560519728000
27178174764926371791563187237395908412727846984167778578173366861406073603623823671728318528430767898986735401160270903373644197143380852674682056311796479052296001932748186375313418545482603727030142613180000
-21374559289841320977583697831842288374754742907167858412545102870584940836963021919673828808641649252335766609012447677035153226883661643349218718457137071485007380365955034096144766123658430357693592944871200
16440418871251312958533601122427474138749995487085467494237726404371111059441819103076486292630394749652168491803334248714002293465046565155021655444456452381719316032254979566833942083990271629633303650688000
-12364941514710169728923950695989876288116317873516379867366781227885546829859074989727786500329056257953287917695770095762004992216809159029402853975787021655246759498972700098026965659426228939022905476224000
9091936008366307308998907163942999826126948599119431313347634162848904764965719618463857806686111725175896709452150478143049713674212577825521532698727272857264929576121475950407586713148742488170226262242000
-6534679402547107849317110194638183181274594246225007350622672890790992996865886024167780404315617261781948151215637560067330092278150772208334253315550072831524746778744390867037068401806386539138395492390000
4589982520936490084817387877304135197804123160341628745870474273585981838342804659515219179230851707504708071021668686182440293387936469839577365775566418504065999007219642891096150358602145792207504280550400
-3150129510280866434752033570472986926818916537459591346332569830628684779554915576278329822362450841688334833226277188434771527244859702970469810005894564753526124742606774073750429554751433361355322056832000
2111954930664450592113480676964490078295380765101735636518623045045023357457029106096890223554320237668051468377852087974291021247377015172352178602207525479557876262554007573652722128510372686996230068896000
-1382879171355966270799778934307216530139982728049488870243089660322081352464809972774809184049200804523018029295352597091676328951394762717385575387065594556221777648431570080682876331231846446088673029088000
884153684542376897742543610719610883101115693014434320043620954979267665301983492070189818083688522063803998117039130990573039385466823573348101304334016259196734421042806619844410406552285438498479043840000
-551838138512322679865227165232482284226074393924487713738853611078568986730719864352991810525310925907253848559755456316041595658412186628765085359250204501764953699978496782890883388630394530797612090726400
336146259784812469173734482936967303620221070716176715201865132605729822592743881706790707628800936948820181242889447627355584460992677125975302767273036950020575792039370682650868182117537134886576980848000
-199786051362261814325326657477476776453505640513360609236862100835366232982291469713265338707707783609476319574523709799460611656858333256698396622303945403814603297836137257010126522392140665422298837584000
115825799325246980647491795026080299319227914473194838517254957541789631578320313389863786972366906279107220707795582282525434988001026805162743534587120271145104580043372900116635930160513837507684066432000
-65482716138197115995428369344512568879732801670955110327044227054182061680243433155400358286018403781363864170719484864591588367624691766685177351188043747046548459954464172695785810268808671712867818880000
36091259002118724510207586376740026599912235896165258741409747952424807383929211215980577637145184695695504971448615253054653125924716478679623781410997004054002618135233187413900460221709506748191362323200
-19386461782530757714323949726536610590460832266659068468722686626642878354607458001499773843911957586690927149852673392516304431904238996297371673498034569344541649163158876186066595154000714758887008672000
10145597400678380467653666734575770236773918225421449029001207967583254575968581218543181701610608109648818948319944650186277978810042451759228354087762917225355454411496504638240191993587907537156353536000
-5171237252206859372068963597122243523728780093300839923145320001494756655816035475203885591721612816571188117256844839998222122481814354295102678337841634919485304409262239398851256740764396877964610048000
2566242976322361255670384119267057233355521052359512796682048549848920614034982528152438441363762737815341679681430096379857518530715430124921410447470039650334504141235446449126998821050571633077941450000
-1239451002746825779010302461238495139017794474098616244773783093182339909802851512016894268242673831156995938960802909364620171567299219397223770999527702508450942434713044960545269099723605471612617212720
582403165203301329318021361690889719955107435554209215180726647278098477470209810643070374301514839607015086049402259862770853583193305378913198057574298304542693602339906787005373529512227490772629280000
-266138433329622860941439752444941299768730516505171153910624509760666514952570987428678571361326048016192517440766849987165776345814061242354190352261871997847169676382188381564081012622492591069555040000
118222312681741518637652484677181142164118288072049328372271106097901492060725785659107524812937463465487796490115960678355496063741503197299995452724514238501978342701937021142616165425488590969878520000
-51028051477874549958301023829980266449625625951275462857427518287713816914142143711864739881787904226489126323940709939829077504296045553496031675071401761760688769990243215681682593856065564283732200000
21391267855828847256621616341278684098050999642636761140383981957435569071607111133351842563677288546817067398104143357762752792727204275885217361557342258389509152425399500018090608721211908384802368000
-8705072646489447689839740613010749895788636967820267014550667495094045883509462308816087803269285073258233888979432038639046811230509938922574445872785126607975698448633836376620332609604703633289920000
3437132206509990753278726358273343801748292821791697283613829994161315827815530116434295072738533858072309501497303984935289514571024026865014716923462201075221082480498779181702127463943949940819660000
-1316061581107096792875258059817421533035085613781502909143301296554205679102606873037257854759083853225314476369512386208069095753981035687580558136786619273713287065927317188565678564589564873543780000
488391616043834590386902691494813455169715458982397164033017063810020078153352539632498349198345092730264996709556791725983710017548663985163944432381914377271056928549256433480432983279639824501600000
-175555671708214766025720331894314927995908041217918806758160647056454659509682232037025345947240351938225268441492292848392985560133246333535345603027856628396699883904595553843731555474588142257696000
61086414063939998663790218904621935229831546947774821800006344081336025949756565226902312633896833175861923700016529650277507543726341459780145751699940057783827272157265545703309349775522805891880000
-20562246625485829456395550371729725104424594672178222075748543636985174075238074004255764300042504314764752646410164434079240063544551941107429644953457719961523656014481647752540901141302314283640000
6690970443488362554556224568387160036804500547235170349908148370823224499590215734172061428895972027571215323399338868175774183519051998066735103731765636154417132046799762223268729076980514385920000
-2103191021040134970799828646651694796324028068934498409212037674377741914359733259345238405417047631432243327876527535899161875056189118280286213257888552321432741126736046825489575297652091801600000
638113997980857617182253566473698233690255460637140524294957819399746834988727403477732402310213965397741048575871444746072099452811823456011837897480214242523586526577068651428052394127915908416000
-186717642528273879651045942084683484815445525275532501341106526070465340828040533429246434759423672835085641096863607779816038466977788599282401905402390472817071899918687380227953210829771024320000
52644657356513528802644467517626762196445538442551612972890358556033121162362633836208543315818654563433749501253532744695075936867994763871166932962302292998352079971609965547502961157386434560000
-14288741950800899695506831291046488809673874995660802064666866104041437329492217183913602664272478394014338993998041783929075548107222003430425450635689323271936676077579517313245439524283770880000
3729626611049549537560067157062322562858304512103078206210076243899555497519300171963473955300898855196567252867669465907313793630513133789787884689576257787656139919470332219964964562741363200000
-935187174059254811991946202098209360992592106816550272081097168628608243118083913173215268658622718360075530577447615682981756067186225350605538566644102556634944805130328533822452005561353728000
225003722227225032431137826402107348404589547809653181993204685954665477225846086585399139263493072564655623722778063393882846988205291841906547715155299973967294539670460431166218871058452480000
-51879679400914201694976410103401859889645153486180585013660448742386848958940105558144039273214723266518229423664033466566408375536131396025166888640849788290218365971321721143031370112266240000
11448214893815159101915645127526177848957206411199969104536283986922384138767155187225723546697291626124892848236996979192236187447586747314866756839126127189692437288026443798016742897432320000
-2414241862818877199683022210003141487639158623674450348249413930888375552239166369461401193094741826931549071639146715422952664487301764828662164250118128949617403228027705241190769719584000000
485784090668963194611418997007992117576800941621278201273354073517635375119356100197545302469751571447858577998942545490544843337476911911764086041751769434726215407930822737811441919895814144
-93107139487114975554878246200401657429880023651639406999503983075275744108287565433649617106430853879031957101271904204668639915239975735854214043493795589344915970393560174585691674461388800
16966424447985866986663061618654698598176046134050945102643299511008612226333832627837512111923939296550733931341623763171225451926760506665800026948069453261201933884389618611514614148198400
-2933453410705675607202113811083621824837355724437841701181918100397323993638965234455744450665722573308862385260787548423127248925517638570676137703046206615346620042471213566430224418099200
480148614561534106455054898707964636218650822277630484910426175525385042048909927395571042827051124901444398108281922489742447589023905129058528336291275681351297471146630529814358761472000
-74217204536070423744402257391983891712935938711456578298111395466445906307321702118460354501417775569156749640697294931863150184041203697841864948989828710084765719069508396080955323514880
10803712940583981972070274895012303572714368519703609572814677623747161043881973849641598235222253096462332024723086450957862133113908131064016595662887052829111708983201753213688870030700
-1476557051804745041739895705874064169796554143550462287298794757067716736712479794405891190924181724201206243655093966491493004823982932354992169586956372176541528213771021911913419276100
188817583452947385903641491623100087334118575655031773773921954392170014766189351751441407024016507968281166185808542797542041599990125596504016398115687758649142001015848484379049108800
-22504085802333214327449109666324073854538215178097807595630745298451115339003352175023837586753506674116484901172303627947535406328484282345964000282269549207672668835016005017970776000
2488765465358625892189490293867437516812539891589633277883660530343499086899246462433109612404870057628621910076392631990174181918812847556485604528258093933085220003115083631869075760
-254097324049400964169314968861995976709549403943070410705668721664964345053423454532703239152036394809340223786810392617425778177732906956083401293199381149786522586598338348815334800
23809130998860016921173502122841881623970365453088818857567467189398209128017301724176144079976372172566813113990508206329505932625984172564658777429322585447044363338391006636854400
-2033288565835361505202791381104642177171752500851474692299310799458937115170064642899398329893744747261810421783485838667443385678868980429664147208648506010433735549738693290403200
156954380225468389835729706587795209383379655282669505345648130467875942372804002794977660336724442439573864629177482381066996885794236609153941574588627214418811657162450784871000
-10842088977910247904494479268884223007743320865450050130747441522245157656824097081643811040134571310421827231272908038882961935108406433478188260282369962508304098951869686826760
661962581047151774371306326552940293310124175175875071581617776246524408919103671670264906062826446676215354727499614562360726435472833295067178534962946436144972970095497867200
-35164643836013463080477171213735427496043432386357487074858484740220622207867210994898135746888352390450526004755867530020901836344115076497347488559310386647042497969555617600
1592161697409163816241253074001275481971670223329730284688123640777420686956785617000010267443764228861454535635248401754677722930929246891977250400908851879262951149991574800
-59738243093183894101726096874192768667556897449457825664767702003989679041025869600406681445942149519200246876766482093447437400774905063662998505250998920028729735247262000
1783133291780084411047407226313353424150943879972842642613642243630748170003735147468929202007820539832369508969051646575330916105434751968870847015448198216495417063073280
-39697484130941000422958712640382522684696467147173890887560151255242620034532576709354437511509736831278497667030670090966436293519775322627739748509113493606704795660800
585932805349637387298211967496995495940859403718559267533732768851710384376481046802214610761362356992810870626047412134182369600502739136968693303578502581889619875400
-4300409834108221643281433351056052493387139151659782357752711354799951431710275632315090663855213531310866189435628204288233522138697665444617199171563296331543722200
