-235
12977640
-179159564610
1099163835500640
-3792733512134677110
8374355594793367058880
-12838119747806975961459120
14456246840918320523458538880
-12459703624873366849914007236870
8482443169012554834218000186048880
-4675946796918170852362672602559445100
2129449357829577575608204223896162502400
-814529167212576128069968728169614769407600
265353359941157345011953836083469294346182400
-74500663490826262952361263499169549992735057600
18211273297757530943910531077574778887113014080000
-3910372976189194212718038995325031330647325277201250
743322663736780530345599274211681388167617513592830000
-125954190005595641655875758498442962628982620721481357500
19142245652263155910825395053347852359214688374690729080000
-2623684044713318807027505709499490013984863225356048054527500
325931761237130289170509915621814197111443870607496001404160000
-36863286243557332974138188617879609429912291158935823580299840000
3811482616970910934505599933163597575384655344478551619183516160000
-361621030442436304964924532547669173432631996389597860133263844840000
31591213219451235601735807163364378991074731204595269061241929485222400
-2549214630041191495324092522121839511219135373490336289972908301019817600
190565158407029865197780172956861133063646092337077320244668876230968422400
-13232854322496317463306569382582241001425965450156666315612268228176214137600
855714089743923577793655730442749815245600124900499573018142206089340344422400
-51651853250376275959600386173669315236908029761355154782456194828670460234163200
2916582897792318666671961868187296276811214700281140602617276749409962387249356800
-154376669573477992238561528532831685058051414033142677541463883881610714210256238200
7674320830146744341438720760930556567771048071715529835982267050335057506415456116800
-358947104641180207437067640850133445556066434420057943513603111716752789199288319013200
15822974408672433633960532739516086579614357109129084856926177985881347442254342225888000
-658423755312728143090939483109076414469153290538751865161398034414039495534980263811662000
25902169295925702610887974289497749728013673933714405003748906166108481425516360181037888000
-964712303950263304789588743257256563796609001266685883314833741356980775308653301174791312000
34062399455190624931242652115639517752881715847485929439539665513369688071779038058047989888000
-1141622606740373288711179512313230712186426257700895603872071601971530951780719322414264661090000
36363498426714186419245327666448319603396792113228289240765140901822518311806564782480301614160000
-1102057250221409932063080760984123364125394502928173226247474601900415902192455079272210546822340000
31813633200550555183233639101291816486510036229472241278629099162269658840143040730791514411676160000
-875680113442220317747591629167737401213653574706790426393009331228402815047718232181378621634199840000
23005521992654874520578703541591915923242651937975926263757084652519027042241288865209551936266385920000
-577410334361014995705772384872592184672728734297714304320356809456820891865024863110781707837037566080000
13857848024664359896938537236942212432145489623145143303688563426963701404760596714658760988088901585920000
-318303461507492443622345628956692197969432055705930611447266694929837691858218549798809153754623594109580000
7002941295573419759228148897962644175567379804502323456514125736348915549653701238888919091184605054245920000
-147692031923643422722121660258032165662716040076954001697882911779598628942196559128167303633083320594046452800
2988137442502811025501318819461239786941472084971021678335021280080583717590984901022943554935554272564821427200
-58039928482873571697616407439690745136816958348654966556151498761506041949554777361917906231054085040450068852800
1083026305218334330403083521665656851937129828694588368461102513023531753231706376006510848347074019750883164467200
-19427991426497205243160115203981085139910605010008649851108302933384061207063555837628455406785697839214316683852800
335253273541538549981143145007541370017630936040479842058794516734759667771476897429489379250979645357681762280038400
-5568561149714668855219312908258234190959304154149411509247623591261765412802442637182612332845752151478407307208201600
89083266949082680338220685663167122286642287693465624070376880202961378607516084490675118070788185233992520221438438400
-1373349377897258289245084119850627267808429156382526970842394585079007151000116426210137425169187299173628445661123321600
20414418330915177511834999338566750171065601340953023722858048092596422298578001826434171481745023731238216113843483238400
-292748429537082233069022733570419021550350463674083291581262981327858416990024817858240028540301902812548029688102728384000
4052059960999162411176282415966369601163464198083844624993649177723735530409631340760761738763695028878654587760291030016000
-54162042886601967702562062126630602621586876680995322756711417377893666828297936503545447164260513600107739691392173104384000
699453179691526947987533649877192786085174338916879884912572539461153385475242890759819964689175330079899799854370678921216000
-8731040435656269854407863277483151845641816107051062411058330412624343614737229922279989007468956409095507047547392197891321500
105392440761767991141964740154234495651534348274462528512183396696767224698603248765983299261755450145294877970394556708273940000
-1230764019538653797383058853743286170637718265007721387255798256787844801008551116041506990391698345601699987942148922220658185000
13910457405950799524176180441862189163171145888490031700559184753038114017369090983177077002564759915893929736741561086608891440000
-152223844117326212526565507469435258184607083283625452871971303565848098484622269212747247709078593534634242778732641120998381435000
1613489617630067210447511398642634082971647101622532000363612657665817778182730139372416951982974615444608785462290275473653081440000
-16571196940251659666483879823814400046030232732480392432305878978986179527968549849778955736437387249438762679263215941471753331320000
164969043294899680361600282697540537970637016355246184055314070756088560490294327645567767244073366737916061554482290975365695135680000
-1592441337870384819632492235043909348107377881063440257776229053762621075519833805885774814942259904500782723041637407927907937940695000
14910199473518619058056451972180690717426482783550650234941400800626710674448794816752978075878964194965482219719560913111445763086680000
-135457909716595650021776922783786921567065392987374232749835600516869654737610133918671275802940575189068256930027106622786945812235070000
1194437746123225642858690732457925566173589954164224345669661473002086199997415580865083605302373783000495207774105686842708002184330572800
-10225718855271361636724272511999993303621511364866123557655659656939085959777043465754418143801433724998526234283544340146306786705845307200
85020583013907411577662293430857087180861194846085415229919615187800502862737246531932838053100940615201104612116984616605218309571824972800
-686718683413284699595316035747164385462639706760598847766844150220858729647891359603174160875646502756672827374102685904766113239754939347200
5389877902309940350100458371260871696443189135709209094537909606540385196774925550200590145222347106398471683398981888536943324937695232972800
-41118873215669193374008574996376884465443548367344083443877099459270985505083709373209970912575171479672715615930514173096290287512964023421400
304985344637604881321864547115330697397705355547695850741172865125127760801614636936121021870074400988689686440122320030415770545881859660993600
-2199895032758547642622211838138110373956886890157465267221538538285815218120034429809459500553313284109523867048241023764901143254880439532696400
15435350022269873545331286312707751928520842607439576303733529799184666044861370910040649501922623152956589583051789537625237575898954989875513600
-105372076987346589966703901700229549694574896195827232280972278471786589953929616690157035977623417609802432486681072879516733105651468666002496400
700049784829430632304745644513635762676760556041481958406459427909447241216418214688932557359989487234673599911514394216858572881836746846798592000
-4527133742375180869727376883645576648602863795958361355952210380946586276384541210161838194425491777304922067356384797322624213407973196989660608000
28503776671506357448504144902498824252321056554391817780322174384250299324531866285040634296940313930406046511023368199393180012441586824645166592000
-174765989170944390239207813031449725506773771469405720561399426903226815886892761244836564702094918095249159916051206802090338348494186986179901208000
1043697809839963822228946646590038860670676238554319935038055610431794129366692990522124587383903295742667120397536458346936165286853809013287974592000
-6072130776383740138585075397599454482605631819984237893662761807604728190914247799796928540798326273070763956633815506123378615943578487623604420080000
34422184176616145038731769045394130084704598497444760739053820830358212799695501595660791380175900080066893271370345987133907227008253655718208657920000
-190171993653443709612019878583609985454970667573134978369434749036906945738015282385951590941446746649811908821189596964126729187397560160094418130080000
1024101141912682878817139306845903420343474830949975113022868871677994901687339552827850768839036151226920969505807222592342067132874177594699690001920000
-5376530995041585113789981360940992956803242862487369343370061576309473233858532652346216536404939793941335089905487918609795852447589432372173372510080000
27523072794561909391368104030523421008787791717109857469661700257672871291331214242481463045086783211090269379903993555653470180950540916963369508029440000
-137403326411132691969124902163666675042677681110298115486291793311118829778955928394350003606922505290695768652344058105692329595849982318637984775925185000
669069061839988884605954566641572152593827254516890047733015708613266054325926752610855538872862312934266907915378400060622783798858836211150803538504440000
-3178217375073108382404024706867468052216055099782907212372751941133466333236474841822140830791217365511681654103235942228828823374400142314547147879020310000
14729858794543503230519377439521259953460063958018444772453819423941085064884566188646967156194292175390534379755676914580381641971100098407916502934049440000
-66615786398322993360023884470234898139523139250138416483422398344773557205940450588155908963888686363203691732445048846189775975814300195049802384519238592400
294021092716213552891061207174576615413576102499581615895462215770520992024337108840420708282533498168501423052799321561694782230669841386327056421977668697600
-1266658919322703542303946017567445067229132496168180277398165318440073181807267738882785137056077847117493491219676892706336200918959338790519511331166963542400
5326916235696271207788939157299380631491655712040675959694273149921981815393821984917932102450180905551332793312951667922131769271400684275409418187514869017600
-21871581278756999636344212189026275375731595646820856018312035532071495048060673125760026510513136449207575630384141144670298607763834410871547416077047690292400
87684706804631236637316478798635952073227802955962071293368886214744678560025555751346319434438152476641709103218053387249632513665440449934004153342903211875200
-343286095374592690320302116934246786734533448222660693674261653230723003308736576356886191313768235074314003358976410684560705290461824488443121101940278514344800
1312576828641642904311428550171507322568865073752746486704906815602072686945868841523194157651455870260561604598004310780620965568631044528437948236399478753075200
-4902019824456327722454572965879717976545124440821621202619379783474098792528205813236613571798274105317243146252886298175122589260557007090473719403789239880204800
17883439716457795539270348508803172794829717512244116606879420699848610223326534194842839715177543373526688572610479228019738532859993511937504662388506086471475200
-63737465931590283688515188383647671634465418819465085014188017990162918667847668359718798571655500659780036751555943529615803655337786793578916410372258262734080000
221945640640284841439173414691341587842310228798825582943650898778504168697779105860350242181503741604350515119613359402210570572892817514139260585229394408273920000
-755170750013392643292838051055576395942095254732356083037146365654124396061057877648725182282267314685529682383627056173927723423281118010282029738374982680129080000
2510888038418717054087299890016097694895261659872888234115834137380492235818644627884272561592602483537383365594742759567724600646786995555214492487465601430617920000
-8158840487410280276781516393928115539991690107323191538817910109836934951245425053164431055978301806502013092159156047536583730433453988558106556113664580087224080000
25910873381567619782595363973155451998461322079967791654468977286438659202442937786987229062464172088702045358841932249265521109883180908842379989170050084208953600000
-80430385721960308464567907089382437167340291465381591083198180163291940861090893907897560248964477108575782743272047274046637279927956553317283722327870241329056400000
244046789491368498238314894357848557979592837044787038295837505388450146512255925879058591752574221724143744029844967168880204986418847497887844012755527675056153600000
-723885123009408959044860920128806613984139885290631245953489285409966927686202383993895353201168337505663657869622736932054104147090262892147791264781388143313286400000
2099118613887322187290316278805826904642660846661569203010669021684547836911673942258690684545779013581849618442072457409637012407041491095484563272154715254361753600000
-5951147042496522798342164033489436345974765907288789077285455750713310100133270048104933833095932515936042407840111671788085488299824227359247034415674739601341568800000
16496233288209745321215653653106706144733276386955004160409325605283039212062607173846775130275618142664322456101570390536688850294383337418733805390734487533696211200000
-44710732805675177103141674551194412294053016845347475331568973679301470361046602794957857802368228399168330569846375377898452358890467496291933649776109914108898068800000
118495706429793899208643570811335260449623224498053564075258746027184331786405220812124414465183190289712035331387419337181330278410482168770002751102049250850048051200000
-307097776113479259206896309395219744644708368432813246282192102655909757892589857189278472426059114844870895936554193104015272519795740370923246593955876729781709468800000
778308603782001834533958006531244920827548888956121891377587664971137690402979734060507360516604220662840798661602947002816306674170324396067876167721773983958764477726720
-1929054248565003161191528949294403904613455607932378451991477515050976126207284552503584286279154666091088598295251597481344094943432104727946262240090960222650127452385280
4675944255806148154872838725377519688434971817702540018541682988928821540715481236572641283177495866172558735132441965102029185684693506506527811305015573244759711257886720
-11085104421372473174036616756127212049469161399620627249766693662901877286555786542341184086907783016235861439897410788972651098704783965223391523370245964379865231016087530
25702041283230304966470093198630632156524134573821421898022841673541616082234749591352217223078534937710743212367147279714005768428903582367606426159339600362521487502236720
-58285842140816653126625226144231892153774405771698579540930497463815528778203951366187794383105612514068889562956859141718300063611699987824764277074360365910866036007291260
129281061432786264472458633410293266298075227626241753490238241096828523245356051792003508268663366629888596953813290971992621270398913136563243834424477184781260112731282240
-280472532324423415020856795313504118419050831008928175142590435703696912717958225079747739673079885329225140808717643022973661423458982752251330359566096307502089848562626260
595161793958367194653337139967646027982220136398390411111553767571596320638887440589824815216729412387234715664877915569582189789753879619453102853562835151698707928975450240
-1235302121799642847935799836792949421745898989943841180202522686769092407768472712371473659963927849758289742599372635072552830879613351500189223114804706129909731889339833760
2507883594325749540390924222844396631253676961751556854183447978625866616594430197955803863849949544090903729831373799598598339783028477668422565445694053597073255413200211200
-4980106862888757291793807081577197441031374412206581514776376557469153058006965113576920421461115744210359163763869392596070416408458745473804736497345204074767711833446721300
9673119281446669286037350469709537530515199827982478326106216835158796093702483892618690973668625689750804713846002588123093563886556131120092997695520100151831834546333511200
-18377606003046730804353989568607476233541821307300674664820890113047700140004703303866669718457495593408625569820532432308425133111714313172447214325856581789194896330649693800
34150901399171358770225435612612329935773798054827567059972529300702066447219546991461565631773610154016008097864313257574747475764349190007947041206746789118537009360573811200
-62072748078851002866800058352005829283772528352205718189363334507015873325622263345449912022037492945756137167674293867403080552250252035409852721581140528691218416248491940000
110351552140179560652088992625788140948928939292810165669979261345805997023328468169688732483622209681344243853643189097605476537333781396284182616144249828784388295552874560000
-191878385716466751439342004089107221276056216055604900741675405774910933427639328630105963579065576950883283760790708835109383697453863793648072143653716685529133010830159440000
326312423183326702922126144760271540275618904080870263983202303840202583054407809303172037235345713924588834469424308790149343609108297094621025813863839378745226152116466560000
-542736745909035236163252729872540757743336245314676626857478021660144043545692078272429609963823221814484197145832127018878313644605326895080273885722895270714897027408604127500
882834564094601906149024654537022302726378101772268282450689576255739657039841573218411065910238011227365495476216824924881727783377035900677544204124757110984517400112925620000
-1404392814500087072415428645650961215197445817836172133121619104956646464184837113260607094855988962408929282515623771644671350506968094875026967837195833593374648176038149505000
2184741026990371004040772333388991263366066852347668213569177094369134505994608005894237035525888516837362523071183706215339539943645678991110488722993898008926011064172263120000
-3323491406151668746605303822171958449900507377057918761154973975596874126837396519558157060845422355256471723486802057834246202084652011945890823353674199943180406075113403005000
4943695337901567888288525445854094673641473610195969063032379648219051896972126600688643699714392498535639034116848392320983134887777489414940703140927741044258805018897573120000
-7190330219236835961966310898470011030885209950829470559454872177243043259040570800334927336584599756203501661843282828386852137297889704049063756012749347807705306410818803571200
10224957985550421877584126335335802713276700471281731214410103744350179142631089321962180779852596925360393749555133653243949550447207392837456393358071350086269762513240159948800
-14215541700738621066909614006982397807875731294929037757014670289658591769410198238865443595465948140560128446565981997742767638067639744863743802417529857865351066555046190171200
19320845604284675460925126201296593987584871924450521819692372588994735176024386653327478894157999318213552336961992534503135339944466919671274843765907555121705734269526660108800
-25669612251029087497819607078624320288194119137608006915866375776127302692753938229874158056840293494585546491201527355779190901767170187718089013839601161845582137843587263171200
33335771164707909674587793583895059021504953885259929896983597261817766660308964527453641264242129324914424579624876316350083501982755873332128084570054370430058801278664832921600
-42312156291365163623370412393693888811442575631237424991285598940675911997463987725530716839709694802649640895793589929969499066927405743398919477493606568384865479647299392838400
52486368240690544969295863091792135352292920301055438619560569321680663930969162590605184717066153932646980406092937064333133330779031928685356888467869464681554907123851930521600
-63623217005749742882385119092321815730481335572433849866468610328608338856555753451141783957824823111513790821534143907378022260963959509451513571620180975433765944739420095718400
75358316918641284002616194220975612129011238178116340350521580146348961620216980394010900630240358500501125444405617070627249657145872534750054285376159927549886770668770829721600
-87206646043544845256933779445171973020388981680730335268914133274827655781208126725491130123862133616302571925410797098333291839568221634451967117354247572408804514885247493379000
98588154610548904186149742404279136506673304238730054578151296689385040122391996665398405815734576732847134281171173881006087113410252952277321261021907752859365283137120193896000
-108869962992238903833973696258893981675807766733067966458215315095071934453095658259408291378821969528068998575012261478640352485663105502589126941993442637769290705326812998754000
117421719278316761197875352478259096650304767341743974060996577566501612920618359105785087799748667951234341644982926151978544199223228246535211022235089473744468909324594576096000
-123677866055749387565980475176851648907141721966993792429133404442349204061131673672954556524356038607618889963590173816158543226494453933525282311455155030551273785405132352254000
127198539928778066183561186591436039280072294401315929771009561960910108859933401757308634809255062663483155885418727891733304328442413595544826619678396358326378916119144384320000
-127720148108918577196725013492467838976641033306358341589275060600102402454837323748837734668938827436344732188766540210348700735363374284189643189863606794837152642985215777680000
125187635580529894447620028284631964081374709973918449054624513484327128025581163971394754738789909527050794188107215862529745896299372492115460799530695089234766562036783624320000
-119763015458825385486826402484174732928047000567097932359832642027718140016252728471925658046416749827802526001739049585606776819231127999560996210605452738960740219017686884930000
111808446629814084892711711629075840439531011628482870643275010224679685073819640487917991182019404692011013385748748928630618574558971919060761281453163118646027001851741994320000
-101846275347053833384105045281502474033586639485114587186305004988397671611359932036139831068050547699556744892035841368380658615061070441843409713988045643541752969679830726660000
90502158565638890826325553045195454508693794342916365153344593195120724296350209432887294226333758470137220316495992001504840239860020326283614035370383297486026783084050531840000
-78439894800620159534809812926982715287230177824050788226639694230533075029837605464733068931091938241373325653571989281726122518599607260216270534103975058505922550874058264160000
66297423197450217367521434989506992078110681220127259146014825261638032208051457376988463085332008077576251987462228636791873942680866893462219901456585688795676997123531619840000
-54632527789443304039578949714401174044021118567874058278303734821396725642709598695286205757562038232509245304372940357356337131587559391101497037965396893571255958555786444160000
43884414159030376469343417566506738987197371976153529261919081685105614720347955196866633849339629078195181534288141478888682234679313012933773947230980035325808867933790906982400
-34354117992714604823253762027706027689196444765293999582653532146891982546284787111596687894261255989061045875030770361620985779595127235622129534039386456502309505375984494557600
26203389943946764877796032347475605275017978362267082065405496638326496693990273319247804076774457311583604718622850667474067994165315216649953951463665573895725619728191946182400
-19468943399521865673153528515715289224188809134772420745540676567442370239654873886138510155641569864031992131078794582849609728905620676529370217504297161819191920654632199377600
14087200267610715451028101654391038524814873161903929420574109595193156007495352709847858039649017063378724308446389738422188819167563739104800696689230217521804734198589086182400
-9924084756426375931164087045107267108916650614828925587179137392292709440465476098835720980092247360235166121613853264798964808564803776082317157467027151695530649940827033707200
6804878970982635112410184407719228605192260291551447892017708323325399861744649280676586065650994923852225870881035369507766718341923385303048521880873536695717484822524907212800
-4540352316679362957957296389174093448960093729730061280687216871567886195641181431959703798966086185607355511784258021419247441192937107190637464741250635023307937811333865907200
2946910864921097472428552489327483508214536035994285048732937559210474315400779945805372563358919326655363833024056626162882211525267429958962523025943557671671932164804948172800
-1860011172982600776474649638009185818969648527680821042248763666787825662978475503955429061508056093197615481683927990444075790940555284463405900122323602430468972070821034307200
1141277856322413916901903357142232350573049498357844905397342206064115089044499213529992996104285696337470419733016444100090331913854228596976593208730333120229318144258340992000
-680524364032693857433499952436325331251342296844258947665677314397520816623279404437224694087042132898186995279003243881973738497251094974188638608593422416961804948488418208000
394197761384261682523748892920878661380857032368020510850066049370476183520293620529052114828194270467719287836983891677578999885622070399415627088440286095626935887116628992000
-221736240778647196419608752267994247026732080707011537353162152770892853230165161547591814590859277138092099408303439068638187435662414599671290237247660928790151436503103808000
121070060752687072561463819720471425604249111226156967177180779587455396248737194110585670943705924842567349930280514979835928662275964680495754452206779730554103009925716992000
-64140302268563442181107910031967202622749702277015290782924720487813973774434870841134375534581047440833810731762184182530807082161435582118595675857469871103801109829067520000
32955396664618655197025483556897926207089181203376404441631012330352378619774875114339594172862233854088126651027942773426097090212273472526272781674636530357436693145364480000
-16414226295547502389121769303065397761728636503775883299500515879926215924416408473697626101560424148082467812487089226966052752641806456951358901484592050073049455372234082500
7921343710938868236646699911189658518747723960156655969068197091399867310728056020918374367141404721896707063203519985608788538792695451425746398912374203122584150172387980000
-3702001130080342050546785118979564876348541734913259162502405107892237913922727637154141958328466565348102363021753454853676841556613888168972616921823516280240530805136895000
1674540945098800348965278212924352817178038601985747734254868319677751272043942547246580977863237999315906920288603798119217401045989714043558948351225890335835295985492560000
-732698842830220092298973382992644900664974251894482342385726821779032724171871883503430332593272790777308398144813131054402470173418396068257558382854956024965001307271565000
309927702437601923141022625040770406073751380326723753062539398240732850627572182730611774069189263660498715863466009415060190944544729053995621593263082225922478328742560000
-126654211834323548888948155182588069475246680548271636767037641547157968572195029576755719629692918914010048128981454362786432994657461079840420710786344259297623337026440000
49969581720145226833689199176100502448959726695946972370601654289861268679376155705846603961877785033521703794530598797105508171726172872185720895566421118337063887722560000
-19019672042230276963572951436403253744635295973644816358560254664078445391087549265537863632989731928384198506793209167148284047863274549475690015874969038167044942264399400
6978728703596980909086543206684038353270305871471269466084928965627060579626292178716697371239320464997583195086817967223736113599296599624455552964791490848946170246465600
-2466430904680228940543501607283367245674715247830780731555993545076655245044377009834170492859578483132294560737844375682126715376322327791007585758878004350863952581224400
838882175252932340766767417983539404386828336373030714977039130476216358430002867573484763714718921099328801070194053958132641964486732177892264359640712198347670639385600
-274325920872192335291593084182477598863426250233097246254385945949894954389511462533822427657478128538080681799410584398217683691241347996177812035523607562171122878974400
86165429042544647848876352438041744318791826367088248674786305450056237904617520653098299704430964823382867334972509555180807251026431732291424601282846396684326519987200
-25967802621008188833520587975542366577741273150360345279994392977678603698797093779632249856724658524041933508034768232189823355956664987846993807753000343274480437932800
7500233966664270928228215285894941043341174741740988895545067737677668075715018614593776382805301731511656493627349334677151248648035797558738718867444566929565915187200
-2073555345674725974772043339371981088651160112009152371015499149647803898243975075100687853983316706976029107809650642383353506034558898266458806776384626133610806017800
547998509889174621752443128813675275002609654839258601474392119766815050052161083010057933343637006142974749217156361247989580679539111320436813841866809919333420587200
-138242254478845071813966662314107424816417968482692787786907309124848467841956735793353616971609108692530478118840465280813698073920013910200896915890436742688986486000
33237013812393199809004720320976749741356616757007785100762692591639406118018573256037760069722241177081517436357412016033553248652092920077949744787656047567280864000
-7603011280820899057413170381362628250509242098584839769956862818944569559882274645009883661374474046403859931541263637790160220483093790301739972547211904259505486000
1651684612483651416382644697452226499085699268744124419156138331096512543415100595146849464755820410442294154274299508784849106947064568256164984227673533213905664000
-340067565095387134358283624165364740586056826032586888554092678921936779890404915530606245156402975151986889262214387027957512215125159710179483716541482764300736000
66211099748155418263375935478383616339091648118837901503230591893941179427012314543546916309521401327590741013735629707985237640586834773209634471581900375959040000
-12160556278762512412098516613388829055420017419631386702271582260356266428970947430633863294244874999488277172211518582127175526024275273740426907299925075479960000
2101091250271014482890558966351621677990555368050308186830928524076930571176020478150674504915719233702916245261375590566516597925916957827775347061780679439040000
-340470156517487638514018066658400777337877007182800760600643476220781969712703764460869126385740969168128903391083524597103449217815977027011571999890013726960000
51566381371177210778879240136915895135262788102330325160089952487808015429058613144925112780509630742421725031438683986433966245870921313655095994812473879040000
-7271499025997612883591958965587830254094391090876125397058138961348960853374484188308138320805335326798104821065475582797764868348533842266446904227172194720000
950456579143931546218362974474574810960844223585782120243630538466693271799158638401325833623825489369159132238938517241271286819210090887348683208498337280000
-114573949693492762683290610164626429508935466527131149589469382132753525033658012148816589107198020297503741673393672001671794395603586355850550420860494720000
12662599841449380114367173952116206973418112651231933039951008952555116201511883101809728201515419967324510129642092568143099237833805437707466973256033280000
-1274184203592911355975762541538479133625399608898079359030465644958760796026656126057025623593976311683303803502928200266153301415475200394312036590595345000
115777725165973179999772991428681560783740013845553877561286754899956536527854186268885291230267477209742172762735204369862818498986388579038723324775083200
-9404843404213774058639246249463540521805492157670981243671758674914238978268991675730383610979320286303161461206601200770632664114153931678903263264386800
674577446136624210070652528440630436620021716213238112065260728181859288239286483989588344935464840733887417970843564556817681821225192250678772361683200
-42057277295490902293763174143507295419465419787763633448820983764954715935355638169634037895041581040676537427737457539409166412407487844037586588646800
2232746514952931332084374379121761797978523077155926765727534158418678689651801008071187839663541153243520913003586540869074184171591810945646365683200
-98131108643961537752290556360266468436674218419424002463450225299119621048023390241314021308463765241799359597983718478650235882777900953660260873600
3427904021895097662530117446366010703809162930488677884445029515143250194589973939952574646632867795032214656596421567140871417055490102839578086400
-89225875718546221484926697056309099956090912336776116901521372449384912355465099024107407103385994739152287713503021246365206140285776495211223600
1538348830749493696879503922428214142071157949993966465026506375372990439402371248071700216411598870412911295102853762025416436981846908204566400
-13176375221373229305217461823705757042723593369624703632431724195520719484252175384352900166137772485639115300665468887243778014180842281173600
