-193
7188864
-66937309920
276971713491200
-644530488026115600
959680115451365083776
-992016003785879135071008
753122353894585792339622400
-437575855149533948252325921000
200787893632072565291882096688000
-74590694605378637280281280098625120
22887630655442132602828788161171516160
-5897538440765141182138626282779646577200
1293968789251901982447930547724670385104000
-244619518102809817120628421351235774383972000
40252413503281914084773985209369570270187463680
-5816630987214483780226734511133627003925956421540
743884710337187960267059195610722678425963146505600
-84777601633335387138460372833104737348391016002220000
8662814872715999337295086518192707898358581158697760000
-798040163111779648949966607772207733366538392792134395600
66608304589157336323243471426030435940488764539439643612800
-5059616359959441053562078981359522680479482289860534085588000
351208152623271598273723138365825468482432116604307772443840000
-22360862120057707158840709467517217718153182312898921768807195000
1310310742855989547176611429661360930735427438444176177377271535488
-70890524849810807261671908013320936863589922642335584815412650691424
3551333288772415200543563896634404134785053463509047403921632377573120
-165177765784548622816098287615782585172113487942420170387758067153321200
7150763491895179856704526106439253699103814350781966187250292162803945600
-288803446852108769568169799381067147454138386485081876600400966473067354016
10905410488417609812788497065494448123637641798928877354917117868235866953728
-385789545842703042449475884958531624295677318521678302911984955836761992576950
12810055075915649233216756657576219958247650907019180379520088157077423004208000
-399959617521646650323955361627939884907467529573566848994825728246881858556124000
11761751233959019535730749344722372582780906355394426259746613905604630263368008960
-326288767063679497969234283326237238787594078854549234040640439620527215940486131280
8551673456716450246264518689368438369392896675895709654768574852874007675635239145600
-212044784015050208495499370964568515108111264183134268828939627844289366223074610532000
4980891547199022911983695940711442411428401871620658222695828417896627532161742067776000
-110977376728811229868316735369013881578131936450878028113052242043498046808771214358841640
2348151894997238443757459633316529292070789241930297265868555707913824228967504195309505920
-47235924032866783546901051637322586127625825538490135192372845405511367780562293860860440800
904354629942392719069928192515532476429396551683369813850729436103354472380695079867203680000
-16495596615266381244068375135486052861648388651650226361834095339420328761972874667019919190000
286933775395626179230155281862894185678371773760853122651478604560860079166287672726473893110400
-4764104126169439770743405254106361732248693538534996577558789137068382401393754634167867337735200
75570035573099669337640977865046136305112821000573236793870516687585386756377167216497089866112000
-1146178339019951365019038182072064771346426879281697812396616842729024019184722269262365800942397500
16635577991739802235811512939961396564714820445318036387504083188430249487942191436590971858076080000
-231227879853986555156885705260287427690910118261742578571751754685905095782601284092039872438514281568
3080193610603970074231363289449611224388563543841928820589794231586789603489261549873509227316279441664
-39351068150264107327781969243356812036428597493350381326654749160564218510553454230909902462145293384720
482467350336452779056180498661875616423852224161974771409750644745401098434838363728208273690382308355200
-5680573230144524438729713669601569114773703159174581559263020879987604908286455947146973477576095950877600
64268409331724365087962221695353421945128997328790373317096736065023401778907658953771246379029523247218176
-699103395259283567042619664761987016203503024833235333216237550186907941608379135806759734607089963817714808
7315948119056830187580507418254096199113297274339797269729786613220951066385007884712167121157605038412528000
-73692301431106031779478446452895377439641521445007143425919684717298432486461353202577818935917195816471020000
714864014572131135055854116581835996949673914436943757312972109604634722264529438363874688258561295125134560000
-6681794229538233489859565324683944294822104874135755691617832921135098269299764186529449829225646949907125780400
60206180308507899072295486752486773533135053001887561630895646917446271102682744865885351753366700063554451267200
-523201730802733186396990305662544399030795121105112902258082488365580823669385299751534905130388817799957451764000
4387037944347432714359243480083012748738942209719868326316196828623464301264082332005815480659949573288632903680000
-35508659416247665229285156029099639076890173603233104155849822621912527338820342176022656403886549854306163734302500
277547448180393584977967572237866622692360022029152670211309950832198651559101297046383953865550159145232367138841600
-2095814557621140080505116472364588342566528513453838104054320067200071222620183416838087096992548527264492252593644800
15294917555729237923222903906140323925702711985018430895259417554349372522396348571088378992531942471192863932940032000
-107914508057021277518414195488284616798453931338933025077387218363029472003283060582127674011971155519607955409206000000
736384485981202954005091447809995931642127981797785364149161090144528772619756368870439796954614345835123557096048000000
-4861490150409374359002184335756236406671673078199297703032900429609257401117652811548950406466289688453145295612256480000
31061074144888936590903065480269165281904631323674465467027109112647284740170077713622018387515623544078338361650378240000
-192124487356455199033045292172999765579527778432411600154364246469335490970978692493690204397316448483964490657083213400000
1150800081894923991956240519077153784443333962762728143540496668662261000524233414223792704890662607545157917390522832000000
-6677204346612019721772394085580424980481747625796231063680095079146460695700596835305435648738316842500420472835844036000000
37539539601290402076680922766648063925823073229898668650278991428076030762815230990168728347680094547063697250304130096793600
-204550195614856790955571101494929798465621465333206509423516394947340186322382923295287463172876664764497185519186614705052800
1080538392082529042457157513715837626571641810463151943859762774456180576086529458189982011565946557669767557844649143626624000
-5535006408489812230140912872280420715336163218784373821563035316556026899036273925787440728213794291548045026336043813465440000
27500317050865582059318927470544990472863923904513036926618586620055965724293667984428290674644020732626466940655030695070720000
-132555825109711303273113998990444126733965498207862918148321371662829138535739900570566927972202093059499043539416725298786975200
620008102570769772114818229083790483342772932327830701438147577135939735312419763558841317727623507363192599929526057913302041600
-2814656057550973720078052713084875744205553801205685925252744615121142239799466579808689949975566264464820659257701207287856160000
12404261562962340273126677365257196631453130121150330191707552114251397648470286741615884291081171692430244624047584359596358400000
-53078496225981000547975307495636414100547669748850895617662432112470585204118957991724545691696969516659066884051688572745585200000
220571456150706375149122578857991376741154773223460109345978804393746276839926310691147094788582673047497830328964414907697363328000
-890308231539621067783498694787400834214939622098425452177596707350798756422704185108547082304429223700236983343776998139465844704000
3491128063429244720810442761433486161910345882399427588932629181420492415196969244817238393816284761451054784732897516815873466880000
-13301360215841924778862617985032929907949994222649162062429910123684352880990002268637993131398435160977966351180803361783619142600000
49249121627346543354940393923121546312379425648510872991660699925188069851492840112942186915497198131695719877216336446710009116800000
-177229956335249924969525622526551846106117022003511535411594782977692228160637629191623679802447880042073893666787529763598772314272000
619973116183977759511800293847259253472044184687564564400806384892861787870710160901214195932533533276029048634162681100341653954816000
-2108450632012736272158219690263865502267579378099190215769991941061085369075896973244500310718097560887345955214363513170289993985040000
6972099442197277995574642518389010679252256933013855956876144006746102619443941893258493338714023614450005124191328069912162542256000000
-22419450141597018977847704603325821687369214150941906892566985023050816401795011432000177821738518895129922543418764650341135617148000000
70112638315394378241636965620417505961696254869383310818372364021117589155042925502135514552991463412315449735784067976867391873505280000
-213266882584141775743034836939796434963566744005362668421379392426648152862773256358655043344619107404236002869274606943958723566620390000
631028803394888621180368780997335822019948788724550609932107799464117820777936811247205484824550531420334819840642476067574754394166400000
-1816408920226124107927040290573859725087618103320512454349554364450805618013959094848916662637932053427234078976943070688057484925732000000
5086908687110157587427956524402744794837765707574882751452562819655720090118064405204883640045501377662556983956650689138435041959136000000
-13861317481506468409982438733345039291453427776570798009433088427279871673562713697742787430759986703992701525583477462833321645834449686400
36753349204959019464092246138566476105796717429731099358802683637002839822225691608327312462228812897715379949414949359348660315315184307200
-94833108362853217754090383274684453196858216013180638435895621129886700790815906499956430512161907174083946053637477465562743768227232096000
238133095182053890184651504424318393172240821433795099248964025534940306255757917726349260895842511746403650001781732461362191911167260160000
-581968574791718794309439091757397197367034174644924728036969867507865857549782640464181768977422810003022159809272978379362686648288109080000
1384267020892338654147005055986030304195292897586259053790612045852723287835419497826095483869744740999478740937721050795501777293851008844800
-3204782664157387451969209907561819713691006954869291275031611885792710118054714079472251853142014057281901075828848139404003892198731425158400
7221887740000052079727977606349458346862431604125051523785097969556460917618274368974067412967417475576299044142220455640082139813719169280000
-15841220664257658818573414528330837774732108418341858988000834323654154027543171273165424790875460915005110686246460078665252190254972989200000
33823759431940770045414559359876836349583715710503853110647686652845600485709550446735165061436637698160899578208921746955653359345859337600000
-70300307930072597179514938292689467550056269950699289411543691870447438563232188775615096374385950534797393677055882067288241845800745163744000
142232454839773533194622870039782732496372266644836611188293251436288754849789140637816177454808292746646329809402567013502255720487052628992000
-280122193623772730992758131722961767085688524191700293320056184369699751958230286946528114159840471325406375792513585624089064698232831249940000
537034325312080543088943461866873213114390717535658483865218528731321945957982412440364024953629472789251161359600013789466700901616391964800000
-1002207871021382687868278376474090184492406746105903755708152121985284022416047049008629478085593690640020653774575187321940281391728405226400000
1820570275494721942786201868915957851965639294400622444395663257359127663858080476777566319964332916743732036769784068069738625342524250068736000
-3219145999171070093988711434833337185777233630475179088845571929425217338449413554099928318290084206902765781128379334986867651068272850913008000
5540439750198729740256705486498168171298971753524378649514330824549501095322389022908489384097770758611232508100271541550924235456827260392320000
-9281151764822276012028702633766861002265765308169788279224487681888617713903671643158612100264327990850832968359583001053957755819484045436000000
15131927967390488564770756755060326729772755415226613359984109286028134014448695070775089059452214155268980409115602876091644422453234068288000000
-24010376536590643973364376465025930933929006144618950601547007852531724590009599560565278466626641752343120372769611813598471070044023974049480000
37075786677087717980317042764927685715065020894579962789411567073972900043093847883700554304589516886617940399397266845286130315658445051930240000
-55710828341377775640270804987745746507486508486111318717091487342744148714310259870932739654806809000887546159131945242866454213229046196346400000
81454393741243730396112777204635859127873723822644085532557584772390810335153873246416299898494719750124431293542113079000989305084704994592000000
-115872265498323628704095653993041112558791750856704870112749222927061927319252124708562937544210133005623808902422388096838491094570613446066000000
160359799624688009414231323004513345150164020513624711124357708580786375446496508460669757533183994631270991597182830093186274011455676490094795776
-215883723694788159814207991091928932092117385389122004967302677342979793551144486982230708475481325097893354963881873745381093124643623936936008448
282687348529600467188050887957191335221372631869195656575697969215929892727396091826195831297796861929909334542574565906283631148395643719268925440
-360001924259650497307048448317065259362423093502854454007076301738914624741035123044041505128694551035617569899341938332190427484819037243807747150
445821744795557805931353549841841287479166823562696027172515379258190768984030515936037938687106382293252020941388057517563868133354408961023379200
-536806312712710401946574756552167358515595603117000086209083754587273606985564317679434083688989809070141146398597963457095097789682181535376612032
628364618016020427382016998404518262214398023157991826336931091553473120280054543065350030484495500530330129296371766792501971003970378339411769856
-714952281460491561802599115781082102180925207134250915813226520319536536360886209611487853211382191116494192682539616429140930621769556392265744800
790574177475674992868948991162754588651642096870707666533252910704400172492449220419509435740552640524542167950165351198710871330307678389548192000
-849440165183682203019638721680943655538880094393326075430276698942971292487013968008108462003925266965916242273476282060410383190890289550543176000
886680367761556665582749357545035506335893273840254335198111600586616508547212824547942682093973897325629113471089865016035507809245370008753546240
-899000699428658745116419696260924029537035389507260464314997126178677518641105217276577050027481211967318488587983793179374669006638106821699570320
885158129119378422385392721343805001110576695513568830547239964397781477142502233218133298764337620392990871602426367838182315693040237309659974400
-846161717108710574434261420503254045642619656680556635166588088209494422987778468585177310649273596894265848431115943420190561709294135697456408000
785155388661299269109126791924969645995594700324466609143760221801139486327047895284667399478297036650297506892658073269353366302169932445732544000
-707000380330779122474845854626723942968176064593189346162154293600424020111534097136688517009819612236790851997373588527082528666683527435445595360
617634052893967697758821125856694403776031481809492106239338854748360966817419858109250347740382627902448745912699788015611355459129797520186062080
-523322644003840414412292151123865497347426000134654465140800651327898587486392495328136391149793552753091490969970039587716723270146428815333211200
429938892819429750214020643497527524839197848416166805925250669583289954020802675999446983779966339980044845630372960295057995546895202899779840000
-342379481921645614645260555848508488506446473326396723873633502451237799515119337807622880167755795336153575226386414609967818309504267239779345000
264198083933259379405693567566525646493630800630081353061870627527651940990882099243323358280222117647265427085512161266688127669602722078391443200
-197479267747636596550521468007011311952665582024727256442802810489682791133783284258016094364739116179108653112847873215525517834480210680944401600
142930063749966975336672486446834972416108552124889365114787169978186813519013863010568361139549251563758588305101612156546767501100027537135936000
-100130653225129804443993759337412465838439816122919435157341541422355581329860652296255090471438242569661958434157425061276942444502370460068980000
67869288308263289819072027859528074678475850322854450711574952268979180570773528028199027134552618088747045201441418509170552223092278306523040000
-44489072589270011624066370617785758819237347396079124157556398711785508188370611772795886720334069519596896430047088070744732210595022788573702976
28190786402779401251897325673688375221277189385489723513371117432914215267118924560034865634638245533929913583672660341481509187258317146147662848
-17259291623412163725246176924096349874695543795782208236523305751756041159686512634249185180140148159515176057870921941233377227050246538792360240
10204134993721403988098897374065251923011932424863332991306016985104174020678428589773536797519742429308814415008482193458496339970755354645062400
-5822759270957655598369977153112879670860199085245213584556600095269640201629329317988078659168269282165465739513821450669330029044705355642251200
3205001814740646727693842991582298471069938510022172921630654720493058148859365282042636927735325410503896730044985426166544029306438444246124032
-1700615895535255226607108586057783537020303911074799430350782561050577739818416497658471837929251192711900824912512196256105483663463166935823456
869315602407570930068139404613902087973379418213415263192010234461328229206541761146364767654207676910623164992399434980199159972397902689414400
-427797715733736936223645753312040824817856359267417341304031634768363134746129047255371381614802968708820925409855273943748865576867017887336000
202519008816952005566417166078814310803374269519103308442175966334708674365795357681748534281316479945697117808043507715627800451878662635008000
-92154059910495074720437248736410465099551049438595095314176087180977396394029301626355026400119362300290067396324172710130790916559943009187820
40273183544851209692261608490646878926264970025863401864086521183060528002452217461646917135162691876767327011518082962091030419458779923925760
-16887912852883994919346860289573575010804221732000713973261399391082956510706700699795165488205510749269335229452694063321589306742260061835200
6788471875825249943115076513705663785441269453038037759585672983430538429536209999390732335203991674590556673211440874563384914599997646144000
-2613066973915036163781617606573272500396842008005012080792328688186212238287789341303251482241482964271119617703675170075651547473742401492000
962107744592261616372706515639687182515259661643424833713950514981766445421370077400322969990399457625480369067461520838873502731929984666880
-338427579051124686003071717814468277693439247362088725257269645148724856854018731319543132098887427157924997001411834863231269486884792472640
113581775607534406432240355650737677192104103958878069074116815898456906312654283952487493866599244081830756640009135297782089081617901593600
-36319285886408659936613138100478583356673027856748673943945020673312555962007685397930825968893784645639263700258023173982545137528400010000
11048000972694178688746715584781973047259383985834966535660317902375248982806021173531144428337565246360909037773246921871095275195082080000
-3191687201419505116690184374302584531888186743866302270111695299893804628285379611688980097999665475497135970808610330474109842650648452800
874081977667227419529256744619373377496002169723379794776322833061440698447704248500576335446165354392157068986537790309383113434779686400
-226468305801084984136416743763774233994958647611198827980006575020820137696107796942837939805126333200915492623776776728009111833341884000
55389354755051691799878731810311984792111239951684834802821615461672739080340441498933266042083756858922830899998195918641675252098720000
-12756968249008305156577962640814687209518816098001663135159040976821376985308954240060168586056613706476050332464242969371396536295560000
2759254128373257579009711821477762875946208582307363807585093467117217996757110624854156953927804381769709629461000667073179776536221696
-558781028773419576224429308371965603073688224328967367154612968725022872341727626217398197701094940820034494628385110554947596145781208
105588550235840399988784241615181983791255204061013336319554048161516020436752770506782767735659677923157592269144877094235046416515840
-18545647079360302548213114019331136845042772711764272712356971279473445705420059584340553669011049982400328272244389629763225391614400
3014441808598622254957519984166429284010572712551678545799291733201139328792099819457744874011720867274458026960730975681373173107200
-451142849688108620811389333432809123400224292690218804585826099206553228559039877300944595496383780414007622615203225341943781370272
61803031329942049699383881091738571649833845901947498396910580667226607544732180621062829113512115213151802762340346000874322846976
-7696458888902637211990052816792102646285612074191928235939383687124434129996988439255046796680276393377949112264639755271301224000
864125098458416671655845160833058793933348305382712238858493316121349467848806370199139298143206403269762867273285122870796160000
-86601384069866722794431788477864144843332077036966641849210415335531035692668951266708401423673774996878113440992923614739230000
7651792123514301526087997906707411950510918946962370341914164966388483621172561245596090749603783654946951498774655982789523200
-586778948539815063842971974982505604830196206679707726820970044393243353190276476603261323814858308375946997521365542904977600
38258343180267618335153310159287162315560849644820658787835274134707736717487785371484338079381078758247566540327531179712000
-2062079667225266323236392481140845524308041494267297277920614452993951970541371410499028520858447120712472110098572512940000
88207433485070601100338952190118192691769194682131805959035270126109532515529114953179238539562363888151434288811029920000
-2807488672419560129204694073862764637197861625755386289388684913432128888098142744631660528586070806301551191076007572800
59103404523401830520797265665047647854169505457090997238302404361609467560082608148820352675477711116460385262091878400
-617263746243210306817137241781774751081143109835612899759831425760081516130420034106332350804549663081522578285193500
