-33
35904
-9738960
1168675200
-78374280600
3335609382336
-97566574433328
2070800763482880
-33165168477655500
412722096610824000
-4081821535481049360
32654572283848394880
-214295630612755091400
1166579764282453752000
-5315080252572608166000
20409908169878815357440
-66411927755894739034170
183839246383099623624000
-434064887293429666890000
875344149444921876720000
-1507780297418877932650200
2215513906411412472465600
-2769392383014265590582000
2931681917746670568480000
-2611029207993128475052500
1938428084014098579878976
-1184276329434648984452688
584827817004764930593920
-227515923707210846723400
67091497121745885835200
-14089214395566636025392
1876607120325212706816
-119120569161268384710
