-321
33075840
-852008831520
9753797103240960
-62805309160087494000
258798069137422931276160
-740485975319451362113912800
1556410848369406830343594022400
-2504289373945881362004566900698200
3183230048660098086814693927109712000
-3276848844391191571547914075506008629920
2787217215411086252427366253314697588358400
-1991640901487184320250129898384183595481349200
1212331850992838020075570194713477720913357129600
-636134026608971562115673554465855184731297010172000
290687804799235645024378187448717185214813481768197120
-116712289126130608491526218737954671415252358295094300700
41496266893730699943672325355578956391903149894593527977600
-13155469279393013290475895813422850813910851381860998189120800
3741838187279985054476634299507640779978853794707721036174304000
-960165033451512364941340552839409393244523830856487987184916842160
223385334313208999190434332701413613938521870852325776610368408176000
-47334152337106973822259036898468752075811957663227220396342051316748000
9172624998830831947953531929179260326645813618095933492003433581441344000
-1631723993932640964491421265839154356544727938156596918850923301948589085000
267383431300168571230965440579492532127815770422793648065657857427786719566976
-40489208498582478985292570007277741200094469436877620982605128070407378030286240
5682485459405995322281554763490535332872517636523762905311791307461618190719678720
-741165708702141407743042022257974070833603362191339825776106943529467718531150748560
90067937490319681178762062633489833578114463276997538875526908000846136544451375152000
-10221810225776380616977706488274761212780210437306450686983548789016028036429786566000480
1085788124710981200188433172032349245161918711176110807624641686142306079041365882057574400
-108172702264297040136350963780492356390315880037161422130315498921073866470276389833855046450
10127110506197990666649452212441466224706597430255905701588545221305163300622239206924875753600
-892561119311403355598252109571452237287397646350884906925907378782592182425516298959810524356000
74185308509232525758033989214797535503390758172131998109035253614798698486397034689707810896188160
-5824061893728289608990098944953375964346059174555223879323913486911800599921656091438519459593105200
432537633936554171749628444069612593898460575891438073234931287101020153831435075331436925124726217600
-30432497226490369935766621213393650070846190532439358674826394719946222000562541100033239114886987208800
2031234134407167886836967380396925282835177687608970212142258771840197539445831145611686019029143288256000
-128781513642748448505393005021777811010052037380463467056201795046400924124327848276246900910209577689985560
7765195849392613171033096364668292042819080612066494360985493126652705335658459667626642401105795832633513600
-445825249455178959253242007100062705907362827181552352266172215072565781337574727754094933365528165839923104800
24399106891762287314631728059745562648013985510089586603849918219374297752899871201131624930840738862992698118400
-1274210590026666352761281438781288797276577481920251887180912180562933044580031755057031476566452945631651210362000
63563287388708013970633879417249713158365802920324031918749148065059379966072339638933872413252746052309569711569280
-3031722485683060637989709017101099858463170444108555255859998945399866693325071303430718843718115971327666976909324000
138385985367312978836477292717219602050049072983410522208635316280017817302559343443877882503297903857361392764020352000
-6050602868032555359830821630405621116196090913684820215161152715321247769795104418622363823669583741700961207842499218500
253616273485546177181746725899217704762171840713552814016584093823377915681873931149585462396545984075295600148800133840000
-10199533501004119280011999027453298901797407614872525389616552550838495608228514764684188789924451913965717973824205702562976
393864338654691941747176156215843653093629996477430392208030195388780660857544030359430958116113783252101773660477977995165440
-14615076238016207603212431207924964726499834673282519697846570160770741556384391780389875756100779833641322360862196330658622320
521501716443161452646916484454515864886625642211624604611803994430179055777686136323260244494657659055014960083282186762041663360
-17906501837747441854002919412211385792789229227173838661439257524801672825699871193198364876552674249960004416439859036196646620000
592045186050958064287588756341069078165820677813229304979341745653079044408330022234356251733319757945123901393272377310493820940800
-18861056859828113970871031473933197147371273857439628097564138105698616687376980507437296342288683168848087808895050017603598590909000
579311353079706724955728523498535429279924333881691402619920119988881611716443102123171030036833570571156780124732173393874518493072000
-17165284703010085381513719392616978592251788890703137318354868549385182048472027077981961581742407792455765271252356970089545297215796000
490943908368768773508619908856347712911401350749326156683542290369660650602089921253629444147737466192730821719587664447605610396668960000
-13561098108916315446241853432384464699895183811073261762991146915735951321256228849828379320970878159908707122949310261203985973181988347600
361969434070832692856958044317233279761781686674495124509615885963691127446161958980100681042415377275499272091192016969303920144164225392000
-9340864191343493921262140250295678889835967214633166718517265098839820179312416192754694916067762273568600752765341963398553841451784252396000
233161526118614923095813242347516628615225231516285485799179261242695556766147567913477736136222056932977680468119919122655965275966532994048000
-5632365039503504288504697574237068559163442512787809421972605469643191373102165797656019189941037945125360496562042333396287715876589015404316250
131732019820965273319024898342203589761489878187843828601572776825624047035376003659450223023245823807220739130952609518789956670310300626317849600
-2984383465572074838725429773393104053170943211425015662430259293167288586245656777119569618698120781087139265642345792094074121673455467701601696000
65519483024963047339289052133534682701738203469003819016223415874409138951143231610311388964566094724370627958918347628080907293197233961445366528000
-1394513616104625482264448668647509270643808125174945686877089083069144513009226519332183384023724339205965417783924528225094864419245712539699099824000
28786557065902665909882380834840834093441180958242735161999646100406537017128078622131271367748714147692140571267402359580408165327340606679610907520000
-576559489184643578584034028063696795666206314372020463578328013865305703958768727358078592510658480646664156694847782647261395459875619281661978382636800
11208655016880593275388878149224813722532874193306487885474339487958730209870925467385777041468861555916105406882579388897364958355050722000173354790400000
-211582822914136615769623736313405207647742953305245560379795995230165405506816966331398530853977311974784399460128968221321265958670948785256744594854200000
3879561041956486582863853353847898226623430184530334808750352089684729236795289813130721194746449823171351705769960920030351574282915321393320890946217600000
-69121507132667022179896247711499304324418364856410174509811559830184552225699863151588534215748242694980447255925171140022142320108223764013760541484244000000
1197073909126380556920315176366829552012007009929253966230720517763068149265560510004470870962014366288749377757014483871359469556562262434695910561640731289600
-20158136040716309707211643980145373333872552254288242213544153594221749227547566309831173695311691020961774277620500999610072508036535397456838251519734371344000
330173200739760881815944876066769690537870010881841757099291591135446535838353729040365144189426368431040617920101550526924162826858496461094362671881336527232000
-5261769070368999970123038683235665497284724300636214865725840697192552560039326513242387127740666075602959433214872786725671606706725713573031906899671062733536000
81611800354385386493816719201604297410216521759587501843015763417439366737991797225102239058691952590669199348694069180427016748792028372675771284712090830412800000
-1232350937195024708773272118806600141565739824901296213376700998816368412644728949317360232011101404736697202227678678072757394628126627181837376988415807803425532000
18121813507175123289505455574220512369800728289357881217281529090962235094034971655256655263592602275414806595172449148065787750910174819464055804274098024214981760000
-259583389585155614199181583066953761142489105687995693813935906819483878279620220838690551014790106091779882038552169035433146758538861999750068842990526382854610080000
3623089283697471710913007341421648721348905862986233408564024577225579019355790894771632147071287310340661811260105698518648269288289832922045089184384539521590429440000
-49286029605399918108274519510538116853553674781566555232570563923610714593660089148902368429228672404060150787103351115690540550968891668512258770601353461731839196400000
653618022515017100825250015421691377777176318736412602929270747806876709966247072926121707047055290666771959559459472733703091132406273233241603648988136095404554248064000
-8452581904198054435969583251082703059423746485335882018276108798538226463591360369120999279409897684670552200116887678422800453131286912303054783803065207794073633187680000
106617109203011844776177573278817258090805116190776499940395912169909044382612545535833008746706533458959830842853679539487594776238634441986688640407747591295520928483840000
-1312021004095999453981843259394556849726169312710799085074884974439026627392798005156027664583534674462615573325339243165618455499898391841168061384935062268554914504354920000
15755515453807785388556107919910396104778844214752077890711155001722031662366234850453396219566445932948364263944737887882038566740352863518735765551700937127249522491382400000
-184672147246909253404309313830149742788124475134910744076791082347961902229223790486036529689118264607413660689281155532519583156159980396954603989783214650839283569735103264000
2113214910411438335055228906961114554595178754230665633222644965981508254467002341076780769634204414225156199361946902338069762091259478615555883839132643438416919583154013440000
-23613129322067887927046122912767170513935281313666548156107997749011472847675529349246065081485603837922093320776802006430484864048327942937550664680251419952168833106800227920000
257704995140320508406721890852343480073000239768714627535130780844570579840188295332874849713445382988685655305210301189846956559978005687335100282171151813172056942376816639360000
-2747521397373686452518700286073451509764258441309615378785309552904342629452799724064449436085912438258163440247548259799630210811761886122159701457891959773638934388479856440800000
28621714315289141885872368542435636248420667215309119052839851847740130376801597657356595920559905129670858060754958137764214282512864873757447810777304209426973745758152042452992000
-291388058336805961093964298881729988173618609101169498169780718274112167166168608962834484835778331032049507112666443931828060444527945614181048268899801155543165331571030315012150000
2899696745476864252221284433297283691430785163923977303925274547076381170804835709895644434492889434710687581036580346288120411897336656791051111862432371324882310163211681417283200000
-28211054228146789372636417492086453173283868529942176941572873579256125307839591235476814767358612048215588870191061830083622128951629029631970297697843969125679759966681578153549600000
268380644447750907163005771550060289141616967833058726459774995666752486858786193938971350771198549880177686588778145601162833109218435947646659581404649697100130682511314187025504000000
-2497040354006319215335321999078915936202518430415561696854392537183031812982832627027583344710308427940161213790650744487779115531479249900499285411347001246789325883153518327503991766400
22725735365743228698336564493136609696798530642072419168313087261256021323137553288230647752465938089399526231577689943951123721786347765980036629505877423365544653954707640576950357376000
-202349475882002640996520984712677442568466501642605026383604331470681857680843283733354720861705796500163774655388548955959270301338129373038509539363318614793729345290489398320545007328000
1762990550921412773361337322929795585963662520485367876207872143133006453874607069661744137872484699981443870199535710914999271608378355566848479002962604034556884800065087761859234246144000
-15032526216598307417090360078328439156388570261812412387506565125780465995616275610165898032108903610927206077029602527656786965983976871500795208584340436121210123953957351963523287569400000
125463304521225383699862727706799968926462646821853146326422140282432232113616981092519299167576677973975310148204617341031012196098105742223779765360242137880205965147150993040867013966976000
-1025112021321742288231211971976038727954245575959436463020397346798566310892720447596896961559218309131434972245988331701081530318866731725245114040485673679965495606117319056258169830654880000
8200896170573938305849695775808309823633964607675491704163178774388530487141763580775175692473746473051479777967906653608652242550933853801960912323885389439723964848938552450065358645239040000
-64246681188145984274145031799214328425428736621704681537321569518801504657369078422538857103152737608712711563046416862722720847700332883990207671932413857238825165980920619618451841300240720000
492949032666559037659377249290158924270859660839542022467993794910693137325626225822627911246814540898093660978647534820789767904752322675241758385098800372518416137599589570273383541194339200000
-3704899006589218631717473258487301052241012265818908352500977165534987157151221041531868171627814972215994679591668220176648122564138923670178574322253719394809692724747460752911716745434248032000
27279314818421712058226537944157775461350915733714095100956793154560022311237624615515873754571493732605716851924043578802493115738875347403506230217909051497210885803838133228159316869230986240000
-196802945880318054538689971646400367181590706405765662017800295767555671165503134154204402675977078150479875474216372110243081911273995720182964231188625273704009369626111251813515122665401511620000
1391322384721440317904034859461496902358568114077944854073997047500100677222358753729214491218247536909712531819912314444033478760633263501633373567065516540669459927550185208215963439051697490560000
-9640014168378123532292152887058363232754483366585760571336800872741348528815581254197223673572414547632738144638658383665204262465468006463879433890921394036979187378905542249446477983180217031200000
65468999058378037291217542813159467078493510627846251151242805836380866500121001582380177048437049906251947765509696891287257923447899770779568637757806875374315515585919106440550840569929253147392000
-435868035125207823330389682886213648798070834541885137439364354997932515265557366732872187937294375434867772040218950357161786643287760178752055322052105301011300197961100115225679775004244362604720000
2845034748667365726511577101705673310497861436773067484877060694555867200234354725130805444997671636632062617235564588524590544243629771896548589899627417112715442712266799437186422620803509554200960000
-18208917099755072640730552755867889141887239131061868360369794449636255191272981186403475211279625340544349630866260373136019500959462394578046587624611931257818307109241623487772366036925191104691680000
114286318185596416659002297079410916385208517334141576150672080409834782953205463445204496630077897060065093933436425532400918949599393943231182876073406429644438326097690522956938626746833626536614400000
-703503717381211942296571014959448822173699179514975239692480824972789235816325380919886929568523255090363193844009596917885406709127769341802450091529362453480045671085096225376805334268477742349447016000
4247642143057109193293960639465560814162626013873629614699494906604369130944823691914350425097838655145694032908301917050820978969120607186349060043111511569403458597358275139902301178152683042394038400000
-25158518436272881964069852734034227673618289539442190670724494254334948231436631430266957163756393598607830479649097829981807648681857388318125106572197092543933129506000635683174359376673345805450903200000
146191795410775437849514765916743804828021089959114407181223593025784517742220711368737440556557080708626584250572508984689052416611768571737921499700904937518821421186564074570640774771769923752316729600000
-833500503686630382354169611998656715026565351929355131733998847724076466432868019129836610717389209178053427960876625919794860828711673506855156625343381331138623822081174531557961987536889331799352634000000
4663121921937310816247813811358372825648783155472416524522191569449463576940517808656243018398162887008557981352191432409906403468970217681616023779905089436340092161987068982442931526561581941028621430639616
-25602231187053772820498909729595147855106839490221289138320535912765337155708001687548590495003519025327598667458035160368448706120735010343793191784796366888295800787326963205759519180696667289604420949968640
137959025167661820532903542837037230478209785713566413391389076647669476277319972885375602771513785450385780605500201615595673256021161957901900544633903021823768655095056173732963688451404845153084471052369920
-729682326901493553583973529762520463961805749547151164871679883731512073105695610981933203696964728135625036006520445031901504965028432115838927947774666391734760763218523122996669577034508646632741760741285410
3788507484182984377721009132352729288281955216686128276240198422835324987460615395038701328010200859979448537405406312767038641246226581023284861167461761687752138089182164402795039448096962145848740347818464000
-19310403739349494513684346015976121516088515048553832890154256351565546138748217203788684680244184158549684997670952969708016307431432184374365753007474770032228220540842652297110502550208308651216351615469248960
96636412396441616970759957802693859087563759243039634555471565495743202750171720381176635413983482054440122813354783581290393361821070799724405970997140798925922707304211117025572516695524127205084801394819596800
-474846173102969577604772457942679071022724195082146716697417873223659652769826227265564737961376479743744260497646723248355119861055705845959852273809814266623090245136859688153032722791591437036142415118243194400
2291201908908624534327691719731106567354375911507229722627509204329571975985652560889280429333450466339988700435024202764068414855606682422090865016350006630381253807616103120766445189423252435632812901530459219200
-10856923280212203079932704943936355662917524751091147301724305003919672063752464253913144649690166681250720571202608280918955283915643493756048187230794181006125472277846743931299453605595758158042876237843568872000
50526244440849284851992993279830230008560371977423689961209802645401970137680604014260481569718583113139155882969570587348263997837542856867653390845928079902087136171075414720279531248955271546368427489105082987520
-230954873283499285673212998315486959130284204629719175376864336324367947950378820630712176379317561056463556127036242717742159369440693167921483343915927201304171546690288221103267353451715150999552265466392151880400
1036977413892431765264692087700075497886265144256790151172631005952748452750510094953986708286954526365298993123639951319173491096036341555068423696440035010299171217576001330322049465079809217594665060226106847635200
-4573776088779804189610288872639321654901943568690275274524652730887051658563568391401492414197611812177379727232009293791042624007234014996906237409676203568583253768259366926226695490354375911063803878587077130897600
19818670573606190505365839470905440140178599222128763831230470815685728733240616206621445314249990213523639085133472287986444204848901802988509404064908222284653486127978582840624136765823112223707968568671916432832000
-84371923027156843977460765882235756670236862127226846063352128333246576083180115147790817268690481296256426984827656182748820964122306905263480264519388111002743445714523516877781561014135015666245745170334356075098720
352918319950624372273308047420488180911266910844534204447883053779628050252867480292253124292756924933186684173747190189497105345627032958186762174811745652179877518516159934789815130724584673950253818639153214184659200
-1450546102090254716370509375424905721552423515674591413510573489788446435271121710185531748760703018631606468174352602724407438986784943983120625310547165463980941732893462949592120045083386432403054241586842934535905600
5858648523831889947404426149694059042224938285813284464994145712191665508431340617518873206202943112857432706707229212392501305726272291723502307479520342804103571793395124061455933237005577398651917253711209919760844800
-23254054145157393042106543897114657092511745062396912514050113948781589008074917511809937270280344950990113759912157616028396024681753519015376997352523235652572553841405559697054908616500002304979072606418843192800749000
90711272521723127122064699370547239766917635340668022675497462336421916960108082504095306309598704946511541980164352867357190409526691872321767410932915371951552464963458662740245202620255133842813965226542109074946312960
-347784703829884714020019588856163124880434591303063152240337310444927808386415511477162174336271071577859625085800888444584649381617981481774087148550033250738441790164133008652962055927019647837491617007841708770406616000
1310602249168178630759324131599568493926768922161647397530433979552564269171298437253379155932769952368377296033455409682049940693410868990875443781791212350138034701126645340396501741785786661238494023609725856290978368000
-4854745009621918807702669926296301538154503745317274693819705158827447366131831688432588777160206155282735056074985006180263241327669725954741639980058144469190546089541299442282275466730888072174383199124467074592819204000
17677473383083460943862161021656367566524484607515359049069184497978057073019110566771338081421155154860425293144533484960699086929814902309865059050849078820294750050831883559934198852778027645357287411252732683666659360000
-63278283722085556794648991593121133341131045101061979252048052828962253098579208184814681796255166992338378379340172062765318451573965424308392965378419362545127087281957810391140458213404227759320946017320281914453173845056
222685385985708744230631774283234934401664622556432315038127089118719845122143575490089472713105328690199179034176369734498011164172404089579643504318423299443927787531436985473668276261723399649485229087749634700922006461440
-770464062480072709814924348202863181754928364495045445256352368545840904584868031247891368605760935747422601041159819402119438990237598065647851575688270571660719163430595494624680618054595888061846466308320747450121296334320
2620940417079463028236236306381750646738795143810904305893197138367397279418266951357686593396298638790155776244591342587448210759562578886909723468546642836622085028079165296593300310860078591915116314454449047842627154927360
-8766490916884314585715948937583587875381806577112497219808477947419201770528505056352187933089955705938147535444518816442457805637641321057687376207727375738532926920744635990566012276900646580522288819535299827969151588152000
28832176744579854372733878095821218712223468407788598556519737502321566996881596484192486231884950678893180672661148753382611694912127643067397532504881844801495015757317717270783102021709947563227853209756555721407304136916480
-93246074567807258317144143471877425162128044092496780464779994252145748294278683895807430509553954765873100955037627902489252689351537070497186176684612327214894198519875531632025971590182504230927358106257795777998104540434400
296553461703093293602075690496467001229645893646760826572884632618532577398072724571387727392792958010723523472242676235625684483088388739113774139423916976551989371186258374607399081703013788456767311317528545848871248778195200
-927495779097597143269078019824253086645051371505293424784934844614531647392618335056891507436592524539467254532218051291818080731697329257482220136348388310296814378068798874948802199251971140896451745142552326319593033602593600
2852817205910729554234543998320237333076982502600831324365196531673034330178790464539531016109704311862227511270332489555467503567769642144765532922054138483789418378965618469048647561956935086274597037391118582912525386374656000
-8629883486052062789432707881793652316828695389996522601178327523800447326694363764234602399162172328707920339854914778268162458741861283489562016992843536653247513620526424213343606087715117578757463639554906803880034314306239660
25675576345215658436057653325254676388790131109005509934141144964912252530175121850922901779382999498088608333382625195788769292009272103032869979957875604594670277011496386533430766617205735414288630681010547923121339698286995200
-75133639558890676760932769487104990955262753344699594056250476675444530466386939216023704006678715609461623768434136075331127698461974916042345520912397988342359901830966620812676519734093463748328150068951647951987102759081937600
216252763910854297612332069261842480647779490149266715219601281656238252618673718082267480627751693330074496323523476756849034489697924113801431995002179192461776747819552088026911017242109050388127151645634778207096907004121868800
-612231064395895318697613972856298174037967328874773722129556052636609969722223016930928662715651126138404317465596934029233705057185024971944156724399201911436718860154662170687430822720865319817219733865885640488525951213149156000
1704937020320999062713619870195522584494491497005320276105580227243240457831407171777237373460047962509063791844690437111492473190653438136746306197136818810559642868741445992023443719206799819550498855565692772057964500171758178560
-4670386521226978307770997093254065259492186480310879701038965142018290243845397385745564056308307462984347522405155234626252334838019842420971654931444069092578554287521703103058849221379201784684620631164766979924352238912221153600
12585208786376344572613072306365574684691340613443408917224723308578957596380985490105440494807340616666057764846076452817674189384591315487140514590264429719440048471290868500164173569690192280921460420714065333116100235172693324800
-33361237449345201668409588674367672944464003354449954824263113795987523755967835580116877178996627087482442027795099984781034928684345537514221651080633993704625358080944193189370145052562043504878858570598222294067009328759757528400
86997827990169483570713426156888914285342914108029573030045051487173095106770925177938623027613486414190409377479046492296890217023565548617318321224243543682661554912948549026444746455474983377450978128852477030289935744757772512000
-223187057613119573751427824522418719516595466950983410865763673436349496342944746145935897920079290527145022202618477023715700262295646136333446285601613860628934613937748040601025603700877880366352697904887595138502634119449342969280
563291435034650817101172102518877654674079048629751914157975414643910701758124628623168471204878480247026525719135583747143349384679685539530396904257689645169979635053719277601849784655955253617756886063428217954977408365492339904000
-1398651262281650387770443453715832743354307215900340939639751218006278678307414847376016981790723314071992546638403954006013690364738225414997443394945142924055272919555876723052970512150909446491332057178246572685193871224444659692000
3416692541947142341898247912996490478536540117240994579803584852513450056079779288360966072126812220202195832464398739860592499914689469629499585067701202494688399669035693106212996761815539825983971043617092566479330893546780646176000
-8211640666362260949538446604214216860573105483916005106335310205877301933235735893697506151351152437673826785218389955937244459515536373946047605610096379955278154376977877159254482407633364890927587957088047978592565479882794745640000
19417279036580881270915139568678423777151412464433026147930704452859124793377928178873423851632491589439602954395915985278416156090680230389452519440350675945842378036350365791496248098977232716454276228587365956498260303385876385314816
-45173883450774832411818812403693524325297538069775504563230443452843905870182734833758822632615428279731565951334636023989187121922613339456866471250932059079194569124147375734897246876704360657001466180693069720268825179606895070626040
103402902423376577034579803858842287223203327589764786084406829483556518808852637505139413598586536205946888106933174328970365695914789741106668211125373928969555394076761358763476375499448533672791635313921970563373168351366773893349120
-232878453106453806572923591211823289022412569335401017568015974354820809009067594194364131301424676936237599250297642993067112263710126611417388067834658106598932087335420410216051752509599451372597927063992237517062844781229607521389760
516037894277900822904328047690129943528332212565571369411976348403366856204356892350421438856501109905211121587064469039910270301283324160002326794302947023142978627409096130749342231147016667627553847306371488521315251692122659530560000
-1125105953385345433048908568422174979653855426785324910698500655171674015096665902238460520440188114346111692593574727081737697665214669814405073057912175329069233124037220980625440881186926062280186152085474948167723169592075209626490400
2413615164491989775485403198580948614818624565625977067973829432723825578614623473316412972025775180130177032309039156903163071698400140244693035454048035228686111655851039056144683774299232735784972460198625785453056511062881039423392000
-5094575880201257370263643745779017760604811428416599404103557313360455047095720003135600946900317693188068698464892245296415061101830775434373957246729757248039091554224643693046366847230994299839328568400776447334903758120500351206536000
10580726256972673194678161480080690474053744347971910829054633409741896426755099216402022068703481626701799221106338960400616928834976681686869642999926784201248615837422210819635131146305058841483023697017253529966174749463914731019648000
-21621796611786814596343590560000666660190462627434919976020345358370543014090605484604616517699975671767603352795429494781329224404769072616554709680704588993483739564982740298808381036067919894494417369982829792967562619377981470510230000
43474815358267974675295267435412881720603853211674549395757957229558138438499900862777247342061111054152210148311768476636141764985787830567737878784145127718789686542114017718124106629015338946954794031635892331127999684882839236658348800
-86010918522275740740275886796648013913941806367009611902897831615710104793130006779766120196767624757239219088946669944021295037127189503503550095773523334105461905867007571474072276512398973124763581844586618412650478044623827365969496000
167432161218460757347137755326758660617971536018046792915269558573153886398751632060174421174021726456998716629665638606463370292754212127384073382695967296726443502993478206565330664495754036390772013592745010969314059351243477836262848000
-320695309472785703093288383384890817334054410191651022521078635885208200756459066194477925255142282026919480525081335919583261054452860411597997277851089239658500617421613121034777897079251386417668996270599224977072597213137441123853724000
604384206313035288268530387432346513897386492374288145240027260373231882503984332359459531596992761290339560173244744942928393219276239828358029639286003404546632556894347731252239523848022265156000023205866012302469898501957183070402080000
-1120722525063736710027249104296640110437810226759756862341071048106496272761751113364946828383221397050875914059755580920348187548242957627427004489846103986253632409724779265311805151410262006975285250787365006358438711235997667366088244800
2044771011437249949820830031577653182498852791675924913171834351086000710370388808025297028513122342800534547841817150463484426501769448745416557080237841104274602483245560919359495377809463534011539878084674620301463244424988480027598848000
-3670703429467309297127090630417598596414566547166278292615355953011563286951530494484865490883053854153401008369355836757324459977419618316662095754635948642512488295728664414074797244392818692770227715712063594501137508851792063877669514000
6483473919608934824467382929915827186107201865047753803531624979476946274399717960029753023602724346223000862912740186634215438557663065539741539474590145590168370424778659537995894126099823550558104160437275846584306665477653184424806912000
-11267180670422531145559814553383586914319841055995545156764425863074972661205057741942448626547353222040476443798697308609067402456795429950759788217014785639413387916692747026321114234178949923590519784605165977942570343701931834607941760000
19264878855179257987106295936956930619892670245801613778098511818900260947821381568708224586551024775389444220118766711808734417833820162358411529012950251232928358416612640122637569047978398638584121875500051840155533292994735046913081958400
-32408183986254673766574978522642691620953868560884248500875060555404762696609662220891529932993023118220086232954375748402734843620122552905360918952048885514577133555643270197976179189025510516933019476368982980269974465321344033911857600000
53638137385789641716474117355932525141001027735904482200216622164826682406880667468172453571491351514584570045997718649576244285485524280919816087663377155154018873007448749809487643115501213417600085212351065855567033416385904557866124800000
-87340520770754345430429502847940633798236981113583675905908287652689545067035026251548947011613442675148841904559646093077204021338113802700701448529920606406670309054599169513015576817780097973149082739028032624778918278793668739427094400000
139917745453313190932209986128465286436204996890122683757249104029863506958225854533932607722450362448206927361058153787652277041329510356893323398266159017965181798601645698692096366084694058620150445922172126706799691310993923002683136000000
-220513864778057921738936243388114503055619980223755602668518519178665633553837902391841138085774832477435322694211676823184679924061341560222800008752423266288575644141158662281211175358629953736822606534491325993083983498409197500303689414400
341897192883778822745153988411957438464494333338680996786119156489978349194633949798889356443972562718411638661553412940379900260963897807785851650905962560340495986460785094559418529849869565161123934390746185990613616651576746402787631616000
-521484550375152989687044132359449933774010729928425869938675079464434430909382245212074229904017262668017477585018619771846482024840949609429664964156317808742070598700124544899875773018976868124028779155888402546265553856096999457658411648000
782460936174050805851375010120350125096814566064074070956542442511221085976095585574825251363177834581981039919359152071945732159478890442627946421017579721666133836269409615866658225079700495276394658272874656173182841758601025758109512704000
-1154908280576967290210993608146926817427716136113171612084429535064680776770513056130662270880988045203724177649140616974703637973279287904614129395208689792467855413611315014768586156178407413551339433977588565826551231618177335812953595200000
1676808653127524953706460106952834900468043492232749056108115467257740922675303382102760002857212767784662330123497058544402550257646853796262598909650289503324655940913932110437122020354115568001154715135670289886325995203205433003287961088000
-2394735329031804359962767809922626052004566308011258284132159908878202201402977695172442501017093500603013020009768574631999164821488537428657149753024691190239201934656632471322504007059128428662220320265748372102950017421299492580928147840000
3363997034355116059531819179324201435792173801297898635638707303208867112577843903657486966352094377658674874569487970413528757472403977803583074469277280966250741974161637884521089434827021829635145873122731592653755454004127495564219166720000
-4647967148729793192738386535744794499522669501668465392533630881654873552805237033767880879891576035810433801246770580792564453943876955001035166479058524970404276141583307780672549074187659114046322921081211316893110664155064933948371142960000
6316323572001568735169767742538197419740062306701772067965392942813426755214369412890304915875642807758690287356248750620329799823917402276995661321785537012504242846189078772480541037150693551195937102982548562779584923061391783136267737600000
-8441959810824137478903430397118909163648503682977531688388848649486761595897735772452776917157058111839114835080831238329089767152415319900417262448239486100998017632590260587954094541285692258526977977027083783192551359414092813828452533376000
11096414908232710973819742297778544153471629916844750890692379393274304004670503748881123631365671047479279444507765864805784532552263977012475420553693194821104736907508412874981999787876254149030766407215133150477934133395761808253207301120000
-14343814901290401598567229625178891057410138912400531605921928747131035060505123182154384113818338172957540447836589387852030615603615171602300296099766677187649561679323519553173487933344756525815246439123744896834205663667977344564048250560000
18233518327210651347672844165472393155303346588110019149126704902125703762689313499552726324409424918133687599630403649544894303667519543667435091729280870346847528514402918725795618067223408017739357108094615611766234852764213216418651297280000
-22791897909013314184591055206840491444129183235137523936408381127657129703361641874440907905511781147667109499538004561931117879584399429584293864661601087933559410643003648407244522584029260022174196385118269514707793565955266520523314121600000
28013942057295845510259067444712803934876012432397481016137989878831097484612115624407455350125632399910318947014629901366758105926819642861249112268545752558855845864638080863299184318749733638071371375162349394216073536902421257545756952576000
-33855583909907112677811160791112213860339162401421724260436826117067288916106270136364334060288789927746556366328444508499756854481389865456351405934112488383725284402383791784060453271019884498942349858293232823063985476214056554499260668960000
40227816070146377467113127664301866463796148032116806808808029367838538712522627931573344503839078639114768243301177071918673055744286898256785530905847691606239187769589031788777644065919951102907735549092632311496870083567901045623025185280000
-46993680346063387716558360166211739762447831628209510218091813955355023855380833576238476702710927716684929479070605325766117583447428156942217875584966465257629429075925306746434821681838185451143185642601120866033409149680985656717731866240000
53969098089305297959342684221658068558112353080248114568347138563853020453167705289281192985661639637101101221976375416342398125482878648993502232797897310447868663153436456612531639837277105453367666754122510733744504409091317736744702387200000
-60928212576399396400752967118917738100905311666484240250600330542716795259949102989909373263006976268819034542768824981908367272200619261563098254179956754962437843457994244333994655627038395022261625601487770847159782343329725050691472792128000
67613462493414288915476972581342343626647036144293643078203515804656954261567973261257714437767001367088955431257965930661401407695861345523636399266060402509451713016180832556714857086985954632513259507394139757909547368163450743176385113600000
-73750038618181801989069385907296898919277346035402836031064572662749449927747535480184866387286760256687788676205958821008135611425745035940956941712231333854812834522580006000960160953354110120526241606586047621255245878385736174030779452800000
79063766792264236715825114148481012591938584565130929527802982119015034980556146544664392946550941358252516437207506217007897317789002782201216523086377704568114819000337535038371736828514836790313398470315416975695462773602935247238611558400000
-83300901456334679408125292160783018388728341697936196378493794836609730234516515606737945095651616607621557745794300385884137669501666774574842783262144398756245812867762352315918404564720919302453719111392389158564665169135028137860116391000000
86247902236745452955186080274560053172614019919783183592595175311718234468590966558869651953257780466273413744267734301758083162164925741355357221283329596152244553625217411535628229010655046047553859574177648792796552879118649577759523175321600
-87749084496289401339498877387961335326080498573332546311167833915604942715959150623221502540352427009356604769771963603078917525293687174984946706946280493070157965172183076013174894677317907977545937676641505198482122138840172004625922582144000
87720135080689701756297738593969692897534565827194514265382162678504178407973913076197598223498112133089666496545506202755753062604133861666723102878317078907604981698645318395285473706417746817119415117684356688160280145470219493921685343232000
-86155873669105380551156002604499665479174790847935332310857515386972680766695984917117204764872712972821620158397274357381126579666421640795588670815216895540658424718908395300632702966846931733642389536465262377412269609635137671228829804736000
83131275293315006500419399549735570893885402965342533798542939276154490699925951770678106083075442429106500257716330399563032835588965409207619739197383248114210565984187273358860715282364080504229608713509320499171656571147345896611025497600000
-78795562844652320244565767728228568245563478073444990306100973879880195050755900713300017336701054042303006227261900237513989213785752638621536131249451671903490207731817279271959076086446452940691433090814193556691229340905464472627096965504000
73360011283940092384888351806345369660231134924172094196268742758802273010654844313951104013929805753670533711331706748368564759672348552064577406729123499562702976333214940391501787822092160605939738684650758716973450153786163583892996331520000
-67080850092183403814414573626131466605372989141702176725211034340813976493114585920773845984200045514610632016769705169338132650430922612346951289889032239855409341301126629779439348454962653621851518260301285518974477857812381337478849592160000
60239194011570028970147530686164071173628984999470694242065397155655160013857729794425510497922610822234661387786783076048051041165030470208303142159002740102615929693170355965429960321176284134401171843765924434435037383706998009997768890880000
-53120196560169823376864152224074661710473291341577954406423546308364551853114188091238143297395596163919947131077595529749801748167387980385855745838765565524413948521344339210146570861786779155335681614366236783488490395067068429263318556800000
45993577523242739241070824857335518774974937053669379228565835948949921437908701091365198006487421026238047841006904623821032510463953348485832111236331630260124533499259410116294584560021668304056694469398569090797386269452728728178448892928000
-39097348603812257421870479080554261282698728720302656556601003716658898852301555823949391331821799563473864820318728443960190753517593207484589940148019984104165398565829445058100529768640941644921793300302988609663211952873445878260712848960000
32626020113548187254142197572749013420973398361694637934109602204191563086490386593675441444660780664408249957413866004830103099554498545838766929705317749914195384670860398952505617534863327044824979892321417189412915854921471900974490068480000
-26723915246244884613205909554106983540938188754105397151134863594871053465925684393523752854811211081253964643636239337372048116482417714696724617568279564345189662851739106175400803911536151841302602077255080738245728707732355267804417338240000
21483555751957513023903912164083133772165781894373695089023527884254105760671336764948280511421908104745751237474415895592241898931612217203368191010931139068488109769644434718832039278334414533229731401543273183246859513297557008763481804800000
-16948511404942731759014195705696209752447661372608247891324967544937340622754621769722479422213939690759577812188800915132067085579017200728094686939717393930749447847958554827403588486923509215355767788498747859720842762912400833944815567568000
13119696161674647817449393759200110026859848406750345641327982314705029775641738171979178644009895292721382525025541728695059247733899439485117975324283225686997385982407613936400291633616517868535240780477328279007749360729697172813121466880000
-9963880988026830663491166693325990261331969769603085907542938826090014502616241866592410500471759322012993145371918234191143879541367484631848784039651407500863717238227297401975202701119490902924013117158836996541009294398858362734943027840000
7423174861983714111133184392162389940160138429175412881583582530395974834444168609038820686832184052126125665992674337559260978996830401597390162534036896793815249178548244124501568480882803160111656167759852955203849021646337399336747678720000
-5424368825090726323650382742895471216518859553232940362357124395069821371481012418305460460572328795816767957185758147264103213035089804849073821234938107951742347747795306379945591520438160969508492367280173387801388264020490267370082097600000
3887291118369057618294791571318477132024577468419294671006315085019965616253681469151648266088784597765166021596044522494171825271427289385885206068173222018361496555088094947767422987807878921522320827503938999577917826990510776196442340864000
-2731625599984205420351411388233165444499721674342826787701492976906504690184212513643893226839605476567580227846714807969209083046920574412300356732914704645561878528077223174925799169748992847143510694520540120911014534879560294099968777600000
1881946716362112511731228564149820681591442269435291441273732610030228411182330809773641923495259673016907868295712383559176452304220124632395361245027305244509119610092639520209824627561337955893983535414239577146515480176001545372156364800000
-1270981086718474691073426783121278317690942663006206110109700693009001000183410426079080459420892966930659829041997354251715535564522491494143569849679682263611721209098887352870634195418432860854064680516734997982811093588556454704137274400000
841293911371206937334130662074761087047568376151589470474703898986942162989744744218407155604481336798346468345406871155149200489798600843851746046529155337794955539772234914949933507201052960588552031231864071824882941902136367172429376000000
-545710343374401607143407858738766227679927512600985419560239532301273955676275866805735111925780446002268226771058239416014459792910801228969498183557415784792724680606498810991764069047006209203527806370736021373641269562472167384599349318656
346823735317074972619832235423250420728310623713011796625323262699687452346440305818981188893958017458942235836148186635406088317775090573291514535795287821194912719028018799576359634365202593871672725307285127153546712485220640657757145866240
-215929233170055322380799746345569600093462098918829481657461039262999855181110014663093021940356798568187817747760626968443728171766719513671998774907695492986005041764468053647810072812689199954401683995876355383436891715926059298402372702720
131671324799537554768350945950729938459404343842268311144589343444100210086536051060473477673077326027800885849342948520243959411963920637061123532350094056808101185616877580808656950772936381643522106730726083883927397045040946531507153858560
-78626042964569785750057663102980204587211735794584082814267847606546602293753508697140875555758323287572526618915262752532682378726363112139310931920568130983509488745275726961583313108800516194691071390061727038692773438530015269488392064000
45967668578870972319480078746988011650710362906065490077158116026304892469040113596778277971975523538644477846131220742795577905569572011858332093623872634640047623593085767568958880909560329468010392463892143254178307959079693356168715304960
-26306418000038998670075994162075582534178042004272250447751085534157791016408530585436543507979461827344682947069571441017885579656780979991863177053273668856429841962565333750515790229996645457423855123264691661803549804768125905198786430550
14733410265975906354425520084232917214557588000151994558028254115574270697194270366189777550715018424459636203091607545097331123297304153156883565921583968846417852107968581297204804193674936921997657023116284485055593792154044928539622214400
-8073892889129306172861902771957276023607612785913471328243444284805640770109299323170249920639260367000392851694197590627296246988098125033105610151457521056588906786586892914760826311109318461987088144225297595717999140021679839828432779200
4328158320434845186805712849832048505671199829779645934968683479399693536070279269259584489590015098125164009882430872511703359247655946932670618223437522654625558474764309852488771994267990815477641801200663400098675468093493046320574272000
-2269145843706085033514515815249964956945162620816870289663093360849179565264301295589185412656208951074762391630817049595965662057635716201786677225693036100629947010416004518965304264036270155197383181602850762764750847110968743411944863520
1163203312667407838556787074008437578669207420897008419063654675663207387135089050982433531656241343660995914853688750486503734810890022309807412820146516061625603699354485075120277519416135315387217168003575235767899760442668612027790470400
-582872564912021843465383791513726289165618665237958140413328621274799610967974740496514862018235147979536106334455042691047563753426142086569045783674898213561795502107922369455628836247258412146350867196244061894826176504085896042187355200
285432195328832336478183576257469919568272425926934293282832873972733629555252214288163070252304658623991195387538654686798465778832284473626432632893870842281443092243628598045382468177465872518341982299457544051548414037305692878904857600
-136560728782712268420928480118017310433942321546912649356004106155601510524562171221286696188634912216152812359353139929569772173369526597983720674699353237429331954643936461229098921048232316332703647264913507323216280218003304767089682000
63814551452239028843021559324355372861520131347575443236263876790348439578127906170135197182288975141121690144315167531915438143699457242284567855620277334844869454234181828575209828310698350911698154341693152813366542565097849045736062720
-29117711482214046104880872898225072260079391720228294206608333740974608114928196205308593490731521884096242951964712303803068580323039418101041229276678355976406387160814069980646861142671946678503235243959006141946108128133077851229419200
12968979435582774227751511120431518108011626560909660643973513626834795787080757001935199827711249742089577721819404747862293391160167032831772939892453129640798097955226870204737044074150565317732535530954093380732971780842507089904985600
-5636731886842663497824110640545092180577508163732413626683576170763279963317275441766138519459541145004599406076469676069520115725202359432911782476925670360837522608993055346141628214284336677484636913424397597827205113646699485207784800
2389891437215252914045462534402833406118184525688014953727175093199616219711916786022652116153987953852781329423668684261036706933972836022190592810935166272861005149789346996581378831335159122527724333603191198315925054748839018341024000
-988116842374553334461512842927788774949358021793723713584235726805619101211754236591340979876506871290489465708625484393853324879243830597322999422694058252816235339091916431055683667424870111277203554720628064587658396093069366965936960
398255178092438538419422123209958303107269746396348387441529629409271733716424414197841709730867000588206699050602719707766212557367374976930608010671751804623583094417569564129685551065156456118588053263580162467758997349639210552576000
-156413558469831133905346407792384277862618093385579248133225108695734331295930798596273336932982840020700719808517560912475168121207609952214974548092683447596067446670784478061692704602349847878430648027679616955364311013036150262573000
59837960781599448401417391605636202423472300428150592692435351328110899836433857016422404468504967659169168017556289454259308369518863461975249289742497423256169746534602732339022157732187455389309056026046253654702830248677517694944000
-22288994795373069616730211469066231562315558653540829621236541636350116068062667316642502809975776820670597575935873442756161204027851999495682327077214295398779729365445220974222849392357373727449887470941226003699779528801038711960000
8080331653685263822972237720805551134048837765890583601928211907466773978472807764007548522820441617395108801875807025541856734804992931149403327988745879307807537987213833761709667952937120768420047800374540854445397098335329286969856
-2849691633536213671026952929655549401599217950281591688534465092602589830545998484825440966519260187609215474196512756526753586175910196063441509220983748787075319103477468546633194569886260100866474797272921130732456325440803157089440
977219646569157086786758402756413036203764192258588545513675996253819854570322982610577522332557104307024430880874814603760512445888113735631547271859719246771439693606057063157510400537570876383097458142880798548559095452806796248320
-325685089238157692204939394697439710334614594223959230459031010759143393123645373726782325484183962212567003082121688832734583084063197369295866713437332289207235290463889185028569890102041988807507908873585486364774553873737703159360
105436264292616665299321344103691893737648382914450901293246251604301248785548276845298937606164307341332825601796823763632423706252393644817716128757605550905336895976285087071337228845614240797898270880568778103985287414321374592000
-33138456485132235327048179082386121857007574022895212484271439869663100399549682267155754101447636443849262189462698142342685619206189181147364070519338754845132735379485214675061487958989547289553715468980806903830375856840471828080
10105926117475516098774333560920680010596907112008671579909781690473619351593271982283792742782627950100558928107062616577954556179443465533979139297953131503790431579362013771044954218569525445884087948392976662456598202058213062400
-2988545149950602485977516251096167594804178167007544006145796690494292368233727896073738166239362475510724363868691106509528661758361903060240775349202301111295201190230074918938486348248321637629597307509149843707457118829573419200
856460790890961658381999438064643566981052295435792056700150153457091466190120024855903287486744091422319489561789987096938429056149064154111629260134240845889541106995476027163232637003776776172439628437738106516170208035764825600
-237699300784742321995648896809624159974098091069854755867298913721694510893992223224551119450391371832084677814925967828369454652126274562212220057876723136967335073399297397193624312876035795658352274878233082651811025923435276000
63843003335425527813568191231748361637364406953277332767017458932009694671139850315380821445733926351354377731122498173514410867230370032000268301417526524543913597553451179035716934560832218135827802139040109955455947572122671360
-16582040758241421810348381616686560993029082421174347579775122438878991188913469117686262795425415244443783985741325660133914358578771716585721796464562460437374008264744856699762901300123239208465715394932602278884806178416379200
4161564988701655618782815680415503270015384329183504876459727944451268145263621430402340983950687563684661736250830822837332948324495488900679150851842746447831046860454851675964242563053425450319941587782378738470865414418329600
-1008330579402213215792320682982619227641531380975126561321025661887986302991934315764803322174683738032535770079004473458741804862044100121008739567292193231120521662260816383727013199142610571892841749730691376194166934721802300
235660647141811065148478822473638094893053154974610822152349958933124515204589957540366624547716461325835397468207604338006489755954799803188307088678818642873918928740450136017903253639967892665895654443111261399050999937376000
-53075485344982679964058708400394520277875384166160565783444239859123798364924356549014081278933382805857886604581691245733423572741258776125918246928246182100771681679820047875328246458913577348213193707573964353857609866989760
11507491774233677024835770553385569281205843734612345009908199523074986572903144580719388437562344661914134198463880342363288775469461994186084942473548964978804785909962046728203807288360473779397907871553925739384581159385600
-2399238615013981005705872268806709339369444127301131277457520910603584587944492414283268064535393613422400586954545890952713742746301204150005066878779789247844490982377032565763734778630889266001555266379880581124973016400800
480468150698556319236046500778400994332368267965393294296377354367515361110108604484128464693735360947220245907611654850482296419229231578083461773346016106756543337360085078109356292026957195320839359102644258531847034886400
-92301513748316993855737796119965622089048256392768703454478989880056834782189751694420763989998098807540749031605945772505189180911904650308620051210266526131385095525755619441041478424587257951577323775966124218165116552000
16987084679035276915754053923095310581766123233399408842596213753737319918087343443123734054166153984505287405805237891323678367382764319211064162484155457426259852800235587485983571599519557866733265355884785354531830010880
-2990615654379555633965329183753482990820654342530883416237292242871144080264988958753921632869714723463683097088954009241094535437353218862201706381461125031958297907273031603489049853024438231537169216975470394604335714000
502860381432252595120381848263007853165231951483613495557500011861202473653372288952807147328771540074293413325435793003706131456051229944384084493077026227187763998692577908636869111089100520923707261460623937384751072000
-80618251998231838619081081637318620844932742818704172517590735427097198520371394056811803032743124364192100868364368553148103616276309183349806438087671978699970677552657894748694940932565246119440794124306371295737816000
12300007351773271873516693924374738407007557097203889365218930786295520048074023947549949031516607379420590998361203868692074286932012586670074829314167020385315600964399209006299694570756366898235729263157446834754240000
-1782271065271947094472568949641899595175395023384843569020223070934220854965926069999987614666756409278043635662538440573481564176448623808493842767622801253832230579741445385012825743302597563554357170231514046355889376
244715312766779857344165712669233573183319324189660754280985585174796166000111701976797672503111993591890407695742631987882149847739217891388212095111838143041168954117322994112201325003965891001381918496264221550173440
-31760615293412275463607841112952478024768111491086074606640348797356061323443294332478334825438979300767584271462935121711339499886947087631707672578382835173658139005819396970594788431120830794519514157715446586656320
3885623751218362883892028792173776352799784642767907176657891902666440989281171583857755304592475852108415368178192631300436397986365058853482126789316907979288830259706166789462042541127222510691143384847453910415360
-446727323804266638259098055713798192396313536935260276921638043908316043878900277857607450130876211139325585254645263889014204559871978340528129297269868283413519536761794734007468425375224411098656060249352902075000
48099122550105183002452309874005941360295365610788142259039254477674748674991294630709983558299985281069444363456350046894558160405028057605264638983660314180809585382490040911785044327420023666370750867589558368000
-4831178687510564805609637045207248050894719056446905868963477597959449477639936840550935488122211132133561068801603786909343836757329327200836365603414554817276625982766444901270220234732211142960153273417059640000
450675582983298345562498582493842108281959171389417356151544260854327152621357517874182482695524411651245837270461230299599475992004577711697241629993111502015895082605466196691400187840354808739675408544205120000
-38846920244291096429251885953071206352479129537561832952976655222274341446542844742549230066213770387841933835391312617640252521363440630255400834968519910102715193228884477676943617557456793631560189488804660000
3075823640795977094973285342688265937984962655438961229192232103563997249042887132033306933322609777150270941816260024396061091332386665040487953753752165565678269611863791238442137689533764412339575753661600000
-222157043608375411198850921577515649069236480659748490029378595534211289340340058100345300980148121365244855433367958681925702756900060791321819843962474310003880014317862382789041391290883025869396413175496000
14516315129133617299001642087756525492060406300282363261191186234387727056491859753250920712094954839469685862831086308762010746617677486803836823583739184243592618877895082342270464459201008297004635304320000
-849558753396965583419752167303058490798283763690711533314905777215923745077602369065073299811030548574732909686767532678102145211629978656326618835845682657747238142539532833085910133383343033654209887910000
43982912933983295114832069252121718761331597234219895037952843267147416376951884942155700034108207110116927986723197396557422046906544434922155076967298864335595870724009743178063838525659299030245818080000
-1982880116754794786658977522675169782690159334112006911474100250745164771345197863684957672234279084389526399661087796946100663297695545592407190120488087264916666450649349957670633314196880037622648600000
76257702449345395876952967765466846971485492758593281674831610550199534063525069768927170342615358891715119587873127066226456348138132547045863819599723265335570664405925114018353607729657790109025216000
-2432310349915529220758844759784208336045718779403537114788682498822159068982608428277049326442376202432629545419162691334834796795585164259945083574598607996452817718843850025521313097049351681393660000
61770502373239166191091281901196147574248667267440483206527259073074166764955534525799141011264357975580119216130155422847260908381348597273132912879774379354432732124804757387678164014667729710880000
-1170978729574576575178216718134102833153699370591386874598638855692844207986430122285085175809835194802293110807736125406413899384587687007758749594463505055401759695851140381236690008466022288040000
14729147451926160476293642939944100651887611111889380012836526127758577315696883447734485952738171296930407344993683636365697970855949129528318309380934606292334513327202559801721319668994099200000
-92201010905123719387736573481486020682226159401573169806916144998957500579704123925759819293995779309886631915438976669046996087096322187770039417120889478841664287526726961258821932693605640500
