-223
11089344
-137854407600
761569016208000
-2366242531421769000
4704468751271504255040
-6493865712692635026269520
6583984665440206287858566400
-5109274975141997582601495316500
3131670172417899950382704191032000
-1554216589869279566375432262967271280
637203112315993559741755733068433005440
-219414696695753754581909430723598962324600
64344333539890864361416753767228192738504000
-16261060577711296859255388083429153423042442000
3577722412617866843202572140809230271352413550080
-691408831716577055991253326258808785994601388918390
118281151003694012623555586332994831763228694353374400
-18036050201658958931070258465375338466858992730026118000
2466492316774236799194117783708170940254556102758807184000
-304173998735390817668616590381350910779542494982472998948840
33995755214671071703516495480081686373020613362122741887053120
-3458927614765448194296838470902112903800413440119286000470931600
321699884019773253609460213172748496913006316169884444656275680000
-27452281943097074192128121281389074424939235171351267548940830727500
2156826964054141969808414827842126576899545926166452226757104883269056
-156507149508502701250018006730976087243570157272548788578574357749995568
10519684946387698712278302235689750720075360365370220357133255870713008000
-656742321047124889633241712915605674737357797299802851249856133408224715000
38176954329788158863721665708701700626111709862535983105711018608871926120000
-2071269447743584454618516905433550377636009645419743910076403697391785867237200
105110997323162462729277661232240775043239249102840864731119724780855997058713600
-4999444457641238034403777822574498973125944948783070621805845893995694664789693250
223299337391799649213406568677707649267994455747298948617664227992608437553141120000
-9382628646307858443981658529742468553541777421291999853984259988135786883450452960000
371506138661646013034192951287043832425298262891711968096042895073092413873372057446400
-13883608652623072028769341982781939765319807690304232832404047482311022284821781526467200
490439236260666006801523285819820750219770562383573922406909960733791846379825679050368000
-16399486511666383752362570537264574047341843216544921636715822336586661566793547723647520000
519780700693236704756012360592012219378208795386717674071529495859414714537793128640104960000
-15635328339790493352001324314333097566533631945729584334617901941386106747493403430199757262400
446904376008479253168923040246922469885073139636177910832671595764259165379870938735418165939200
-12151796142430106223496254889707276795939644638690064338485880436979983484946434000251889075552000
314671714061413459156841905959537270410811349540551801258358007205301032590175911266663303914240000
-7768132866806370585476727898514547915673505593280781114432181941303177815383407710313863266515120000
182998029766978322177571272923821231491006869541662411003887806087865083706197571068055571983129523200
-4117715118759517416748913524443242105378690963840818702801564324792778936910767935379645533474832697600
88580272722250913374336066401784909392302125215806113516129622776891287950203572788248418175972860928000
-1823315726498589221691791644576670715247364708489411863499326111195342591596529704636580395831385820100000
35940810788723544641494841713671250150448678435396453425945900121055049635602064915052093700086558972800000
-678979421096249715949263951717991789342216253530135639541599566726923575695939969549198133344555237490548480
12302553693742428532586278937549218396047661513405702583743369619648771347711748898467746877455670600713021440
-213952510150975481414522842839590234864697219921561821006113889187863710290734094656229954479420454881113104000
3573745737374072477027202487018004207850335905560584066075779167210596399729883845236849221849201759708731520000
-57372345405930197142343768869949873450650814385119211894789249024221416070149194940697058512492003421551731360000
885791080938368240441660621918062442855932441336399230523714739314789096244710082813327411823942653818232086425600
-13160607089974933490720119055174835267852825331373357572637576801305474605015872732309108449972244920074262628452800
188274859200380088842311829388896996999014872699979581402337509918337476036053482486219563174733746963697053545856000
-2594935745191921170979128409517303586759608969302780407764381286374469998933299558702012498988266997018969645556960000
34475894381969540452583375663130208641326743927697497356589228880277646799961860956866036786328460809575785167399680000
-441760703318298036538116259990148165115489269622432737656140149727313213676511301133131503032373769079144831663049955200
5462114065645862957550565140990791932446501025742780272529883367012691839513284585469796880277735116311017311247944729600
-65200079058834657077837586236826869880413033185797989803598776871846348869944605412144024415073849066579352062073866784000
751714693306191460791596862231594246844973645397358531975983882503322984199714069957095126539123036857311955243260303360000
-8374755029209334699780991116751547916571455654398843234780291140203646908687878943933623513027295298073661243558519878717500
90197598307489128089664904089150872519684619668110050308980442140550709806611418571539788008708649761785534018198080132819200
-939516902664303078239753373103085982285502811800082027701875482379065049599490333986794031524136263921371679294697311723233600
9468421625425054858446523189838184414924514859843107804239885681182647102668955827481078633582518284652005963754089191882176000
-92360111897663732567091355639630473190997024816873567800657448886190159508192744939129336454960961771026974263652290873669020000
872348143628259341751095164965953185980414663298712580730931350874647992599120217270062592250931428044432047613508972066193760000
-7980917332798211843134662275563003137615512028779180873793249291501958134739991881632578764901429589347723318870610960970489809600
70750095966690436589169170357143321605586590268217424099994589235992760389855337672365935299725269884699674602993426428059759692800
-607940398309457079063375905393315829652942643421632939146269092885281155780498845797750885016640074655468172297519710694043594814000
5065219306612853126367778232213027366596106843295271626589293999644676921871673626087472188917023703265675896042386030177432090400000
-40933372895459932323074012072703268819206997103058008636131487831679307491524319389198120302437006928527384117524417274185884276200000
320946751676687085364774440614134216533743182263692517846745446991712742685544636860656692945543422857914977621208337681901198243115520
-2442273645506479823933159797145609629381512134701536917748961674450614643223293529074869048655725426744102668176068224745949336284566560
18042095745181955859044088229883235244882818603462188732906817564671432176282721634926507729991697367413003350668205134739851733726432000
-129429202629596723120969630307898389589564532864580412105147608910270325005565316528002536139955232018530659309650528123885737823551960000
901877449760599630681738068070803583796023458614784964209046501568632573921170403007494679002463247880445651667694626991114078908929280000
-6105851253230784593407660742412476325359046943487502767845902479135512624285998811236208897890270323033098381423365702015309675788280745800
40173355723131612456671528567057122087044556996870678171372034479396709185364730480634760814529368892652460132492585067001507100202484870400
-256938602449921920538244956279936278309540626658302128905391782091977316852559523248021696732426458838268745984212317193099317793606166248000
1597800802577247071542809395708008442848123159535732791741469581190348128024916530112534400931506676822678629403927372412886452936288018880000
-9663117013659136094663592027075941649894835542356622083614474410166627787302616651005127620599515932547359006881206457337741440780926676540000
56847214608798328106239628445513608842509355002398043604422092779200324909551614966688158392520667847334663976260041420440603764560900686457600
-325380359117666255235457300024868523949425165672865924811519801733624574688486819413846648084177586801138227434696637838224997182957897344484800
1812397402616040338317727542482290523148073059158148684113314155250312071458132422577325232293424106161446382434510536564878568005483544991872000
-9826124089467258988154673407944081561773224094622271759103498813040334752088028120081224157778849573500558673361689679452017907762167695826930000
51863476320218048703038831692882989765763786510285057152455381691148884650334084035393993130718109199458573035715884625492988850867403992820640000
-266546253794365080180099200560867405056664280078599585703650010422325545568982417815977350622057304674600115667137847046252794181822118619398817600
1334115339604980538981373223625991088611112315022074100742046326770263158162442126993917308124988668536749860424046550461669582568308558451496460800
-6504285147542476599842434554929882120928349442271489575510460972846752034684921357561908993357473701225068878827774208979300014730771817639532308000
30893286375424319426699874149210262172243796402880424530231210170487290274581635954288729500187885263767583482743087582942495618584819779007051360000
-142974101375082242453150515344460757244178991206766545984013680115633404390953693874912745071433136271078292367565989195254354156947604710608346680000
644832999708736575824159399067139131619619020285897560967677876501578071172230377338997049904444806512794549864754130105665732033728011317518243020800
-2834648363411463204900626056250760377528822197140035578068959831891105945898499270522437877905682774115977169994659730140064648641755959473374194824400
12147201829392092296906498308856484049523021680166461314458546117743585050337707576518726244782349819572345572769123213864109536957763873521782074112000
-50750361662261318556161312436783259317691716463627578117726901600839374234152490265286744124520177687457347574693988854258371008999403938469544536000000
206750376538186912285522791855512904605325462193625338137394115612520613653835387339288758229144133731741350266542351491973088220317130951455155008000000
-821398570948562783819153499762767218706497528749054105886053081916983145985322610360260307568566728902835210473946108242459882190497929557036185331283200
3182849006220447967728997111912818608080622911125635790360151575533232996226627991600859664500569126563206567945705496187428117167532806541567133984409600
-12030520681432056548533526665318299861857986926183739663198093109173816568301821008237582305506043916003277420652140391923357430566438640642745823138880000
44361765393309647674486903869097171325844513955349976022651465965772429461020571009732700517616781788486022499378992565938518492200874693368292638438400000
-159601458649210273664692020179195472245061720741913241213890208499084924890596660475381709989092254968135779726177398087866639246210487883047371619781200000
560291596876102896319114734604587896396632094294331980765751168231163984849492348937793533189825545241426505081357824543563755590506188029520677657325312000
-1919482417101444356355614407185333027411495123324289866110364873506781351798817104633542761932712238606108086516260834830491246346151183323276917502974656000
6417834476953733073743813390431875996970218649738301692261749266996208415307775243721898587368698095365692859799324373946301415855591518701636859290232320000
-20944347510737641413928177015328305883459479844160532743136444259963192157809539150572193906737782321681678558664376054035147753304448830536506091296527200000
66720113171147062724884575681857227596765793547831650809042011813070187424356151651448227841276961982241239802064582517727655261936434587841569105579577600000
-207488523844387836634271214738231869193280995488541916387887757232563477900090713263830195490860396895021125000982493847898672714992239430238876353211068224000
629959475689543072219366739787986183165510549406328707754086942825723121604301063369317421712694239676077448586701820457933085701033170408763565183095498752000
-1867430094349143745254875017459842651547314236262303332097873323419524416203438699090247793876477622955591511933713902561243765289614033932547287255533013480000
5405295347101915014850041557311910439438384695140945348448382648099743317634826088055098947582004302955490820038379343618417226494176105736310418745751443200000
-15277986610118085891080838452195937686356585488351211563908467206267149221812870628849488276510446603606036033584932935452086794460647190828862004600468433600000
42170708749773202825558784639618942102288150976693582376477481050856409466393726233309770891927209286807919801133035302513646604536216639245125037121776914944000
-113678516533927124412269158385322375659653544915101539353594505808391389757320127204283986293317156841586182739781405285974844180019484702388408180106882731552000
299289483226147531873634339119513362464308112991471946694685220931728079980554999228752638323555433747590475998372550698117713802900301605236191892106951102720000
-769610740226386984970947824775508183211329501986473215412467993066685141030147353302606163112245210092823685228506835517531222544731779587437650868779760430400000
1933021312645443985696396598518132551406014245226670385268742431847740773685494037304363816790928439558050479218101202294156523089543106868581481964604090035200000
-4742479857947978511851944127017160063098824810389794308413847317690891235662140197494852033569910475079608706965020651100712208627115862677785776133854020614832000
11365626204199075884424630525836904056690906696739095874163313618136602122594984990758784792971861126261410443957970398594480566649015872524974203468661285112576000
-26608119126936092394032266237085925951047745488301115005053793538294134705846697930864677244766494285446039164184055263304533414732931878401822502006550825030080000
60852727992067472855675617146088508024737391360646346696732186953861924834575698883463403573859521599341196052664968742834083954640719346467252202354858784192000000
-135956930587376033754619177667766552820876925430039278620762280074532954204095927662826372461810363261067124609599354267857653882269291864541461687532288229276000000
296747210288119824330722075851616673113803946551427811717278515178359799691295201088833958812005160233947725931889688188865115392058363503892608601062474097358637056
-632765388629612018963714690967799145560695704371723715675549859809335745713619075488806752813228186533121212268346032644094907493534377657928727574437385715412064768
1318179493952195662296535037294193768419578130503435851367008201971212167894947047952378132216781391748581606560631576467331445953422722382441890166848295618937651200
-2682781691030027121537961475743096387204030319924137479481987823164677108060120197385989307786167938711941752365982660968210880451469767934724415747897730555021727250
5334287638531430647043330888130976098780539344128950238633496369982142668799546727426693961662684018754926308652462849955901785492352123155108555271103906532333328000
-10362090466588658977028728386180580730583806279787532981307636232552885306155048491993546512865340452763637620517852242674692290883338926098169157455329594529584072480
19665087251084403331033834047032757603499411626369114511696701638703010818184116268704960248878177720739243052562520356589323380309339907066323239904735984770088810240
-36460092036632326079490817773725507023705721567369963515860993252886866648383716486484948395317351427254433357038120989417934561575598352719098500064422405188115186800
66039988063412274723663621542776032847505869128754233198495461802391045701521526159024124969527273431467694316213544943238771177165592810284352758328005758506824048000
-116857236619447438449262878551939345715293159936951896380919821109788967201740000593154016632701607191914850273393459761724519748946445776407036098816870514871759884000
202001118379098606359702481530880501915752851064676682775555448243774574635040712136445768998443425677590422113195476342023005221992253922629753923573480861482574671360
-341106235420328004564910662070393096687646453141384452483181407601525264358576263092431374520349454703080755507214225377941420961206967277546231849857835626442758148280
562664449284104375370538339693077429455460290332850053219633245209825892937371256078729572974053978241109286083614066689811198942882823107934963933699109755163716355200
-906603582560530495602025254856231932516320048774601128074167513613920790001220173953781608207773908964946358090511323061166595230117592263546753219153391243289153348000
1426841350784152544395548053913788137464740957669793028439484796541178167918694842378064859085036438269555864438500507822781110074914121709535203762124958383413724704000
-2193331788662027143372115679406557285391590832328224191523124358928018215368487597245342660172095043297114726513652132662886329869749365968703375211686881180299597530960
3292921242793832612814793461039531303977073746961060090970384581524243634239656848376791294241571995992771005330692060546342295354976061336645960631679997458356339575680
-4828169834516944118124844707182788286157616808614547787618499313269404039193386963016258411736365605114375856605926937614194106435720454940385728331462959971052627432800
6913238434869975244691449607624433518445646249510194103451007867990031310459307070131353430272423341862630205947554439500396275438304803200865280724985841261304754816000
-9666064908477295151877854864672800974165442790897427548290657364806856567522506263711339217008505495303975576824722505036409587856036417785623412618610845664014696970500
13196419839854091797360377932726186880496783346964078970089656551696361993539406411109169126516629809141751008664772165734368647316036591491963587909850450127937115902080
-17590067409916227727453575633446666721502866637140663153366363839526587226610769110473110451853865770648553734715339254316504802786195706232931198315001915907537871745440
22890124280015008732287220455019680142933990922134085236367353934355483030787858178837700305712004510650068537192620659511320054345310900979685561415051778209077928339200
-29077689375977794830893531280173602993843055944502416074777283748330958515872541719601854045217153282908973568635165716348725370350542175847322440941098234508199112310000
36054710740143089775453228641980944246408343950284334476215894195038720148864435316301060229572442483307879122444432315645588576866344985213508047125199414420147973680000
-43632609721926941844258487230777739150464568774324095264572559246075969374819098187891625288490134950132899583335086556565054727088609226772382694007646882455387074459232
51530148440509130739098835320836058060774084818867560075628695029969462011540225253433870697270398400823591946846507205613078097058991678370541694848380125904945534890496
-59383232437177787652722753220968665420191742049097506363123874877637505456079401721462811950953270317777360439092289402244122417511930983233019071387557169850206668389000
66767767856231337136129816086799746843498084101509947775531649655235983750011100572809654857067370445721736373057758001925127174544577875120383696822611162820173416720000
-73234522906229793089987557170936153425531947281690768741984516886559860233135383673490367338374662987205242379505458715806979810736553561541007805087138816766789133460000
78352556785920108286578154818803033825176823014717149625139230886665333920187800289007134321148068154968722169523759035633823477842762653313218090404154678300667966137600
-81755690107859521273877345714738060401163505375275829241911591465528140377848817091500581928702863850226855771314793441479687687905213348766541213413572474773539680478800
83185228930387309568292581059094914798214155333357044804541470808367307423280795677505561879665212599443772272488742728399146708290914470650527552128378338566285658096000
-82522119630709891101536843852286715469386859350688479994570963169733070354812886755064302193154502084009975177382779749591606642798609872843306955153793044167363576460000
79803045003425316152461245935710835006351407673969857161792290952637716230942820908500931925882728806213198573500027661801969827267133980905548373861790765547395463680000
-75217487222173806775106929811826825697978637334578854822534616734226384958453879910203866657797826693949932358593053416078895701645651399424608465348091772730199419653700
69085989575460591478019589713358785008968612231844966460202312997510195327760116234023905612779239147006673723752301829790762272473271421530846739825136720233038377497600
-61823062992672305702685949718725463570173291352876049280515596736264553317803929650817383909317193696366854610666164017399636182328714347456635257003251633694288458144000
53890704915890345894621799672011808358809643860612341500874749535619972706550453939287538535126884941392463125560930356542420639946291704132472902713512282598506556160000
-45749794220126571527807092203712285107700051988004223434320090576547101309067017950466700155136531970062987453373465304540938818853869663907523564383463189640530197680000
37816469022212244836061370172721442206195848298918165074965631527442276138080594011287515896829844461131220189190687354027154717336546663602384216451256404762919800499200
-30429110452515318070474261897218483743576010463489348026100048913411873595937763500227830235898103543208830935365260222849619013917232151693121833044480630817543211513600
23829171798305229540648925376860112767030014289598313345405897245111524950169627983971308126932288048466451562565071650723786412705810541538878440736184767365453897216000
-18156403752924956110815445728081658342367504864576662715878465853745866781937282093087548939543610206996564656071494680017539215038210590128740818736949171704722436920000
13456628081716868140252139461924741563363864814724932473292789649945467877176863112162642622886423474727890502423633604797145411712784628403948939148620148686865464960000
-9698550391490679809457156154063337094232039454183585414747941716910524235768750234021995958204197735470838452421517797727326705209882042388437801160090279480924594105600
6795386629077700760444520203975570274157040605222574398185965934682904843966695899409823644597913997617268158175577327719211707408777513917250219560477741732676142540800
-4627266888952483836504693736786366386320091366691750988759338958700213564146467309816485171728805350256891125150317917350713894191110837542692187433944838669712036624000
3061241083940632161542080790817269352438698555264013818618560973713262339874371102755401329821589292495119926425082520750580878244645480415159387590367463184880828800000
-1966915140900287932305393632704727860780486292626200978120850397068440094384203364443811007696504706926528204807343449470242100161616083053114531866673875721214386400000
1226969693118664511306522121116444769056339922753663460768023705652097291856843137121128669094988601506102688151493526814024655722041262061933061772438782751937294295040
-742812585713272068069835012180290830130215088177926487596292244062944877136860128823364086116293945120220290253904897609226638970668898096830795048377598558467202993120
436265172112873250103257819404301167429409097720126635761491821978300799237710312182000676195850764155001862193873092534385717931000278495377657406560943964882266752000
-248466261544527136665613159675249796940527937392995996159453349564399631430516430479870035410747602549457410784258299292481703069842823679115320915963648335005065760000
137163984713323429148321387233101913432291693661474772325096309325398729151492607044971791964835791451415457755749221244200129955350328180649536417763646944526375680000
-73361564540036472336767324671679724008277245662336306469802282231476375847722697144515931572797513273505508254610439967306915185069933242051722734056365367336344572800
37996368459916939733532797076678415096378263923522555727224600131366293623032225058702308443796837862850385032942521454328736511714130437139697547433485166904645606400
-19047509306754038892504289803714680674899199144127884248598130816970695133753474734324110364365610817311636380630677718546331052318957128025138201157258217499445728000
9236810628614935997320602777399337518599032341982049036914618067652186956079800223518873430598032777125055236687933534867939212567107520652400620705123277858132480000
-4330573461365928611929050327435600319964627846298471891627650419064365653173873728376508682770633691850957046666693318731060938122569047593205194129620208809136840000
1961759267933304812252680680104062742461112932914872409285466533153365232631343704448484751429537027274134055559398486884042915548643112166108205399141905547899417600
-858113741520253836392063149844339850897907908827632216722076686501615101902246626182764474025412875295972674956075190831778860012649329876567102332790335780331884800
362199628952470663305981071569174302932686686330631459830645768902852209216081678127987750196319426902929928861324882515286567353561843603709869611140877809422592000
-147415167000941899379146042171869973621737720203319758648252585606256480012826362038000899348518983589821384865045225073064657972526797200072614145435194864433680000
57808898388880326040790508629197239452795330046978057141309655921515096778356476006503642061365973016606980744927451998082072978896317997217804063415251803168640000
-21824860834959832786978776789676708490364198149868807223792501400396932243551811952704657552752267208956690874587707570134641901090801052190621927431758083805689600
7925653253516840677664944352118555798370244705174253943170501317191375191540100456386373818120721361373269392465610862891470516313997213328071031348261590807756800
-2765937747029463848691392933214117305393695695856846163706827784441922792946055565630715580786758906089060078506675448977288633690852163342709250713307979756450500
926706839993763828067024183374377405334729047338007466591350391952406680876446977343588564745865691642499658507968256952846040120857875339391968882442041057760000
-297764529069098362546883926281920128672358336950221179017143168505698107977438444495058362032940636864511328789904881797501518843169685579744581775304803977880000
91651178125568106120939631116465304036325627236433627329826262832102318363390915302305406159987829424385025434767830021248067759117896121639200134074094037004800
-26990050451232611009636350656512182022150974097401437577632354004049706571351557289019706890044312637392435254673273142190217371899749032280931672136095008346400
7594407249026259687836041876088356507044464870097753055934069564385137358838388146978669876556569197874858743616999734925331075295556686142589962630476371232000
-2038851553310921926703253258489693710760202855774381463975769874634057001881798674802328855493263208030631779322745694574255422086668047180154049502238644200000
521438562963890236954888740233418800095435330503849283279376714989362120023707910870886761658437154893417809170999934209945681040725587279124269926483497600000
-126826894476892202883352813843273287653212258261798741925626401503287601642766356621571432604373376998951546635616458998214038271130480965965000552868948703760
29282474980333419185067573761294354774118560062029619679766418485252017230358767717779716426167541908522561991461358123198449270886986125356340812285872961280
-6404913469254871243670426816477603086927951881031623263452487133145629197651014652514066491117177520183410101308514391960252910074168002372447351966753656000
1324221960204118105172948542221096806538041447897047494591356023548272483292160567823044638411957399402136767772781252141555359116501525885443748665503680000
-258155823797001398194639838596687773727487751508764569483363884540732762806355697009524249121400672369990763094496691143416922061519052275773864209035740000
47324984331519304501879959941674779507354328081463943921471394800756816291735021767076140755057008445887182364782927033167970673692868024570180841556486400
-8133214976194040148275298045400937104042207434680849821361364932649624404176253976512543466081411127247036030407245896241257661495948876029558131715323200
1305900231889075502815329425479204818684459080739439584843664746823249455080226548073614297804852121530481642260072621674714759063038303509611891670784000
-195142497206982089628816215230285206009500461283757325166750475873990100940589511679361973819072877350558520183324923703934701306918977260300501101415000
27019111813095571943753129958397585356229454221381477132128542800894945868654228763919809932413469522588263319721369441207780808686751092472640980320000
-3448765995372221643342094524621768888213505619323272897432008331660717693756341354015977553504658048586152703553550761554616738596320224479104219460800
403431488598605833618418909823008745756293373137072510721365184773231008941466403982731993860251546843886778825877504237920171932562964198629293478400
-42951665916347652942865220797060716635009429300037646044004370085882662375064897273437446391538440095407579135854037419420790821851944279335198676000
4127692111249438313185046235869971225476451139504157833583703709018237297610327582979286875776578695055589610357812672720902995068757897637185440000
-354489760536816335176801180139675885007399823820199422645748683019668252500249331466886524640345969247393526455089467241927493222233924609290120000
26871435823061210134332316608100038963027127802400838874001154901047432271733340345267071548724116305957099333664326516294514575461496416029260800
-1769888594913132260433882221722638454504937494358234264827793831681214835627498175604546272059953905354213096972532479950553911402460101304396400
99227120783424348946578798983791660895177960566283812761905661951589695386536031421266158938144329039374855613996596807523250145522195575264000
-4603901214701007689319212434964662323749419304954461054204233326387830955460650393146449803438436274973098994799732681604847373345603089880000
169714921448497353990041233189831800596087932510987826438837482976870480791777275183647614780324749987540689785574266197063659141282005440000
-4660147326550681476296793365894348408929769882378157465644938323889687375460165262790654546344041172178544973657607433386314111544706306400
84728216579861287667155719762375491638779624814229926281048816191602186470560118616697062655422873423855939407627923278537436396709715200
-765036449517861233095615114322236299392438378425702402302303449502129960624122489741705074297199469881013980934875940649077980613096000
