-335
37595040
-1054738245960
13150945223183040
-92228400784259108460
413921062719754878768480
-1289927502929627224837694520
2953038929972119664763126948480
-5175246866009420526867141901069770
7165097340021734019320848905599608480
-8033865392499369269163501835403561008200
7443210297196275145043844708727940522836800
-5793350370278164684247633047214835428750495700
3841299817111775277266584430406542004757784296800
-2195596822506199349678051975275584154341886821358200
1092919307203085898506408094359401890161294773298304000
-478019851203993456913531280927061993122929744029053908500
185147508873253327311671409902600731011101258919156326304000
-63945035155635557344146118640465816052077907328125037252296000
19814812777423866999295183976723180185179066552225427055930304000
-5539478597088559817990459870492674060519122793006520951323515612000
1404138493190357303161554571798533054832357420166532739280607413088000
-324173221833850651678874523568884053884343905964521766156930481293112000
68447735701235883534827162163610724541901090587170554239441412171106688000
-13267571602964036737465135118758635042324157748206606267846170533840087862000
2369057585425258399841774526805541873157401607519771615186612210522486088638720
-390926042302665901248446903388507973977566556090566573820194386792267456659113280
59789698233989077264193190590130432190127243810526489320516314608766326951528798720
-8498754797058643825763971112952455986862206859041941959652625786116745206384337829280
1125594892170725307834594718721874384828371044931661906342387717670425146335211753598720
-139229834856562216549651396735236295434464896196685846359518125188511199350852720521530560
16119946249199311615172125917116889880562229147167590020130514756477117673853566177011005440
-1750541155133996729412847240341128194930078558002132009598177120542003869580264074658008609310
178648431420543489917379422316392674997014885787075246114511489870115832919809208632867258773440
-17164621651771924638091189495899150535677721755609567915824114765037971839593675600038004813760560
1555324900691170314145405742077392415885899685610336358086919786872828468730528972738137579042793600
-133125490670347864026107803675079524152628831963787810081962905121925917598617938593263011964226891400
10779955729548636095309135634919368684780001312036275730055573272604981388833009642582004714613832193600
-827018196450919290356261326019392369992114491238705444356846580825798090883870942669582454494207025096400
60193440118279138145693329280506780360030928756140465162445985459394577155297862483427650257939970089593600
-4161812070677893535854577844785039110830263433530024349122241963403453186128016273268239881115380744475807500
273684326913157086869427991239689091890315669837086859993675856991357126119771226003667049029160409885385880000
-17138007049407168351861613004720689784181496148454904558821671677506972510383247956684277722681455802919279870000
1023052821030484377504098105467307114991247603505602242068415810209037099949194903443474222779171641808014296880000
-58280719307144158838093737579485451655614518049085416154691896328587031361723531356341595328559948968679797927995000
3171622354393721631584162904325578653061096241486031042097307148350760916573794150848811755657929074740006781069160000
-165039775907343239665453966555947608653073840290068710781801697919543446957950803476281575427097784730882517323603090000
8219563597203383365792025162797253107096682486804979305283248346906515102094122044022903486730461695315876426380044160000
-392145247468833812044802603263818081069954182131983563461822891293537780615142356424063183231293003476916863135469112027500
17937092735534029393589504831672451868149374468331096573773943029330067979290876364813125795582475141128245554764581324160000
-787259000162588550084643367062103912493076045415051828622938359557296683611076563651648091168114833944118697398617474317382400
33180500051450829378884638397084228874717788697646921053810455489469085599454308809591799441066290102379880078287597848738457600
-1343920690138663566717760533242256594152354636078028269502357579756709957077601832520452465453040369194802827682742605026510582400
52348318345394094986112668745188589357698125618053948428575990369049546694055849806713359544325334651412796793782472364393265177600
-1962325901926160195074413480064409984259473392724231498209606629372577811927486586598775932246453362623896229331813536241242600582400
70838343302590642413925934553068948853267601482805315571731915347929089938010424878210357620268663536703956443978194432245848589619200
-2464184959354690877006621898743539082096335898647241412756588939218825412068756135057107685726239871350605199144495297327572505354900800
82652206873079960914950331805932876272862511816245546382444455598741372147000544344100759359711516226624669800544942912148212170992819200
-2674673570871093229834247345637829620671844797511387165499193186960340223928247995791662534083696601648807425433151911521809311874687660800
83554927546913577186180808202826815360625995593386465361977668463894064151351163474394872337373600473914942450819497692194091298621383219200
-2521153890217635367180247303064461894041110769814334666651340065802914644011255592335039724346446486521947395477852204670717546475763264496000
73516603521680813727633849333971075880418350703556723641584789707035595413544014187240298374223818751297334103447695677396274297986083647104000
-2072789543778170726486650422649614769769932691884022181321176142881952358614805879715736414697385978169707691848534002396432259284607110238496000
56536131229843701226137270887970948983676954772637113948376226889349618174402727466492003353358583132461545953327008557175150078386099099515904000
-1492479329529240617646727774376320982093751328762323851104485604814083218647459110894607868797683162971175415621898463935251904986770143928602339750
38150950908676446557596828315418382500858022131675970631783300667436920145307830527010094634354977893701052044299416356214723251732822614032911880000
-944744013674935632167450016886103191456623964490761082662955201950356551688294391900379223625628354089907893243005909763206148402471956508979837370000
22673856328198455172018800405266476594958975147778265983910924846808557240519065405609101367015080498157789437832141834316947561659326956215516096880000
-527623186585311845796798214188381952442513123891887802364792263071247311340201547731173208519072161912256985575297641330955422703742482659114564779495000
11909367385676108421908658535925284212829706016785933794020171341879546537673475976765973047740720606540387460168827080023061026136312152169520602701880000
-260851602993405782934968730075139005743254734337051090702696916176984149419552205960491440275259763081009609012779462523158168291853000353386489527546790000
5546343625321405562011840580117774090772667217850125789700032982248337447209935259605101078052656704240217007027525076588412043283866691108386727538300960000
-114522794752706129005268022287111623543672274626908818413441595380564098897916412060839047935153245809910699970916919699672109090499300633281794695684273352500
2297246888325253211887245357553590563018275749393515678949756573428556936722025292485541540265742421485497125931907496381337919560520405422272607579258037960000
-44782470431306145930560912102536201426522629286341929366728919732820493871099247251194133287404627054630265284168223763917356021761503425570156790810485079290000
848677572973730694435163240912063835034188850119831052532142727736651492739409734573741263722192576715304227429748027241527138119071336029471771360070703902633600
-15640733892915626504835299832383705535933928134765563661875703120643839118874208247167621845907838919454193162338858682796627826460703713469743869374682541504751400
280409419780968027484900157021935969581317730648176818182280273049748275085149745292786225625336421956873489017367401340285098910687630616795394558787528323796433600
-4892001351901993327625704728215862220139816773295222823584058261303966414499158302945697365893956798639794378335370372396318324043276758924602231075652045334660956400
83075448049988921780977838473839118977615500865393509971916813133478541335407593907930906846163293918769422751721822391932607155167864768124506146182007109878017433600
-1373665514045324632417496836952191369657212559231291905121577617164119787003048222704185658905504777961527212922025289785354398780568638919808728581204828500443936704800
22122693625374970577619628986391761756357218085446612995391918509378075472319781649720328221702675942467125655569711967669514889917696183938830894193633134990231386675200
-347109800739245206857443259621254797301820771152989755744622664285826344498097751907665726906284059281116035661549699925803315050744625981815972362927199490571743237004800
5307469584942536378216815676508128223049004608821502237061340247526753349405084162425007549629893695519761755326607517982931919608830878563008747978124471699646559096115200
-79107322672735488713248907012851946866474031420797699655541963221675329223863845844398472078660188501150485267282310949368901226380546296427588862827575476782898097162604800
1149656592475740666420918371813073276260176235181143039976734413602202016402173538223091981765995819047861723607562996496018633739786485968843851985729470596844885841117440000
-16294936578236806154710445105299169615613576873689027006181867474784374685968557306434357673951808506620916255280857403959050480842087281994041665739864071551737768772106560000
225308876011619921380284891391226039806005350943691215531638198235042081798748227435882433178108134637193633453913781539006260684768065343422965328269416603556436507942077440000
-3039836863968241348880881422707475189175005820241193425873074714591352240239542039091997998564297006072911675735842692274911301989314596480652742828372535660663745194511388560000
40028676209991597734335495002408848899344755343319964536329400963355182939773411544685236616872924494562426388833649308804740366455431090937760849383988001458132972953959837440000
-514566161773503100504652273719237208844971932113974235474728256211031904148630429270413612682949785555100326881148609170283159340391575598011647955815771685410876025781613342400000
6458889641273397690961909906952347836756643220825375912593304415360403362495500705238965409578134586371132517489930084723573567742743863538186539683530319051847373218674558297600000
-79180156907864959571349094264565520308330110732048892966279992845251750153106763785007123093482611391358114502277012703332079036218672734473744511354299318896353413580209220642400000
948221058144180951851318509370636874951508792829540540857372706548710287184435907711399905368314829167685058120920784802904777229203982789438381490118268730952561124405567145017600000
-11095023424679574969551377248225529183381795222029579784823778492232300575114491179535301586252229727571049170899035651877265958912423107358221460375943604099643995257035670162542400000
126870517166419073336033477231786660578947508799274530060256392287908412116544652601445221462740178159039587195211133437532836228228483620982654261584197223610333552412862178479155200000
-1418056109244320998835880257830849839363802510189287116642464270093875610211930134529326260596289389321235767946126697511590703888193128180751110333281963086683685861599014772456521050000
15495680404725699629749161928912387829102850344098389221459411881599735863487066501410055139703272383085575163901473326745850761076465582637060916146956989767294063720497853421712155200000
-165574991546580177187056304280187229426318576130958017523467961963936536239786156959725246615107196504021741867423270956266758741402329712182197862965105502593657237928072700540350174800000
1730318634238029595776661045770216996914728480934317313215353794122460543600026256549627452229949953548405559537696266138625293064931355824971883880862969696730205993015500283659302755200000
-17688182238498257542826917540386043250960811896351058734343954160416852906951268407578566630420663400148575832374100080602097058356260784920775082972121707724824530763600951649707222415032000
176906097902220000740062095396563638529166343781327361661867226670166552394745241448367383776300143391506548448400665290005720055067066985663871881692750231243750409432959856005267097311168000
-1731329853373889147957887602400375455466959466566564138002016809571609816549918803298175257928359948122509445363764334918653635306322936134878998353117793280994801080245425365081920522426032000
16583166592557368240068687586531864669877514671941557304855588662591073910692482714294219720015856771459790724864198007078321029813112591034203440159338079181974522251882283334731306985280768000
-155480985667959518847737198544989817336132478306852938676784429612120766846284576513855633097918640841065635874422471865736451304763122664958167221072329444504886679645074932571354207661828532000
1427181473886394857813243037891425806296290866635239672933386328956609669373605364462783679774092195293953954693111487783449330797462858384922133584809046692416737594565222963829573316587487296000
-12827485748158875960813599248274937767181925803722518630283886790227754886113477407594523054174599208841323952518924531840758674608844482505776196920281311536176033547307520638499891390962420304000
112909660560438368750716331369041412212902939540216659750675952063236284950910280306380090427766565627582606571669764924516053471253464195039051622048936103709465975785087142970169015181730183296000
-973448934809520130310423953943944911997747985519866899964654013668647466645103626362301806713531687763660365179499591098616156817791462012801960748016380617723560355874841236644647319589332044104000
8221509966713785704559311609675213218542380595825732195105903741062769244426923515166973528563473081134309879940384392660511711112235204461964476836878688385224555201574368239194553542367808655296000
-68031296315472544931322402885845514339384781583227391407849472072223947983326092310420927648546920846989485680085205563234192981414260317913569689528304022691785833847738315698293774663601391868720000
551627191551089126598395693361538045983434560448888021362697318229320777479604733883637071325414461512672476047661097036713644640468327473487319719392556211589982302144667534414604436652254967393280000
-4383510051100455614513287716037266738016162342164031158917014618815124714600165774733324849074349405137492433426889812955728062133810853865169763787370009225725528209509136200413120603470458179586220000
34142562114672011402383392833127292716433193038003436677989709916898507605550480639977880506659761487771512840387246709791282805825067920903306760688908421767856381361495861065728508320053088629409280000
-260690389048691060283710502265188375573941929206528394746094254027694830039332767268726154570278660562486876549614196965672453180918410643529872772883940734349232138051698430108585268705028311142478720000
1951481929362602266017946292949236233029886653417490440821423905386902697458899354223356468994902638615213669445127069913162409445060314080110200719509272793994251921899292595897916189171856544658252800000
-14324161614240105767860176680165213547869268346566001289349822957131316329170483822628321572990304601173159848203459837117504311718130362765933740700446742314953795189809098573442425987538280251140827200000
103108012916996351957182436215703081463426563357237745857796344137913024020099553944517809519773004177164035269382432501293769074399714619439261237026752881930476087575646821318775870195636787407875852800000
-727924502855045848444627309856350805151988983379763548949097847249424603145633887697503963918644504712683268530275962173921200357840157052966016867348953967728219612523244626720553491532698350975409667200000
5040829634063781942085582410405563544694911917671995809910622928653878559626681841901562652193909661051096112220392765667919539007925793463883869647603122794385998734727735405319141133653169344682760652800000
-34244386038353435311425145784578073177762483218490485423924075555247615978852788276668081003532584207800241470691661270935015896072940329555863857519220519955611828210051438612871179263862589662749379226400000
228242891002437103437614331414675684241429831459133633604822552351839584569385321439135169499946977483367171892355376918442906304376873787267223459610382844023524666624524252824152800852726381370789933913600000
-1492702986634522311591025035893304607615225828007493081747314704950310198976655238793795789726843505456090021444085242180741127558072377810157135096878142731798838657208936797511143361180142346749130808726400000
9579978134064748388276962580811441878578092867751705219468389754237247609216558732627562694118421376546005467786033490302150870604705902297244840330919435963166107360721721679631302518153685061798770903833600000
-60341525904398856442262977951938562337305522642357238475565431796834234762292826267966104276968977100488038732414773510813801357127677024686905927497997948334851348320664543636226067740678085623708972636926400000
373055449751355490068646634890064967794157663184109391151335725540747972994399169119073643081933004026057250659281095753255245510306150437424327206163622515785384975857676474576604041199968196560018352430533775360
-2264016095243975189759639369175035876921094525707089678007057559846656994837324612336459211218264235632816203311355145800604034370904969041030265935163697768544095303534345593914161171930948335245729921789462000640
13488926200543433556645936190727524808023405018435643232547969698742907221519470887661007152410584660386329336809968633570267548323298648705241765472471368390229610161103383606719277821183979863833694746374861455360
-78905772460100293914947703274872845771836618675042143740883176507398618836526343343769444976451589626225963743237561267700684332205399523349552981240669459099609134976215172622777240335699085335063790172565496627390
453225728912098220874127833052427503771121408535257993349472840771779916042938164904203991865221365472819092508480202885157274875880109851562025849342476388352685509138065684753052084625170444845065640277297063255360
-2556434473878447509161315721048677621123204039563518829351390446542598845964087607662322220387705719745353845761590256806367883286584110745571012667962814302941996814117521384561224258396116725139401311209073523953680
14161464181853081639234969856405307929284789279008586562173566890631409398795526154350620567504041520999494085046315259777434674946438546932985417415489597278414893370856479977969129007643403085988697992470098798504320
-77050101348935605629081403659152869433202898785542528390760807782297305005464570417733768389574761262182796071882216077947691954751912344340791469031555860398933098395923161064706806649081855828444361707079765621958680
411781806836054972793874135130401699628993681926058480634799238199290973260025927356598989681544441781995183981652845222729549812562993124800783668741430539808555565037989256284307913018124389315270291047571525967408320
-2161854485889288607167839209434608923052216830111807023332696000546277609615136118622144695828108319355474715903677437419330136515955713905204114260892510333994916716449443595492616543345153043905169027999750511328893680
11150305715972188152196262589127749726579335090837303714308555503503434584571895481507906798784207518212050660902369224549631431138537015478144677120652728197285167152057486857410477644688306509030775782275805106442579200
-56504487697467410430212126741801192372542955164851299731748842927545059481906314423997328954543954718560623723816942314436224286828716258853320850013065503957793113754065537719411043423388315353857352038112507397370053300
281351345423544904319138180871744484755094806216971765556519786064076460063990437466518960774461070498044736039908154986304639402731339266204696753093987412109303278757522984341482150044018242831802050832428072424136379200
-1376633045468984337815669755923651692604730578560367889430900555830535004475041637973519391090372663835239789379052813998049391104069991817066784716973894194904273724947739403692693143417961766714458459284629290934333750800
6619466717884712019068732622759222444477505805629750965254820415034419753415934389228913902482272240616382039877414348722880835936676078866144224799220675238516983910902374699066609585223452200964755897799244327155082179200
-31282046160411808712563334652197600965292294655431412405955496986865465798987291979710619909052064606484305430798240002574328440236460296172275960307541583875899777283027166148012485348536850005834720154778316622588749329000
145299998523065643768067429964415032621042787468495465379787456051260227037959986448085985859941846688858040375314756541306965720295542960099222940427524773473974600544432404344452741161173325131472330263711527096038200696000
-663383414205115365549100162167923642041550290474963352426533078334411216095101880202204123400719418172136483584202132610060532194808965505340932509358180825768080524733237035129669897046160359300162378318168364212873080454000
2977293570447878516731097681212937560369960362786944918201256775256439129949829828228152263153426833691916373290808104182156359856755226085293629125084669346456616863314468293611452123395198451519961975281344798963305776896000
-13136073083849631443731259440417170354006910861835204649947664984154917031249034585009906558817701947706391641396737203101914699408501103362144523294023500860241580835637412698409439781891556285257995811946130126946078425079000
56980255184165821054377686609562232403587646639684692702745638361708843436381067973978762338367392039515953279209628200851111561762439982241502046345538324777837439819744686710817641289346489094674398004731846258144226034112000
-243010790886532680907882394069651575604135361623526727759143518381712762617656526010810438422717266040549624538359358702907379478713720038731127300207662955865473063265770769571857804089566521725828243958161353512930824007088000
1019050665323432153877952289370889313477917993839488081939124858238571136904140115738608852242720522908530925871996466667715076997691816142795123857449099283109153922018190756422021693524927573358677039868237734736810567274112000
-4202048719077689717421956205636782947527348024177154996750533981052135849904987189263462844385261155479429408130231595411554668987788647088814754470811728284774556765458592371749151816146136931762649238401164190977148796875688000
17039107872899866633088337708042239001315345188438547877459126665926646446189206194597269451958864477315443134882030951098139611772293372619407209426618396788817832451405086242707339448526635338273083871799756998717483144450112000
-67948175728708468162393382260181773084134193201451053702445339560011926772636734480455111181200405121205694901212898981656914518500845460367836082924592695638963556297880949472307379200846771365624553350988142075996718894923835520
266488209568177977148101654104403090929152935960991141892349986615258389531874362711294147724558792489745978722251755560531903157862357109246672245929949441463912857259844130766703876043003450839858342127922618174813849851307796480
-1027947356515131124541896100910600236612579588200289627622408377646227620042857300865358627915529957820232486569676190586485618998089124304586767539366474384206430823747167969964483039163283870424992006093429347920601848710110895520
3900131249359130503537658340743981828142290089520992932928011554061572570452664104987726596477667082479463818495978493021030660725972218558510758502130496343614778932971441343943163979936187801087876031150156818527753163101252052480
-14555435855520630871041263369915208619794482776750445416618543373184167930434931998159836959337233757934511009919908940748794179043475927323124840793770791907446469412142406051233998174235623464601400726980487006707408699313911195520
53435564722452430502636396637940536951753314501951687231873278897600150321097232143088350460501311860554583603535316069679236070411428794584791298980669462902675488122828728978931889239025264914790574156906512132844680427866262952960
-192981523171088990156402459899406469927377015872042728432039390574916979436674664522678009271162056135448791844638206527286258176873359028898040864403026726867736931937347721944006608042763457761999867360139564630324873361470167023040
685648499867389727856590605223352712497868860481561685470578184469509083173606248539009669354995668307763535826444706675062734638235274871790937836868005543112050369237906774999729104870503978942955105031911335634927628281232964712960
-2396666149131881711364122448421526239596079740205157596372701608516016347813333394238203923953944760943909385505183125667867700980093267128158509316733657735038480502726685751211799448009335351167329170813556123170942948704080665511040
8242385256521590265924696893143513997683697517202532417982997850196452883362306025420133774939748162474081627046502973698314520549552194026763713224717817258620531182669552863943621344397913562433933286943310136979330870302898990632960
-27890493079929013936942455795646753908177745993268334793272546436455770743017959353594495634927956428684270349332160941274081849320506203420640885081686754688593887253857422532777976521815205560384354335213446899056036587499555666546100
92861429527031889927621685312584292631124269519039788819821528785613164546330078471224850556568895938473333136405339989804342422119399999229003161378414940652151029881444041289644322585499768553813946859544821618615492521413589454326400
-304234056247665330279943610915306739243891777835564703647198402168716868650282216012588929877471050209033518381392605458899831039332728674504988600002952865882205368855221769323460924410297805213590800370771349931038662646077649553133600
980822474385562931629299180870996802915984573084539510542527996392924539919024934878027678030210405988368965729856788482348749576765561644901927190404340798675380446184006770039157248721761029898578553824336284756409638586790137006406400
-3111711812791705063689636741691749189322503258355542530305003398431434342160562115861363166963110638480872080486427346237743026942141158893435326637046846966469792463282090782297414071838903439924740088462105548854092729438288801331783600
9715170030754634725936423252297472216433894470531537743835639627793275264780451050439517692997774261556441757257899887243642141049843838602093765441652231116618268480403221909835819875346438655412411662783433302207452047833041253010160000
-29850984588981135419157752226330914323314030008906763290492806345101931462973436274846259382654541622576657248703335954167220802748919580875333031868894351735119472128293670920448868958691668403074230043410165273065857070618949406703340000
90269017759557999093194026023157660381190147901723288352648044602549983572782377341440500960792908396917242128675984833828632565550320261490268083319411741114168159540025638450535186363807255421193598370003933395578261031507752775780160000
-268660989258100605223476168508052247366792574188373651676260926681505143498345113345321128160698876780380004820397937996968500713534313077006944772778979083947393692230785631217524312278421671720368603198650099530965472821275607317116965000
786991106939173314499384130879790036192546967084349049187447714361592602697578710931793244859658654352218505069632473813184855001475255392833200079471324746310519444935277092895310180402012210455268331571438742591600270232807058946790160000
-2269066919920644167150905975970882517845812319456864516385608332151546838054524086103518066710417210169501970066682556418118617404772514034872885696261181124094257188554739230640197950934175343812637845266094575309518772219676407845719380000
6439459980256993111277000838205523575148486355384851579212178852818438589963292184303352937584120302612973273281132152176777652840793485334629169543399263171637010996033872997347771511245224401728666562414472563779799110628146336605081120000
-17988217016915162510446275901505633916098095622476998355789402128710403715290576980902291445203126214448307337656369733235569294497566739505783166584507115595161378641266742102954880525311539676286463405370958191702487097803564136133738130000
49462337786897330814918197119526467598623705347568146502991902087752727593757002346230578261032325668890971989032998214653159499481163834219918188955147100972949340661622099238356605556852499889728049464011773709256837121214945843404795120000
-133881263023465760435715792566655915353402498002637800164278087732502585334284336942503952236535145205441480497069136302437963001155433183065400834545030710055232709667038889235172594423916815743933278026367447605360303383750944540929434380000
356725259190687544540552119949032577725310819167844718152003002741949745739676796555373796000041399143315095789741763992781641825119456252673851693024473663363493521920991783235594569958909784969957730186174162435833494077194353454362182707200
-935678285898249364229575128930105498050225295279190841462167225264097200787803462142547958135568299296074645461671248148550994855666667777424385853775357072398646860878055959326860253570230537158577467067938549966071654192857826181994866437800
2416056389160993985403801896962233533476045372878337077816830408087216545530663247262394574398638103350099094106653812449333884893996321507948645600785575209191513819706700337888400110849927209102757278429824026877823503386173408242160832307200
-6141636082546888542431751312436411154516291199879880904697807659946739925311991812831729624310084316434804037951142681116077528823613108527070188907109929709742889614726592346732408576188738396299241698081569781238694065971019835665694848972800
15369712170123894725081849731169476358844427251682792998417309366285989643619635826600274903894379102681199930684885763322354501145176289570693674583430685804001868258395090063680641967264373757649836032551187270648339470859843778378267712307200
-37866891172226540013261069592302575627924580412517868861069806177894417385862266353653300747017555921960703224287685372136016915244249917129031560914270200441495343633530495812756396451755513432234511151185139625910607971030463876822383337497600
91848681057043734184358769087718075446335547080379717687984221425481578192062486905976798344403500008628714661176295913171650686882850810864789351866291236771862457998683413792768056153423281321665492326784162120611719782972582690022095465062400
-219337112676404311608409702741443892219556457843410096873482668125136406127591316771817133372801028081830091728465951667304393822700168517999507985810152853516818388182401180848380207999998036946777626752232641223961708928659408989356290707097600
515683564862771951351182368988334267902863545186740045609917625414337247241244286701477912545637724239331544755964500895126123563681222742787460383133213744050291516973619378759534893758781851863044080741849241225771122285136230588729341130342400
-1193691082665718781174409589887959836994314543145664893501997707528833758537602596423325925339351453535921958618270970305119895367501587462473726452202470105962821830508789493561141011607454364031631071705398841730341950684187182626657896238297600
2720464702642105622545038656282275158087846146540887120325955330525903087390299562338040092811378038737820679977359698577044611794452120440407616165720749985831997159377226603294930574298946395747764020248973255075724533334305339514370077621248000
-6104374910434848461456492249061646960550393355007010240021493419857652062984783348500974516269350958757610173602799631195438668314010974033657152136915715708467802852505917562353513861494187471253993904726197965610863099728546340650972215159552000
13486218881882657574945888220810048831372964312231450230292558999242837020731288351734144162798620997734505750003085255730355736774492602303303410034303541215745047818730794909696676109799964176247492153150709200469925923893407763828862977333248000
-29335502316037250934229708926666403468899526632205356642007758839429282282448001917430758753398618745100343384053508305392866664751011932935725143358060506796279284216609388961418915685760837648089730766930162801078779282335023831228123997293952000
62828119850679259972349868473046290165020278980718305885618028113762151444147754505504402667058814940095648785130024338506085252935567786940867175260072814645238105308011665213862790112915291381245115270939368296904647972222464745787531096245248000
-132487274892879741423687915166499967834132097989118588242179290586153567276613512790346887895563775271877597334294268774758330744590584426062978219298422244179189771927212964387958584414007660842030038781170620819996297143640862292882986279824640000
275077880252358299783334268423874717349538160414676087492547577811946377560917022910337838238030278616076772360647599958205504342487026856931395034196970874238879144893364183399619939635826766339155265958745305868528810362872001137910937550479360000
-562341149460122988009219124421973268613784323649370785306149034599774602847446499662162809989588753981829471621928270954056125562992752576096106260094344673760746832636415424945170308997817408259686414874050699749300121466916147942548452819598390000
1131898575046905451125646677029232134757633586134801578542077103228347086447693864497578964315267696274843525042972805794821661526777755567810724125663335559609271511282125235595293540428477489373627443464168843845567019439542138262517458149271360000
-2243255999951472810447732489981225308200582728138184582364624005013794793045143948852426330356879110358282062106236013695131068966437081784659211972821302371551066870948624699697559514481339872858154357013202516037756361275799993380351649641194640000
4377372654737653715587685752967966281879901076340652097605656835556175506744238816695595889874567521067311742492642004370249186517018579051195622048214086416018123913856356415977880761985941316662065832751600964891558764146334240863171397853429120000
-8410284732234784545340782427655472284966514435225614084552684438139466836143417399559694841622031293275125270763208394954282648053795926207561892642561263647435488024724693115027889451307276724320866749520067566057920158862890045394362185135457880000
15909955523248446035217060030115544159166729979554322029207654943710147059762043129327592993700508887811760078289873676826602460499303814023921356135078918084468133392336521676231995979210364296754380511808221815293057445001879346869862510858429120000
-29633732840096030454483852169652768851303790170315175719181006316821208255557702054551325578844119464771516495174085954381066683708796648399162364716345211647942749934746585790228970982499745212562534928903891571638464128443072946326503173283168880000
54345097693975761110235480921412658393906377549278283917825342863887867183950469786362351173909126840472882350080119652306017192436242715924869765287741588614433834278453474569571192359613683904879713559675670349200066131260567401177141144327589120000
-98126867023684983654668940238725731312497202962415601399123384708607530184020567008000520338389667151328848193363416047195052293092690753941842969947678405941937092019032555019681984204327458000748432796189382274274369408257362013750475478726503104800
174447763597662193163855893757734633444439471933183291376219350593080053660481008014223147268248297157917952343757184083902315187720339118118831946573650499452332608033835653368323527474359925334663880526558901820932212281346421357778623073291561075200
-305343439954627769286240363397489590609629240391625425286270028396930950703000050813249470665757318677474220035866136762483757793897028236328916195868951385192261719399680820488653922550393594435031590311914599719458865144251611601654422079148039004800
526202279400564091912728909874933164278032229261852294453390092859240660902333267212349836414361468203535858915942380749946529726307150312580608909845651473484279120213733241472063067869609830435055531985511107128954615911188634752192250197111726515200
-892796442382603565115962024157995862084476587753511357628302120979866489466860093824413917709093831900794489191555545039719687558747154373822669514496626415110809890406850500939564137812506740609112746490891814765195032556543596482543795515375382004800
1491357769310143254518513601329953825540279749203961863307717046824191018693006034181412421729408375953260514961265895580923785047568119858235607374602336093772251143523162526257166031515478243682563112520180973147333522557272111197491360979877497126400
-2452643212423074455405611879612031000344768201932210728588516000113428857657795223854430000473034243317044445250065642065630361831575349156056291899946329381852003842382363784168191162537319991242397894704281976034010255578976891515734861707622552713600
3971027923756988807631910424046401612171080743477071845470300030896152545657242909989146437788915112706557339346742140632107446671506252725864344718679001778229704743847437977326248689402065665766589566687770224960570736564379584722995210292609447526400
-6329651827158970625996305814364457784230073482593434530683186030663590414688173269132801578595630896065017119977133061208643713709174895854020226427163984874919070563065439403531699238855765772395751273769307564799970381014612161198282005755099854633600
9932457014280453345580247378489443793921067667656060448962896986923493999322042731609595737351684351088128327458451238467188816933716811918636533051521901496450465252049116972497808947325601728511123264331023047129167596810182367097251477815928308326400
-15343506442128251341670166726974906087548134577303154605115586331840431489882407280972873233720714204487046310841428358743248030694092013876578544538207019035049613272014650651959483776339152330041276017744919389697835431580355414024949136648755464960000
23333185691198560877707979786687384419742568752313128172878993216929641598144662126883659608181020967646525986146044913644187342380288082197162547548679679628692055815648343652215019644510814432584949832784574074259388829085518810250110202997851351040000
-34929691760625008330657497953633719988089617484522507489308284590340050203915339368077151613074654497246037621793610889882844619586333269364259820256824437635680629390633593121766614825167588684557404986195686371712485310824643802786526890528178104960000
51472579786822402013587200140803984736796479237920976012369562356934787992527142515642091477522517601619632155053751452621998719104760895250434317333206696258922704016844089615129908103581835815088934465319905840270006346635199940027244193020606039040000
-74663114740563047937823917332375489171120912728095303422257351249209997195291849728613601510183057947375110149970863290379656583793566283312758783870372688133984983516790462683279427579108170393932719617362564963387550257678174880253074602545327944960000
106603906389987261522907053411287880698625857004960303426046191075129471387544880088447759863106150882136447158422433253976362023372101129229682633541256839737003978628624565432048506657028431498097555321707502165139606641574030115666910195089056665600000
-149818062801892034267736037918482832851684645446635848236934642974219056700315720218609207100137328686359840186269730067514919442525833739336013815986511268105187197245805129689943169860140115417068728671318570161737801523520395675886566241893740494400000
207236283180021651427366360845596589450345750935719013161480917088252723082498348917142630203965789065699729244045639909058416887348695161192435513986226039187484832546937988224089241903843499709192990098218403152646126272293412320171321937862147865600000
-282139440241363960714629048755806433255340889472518219648198316987775427913490566309402519081449173435313487539327433460062045093602136302169677850989453980335608453636466517466686264633039690991593629583890853092739605587569566335481119028314511174400000
378044848682700810478616400601387473712416899586370402357578379160200998716301948527083327834078723997560225250252041948195977271017028154597113851170456633353923847803296100550012012059332847561222097362005833555426659441620704551267876675540621465600000
-498527117090359074975158920834370981605268773059919234100670248964872494691487021998782921467150300808766144144573069779826616721542599627420677511383355260822607222852177140859597451853035516437913230663843436501551787993004989007947773322652482748800000
646969611385010945890245347928293243342035501149237745628404067492260154450670817599370543073930809493311629173432555740556710023919578525919457492302012445526916652264744700072576828653238123173167875604452250756830501630773903549881486134252062131200000
-826250188908854272081769589399291961472101624824165509041420753429720525551490786675634716167849181891050386571808669971316855077013273922569121297438944999064801173001284314732328101863961137704779629462296670621006180568593057855147524932553344748800000
1038374626597111475960149455229305846169447669267651624867836300877633050430653506084587810364694694674396930547402011673820470447686894308449391795627185478524680048018022975195792737720246038770092053386870693702475462221536563046015397819880830771200000
-1284082174858979790574205069107206601741232031855638466028068690871258233939963715701582211521822008726316468900186292696685394826381618800720988351540003821687218437090846372527179200869012006928520444447583300254003905360812384415700921144088521773800000
1562458508075321582209798168039583736637232457527058360638598150274953228853368195303061021822108360247725323145708160594880401408495954925914328542318305884759163569872516277484923235032713869171295987713010000901662035955082328493968923308164996370688000
-1870600190114688688044227194327130274720614917873797707234114619217697450684364706997158712964995381799439184451345217170810981003369863492926918240156278615144844802532197075963771064668639290194133807515522917713519692940271934080149300872640405730112000
2203379633588875091880929453062925714732334084792408656063223057463513059961151977641707489804253133064852039423603200166887447902744808448964509878020638607868025774505506292043258136993299508191952989209225465534743373298584201341550233184532633394688000
-2553358581621795637311462588141807248022286426630876612994471764478675943465677059962952079357071656451210982358365658303583155376832294663243902730875678869971101505886161213815364601235252302112023700041415652302217519830717352897359333588593228076512000
2910890132600015834576542769387879798550072876751021670663440818588378608419977448043041267563226710193916923195830219027505489236447472476638002342874307994934351603285564005391540155989556332439603075518697075899311077316595912084356331863626886354688000
-3264433971956444978946189032021473895065842597604052185484095020089897182315976599341274540608476835203291521145418293833776241000987642810520784290945525931937247804629793660110644985899441009867286435825079471223565778105993430707078249296969093251264000
3601087710598455374537367575212459274735401485455012609327706925705509786920178530080485458637907468514580913039558899725106438227959307479216945831266607418480803485161975487879781234421856704425103516770815351925638124518490982274347446011446350427136000
-3907311299544076849144560117419419480228563134513566278934070529282986717187970911400684290835174533084126781778078167784741771309286777573085405274446364815820032036581163244420093338872451943280515578235218255198595275527727256536195102454564475165264000
4169794754929831758404819299725754517609866340532667316331564592910886522997334316766012361138106646811729249555061554436014648687115967239666894582333890695524864633192106572762853021439230337377736752208285377022708391810024246802869816275997852846336000
-4376395915900768889688190524069314529412692832275401015455085937431436510887095584962852735449007430886537881559643371902318026251002036695456511884581531966928162130267316323875162544544728034530666108054970274163891236922534214323802422959407564563264000
4517058709032934843136747123077427400208664399089141835779808029580658779910628308608105132106716587786920040722492932520273924786004818318533656449454908503665101700773871081229230693328193716038894851229213320549421466810039840949873030487754299322880000
-4584616700713206940313077745627044913573606539358483532655787993826577495144497049290928882017749604837094279337866327607701894107800674639622038664019615821669142021743862366252642593061431028690798029394143202336581551589068194646929268537098944025120000
4575393433658771355128093541079058371615697060127101299765935868218103011764851191850528038782726625874559933816935228691579650271624465765789901891617860109659873331746585283744737011459195957633060484176647106948306280259160866654707526876312884442880000
-4489530090321802321329259358567812007498977090228875385606427538511234790920524576199495073151308675106523474357020636711861601259571347922610842049255212957330086499043269484072738998550836284888128217834584825423589636379571007159369024986094668989120000
4331000264300215246836146210579659194713391459882914326577906253078956634493173898336810919117832552530065466833025772752060042292806840845355435659077384058414892709218681774659831056461639023169682206466220168066761494425165539442759593719188400762880000
-4107307108288181560042091783904754922069774453057364498078439740875659829152597642302921813486312555242271286905451958968424996705634959742665636681894133753314470733351918262860994296166962354872289766114883275705674420711365756806610118175532402633200000
3828894751659842330313166397750366737841047295782406352920215583925409786154478172635619198522802758062663118028422218391322515480620155649986884394285153112712568712429301534483663765631859123331300375278046866958351885039792488706067358318486706636800000
-3508338249928604591334861383609084583008135355149574948843174790810419618448798805098694792226147783628177132308639516786707832511535383039648012490296694235046601148788825039989206361033590472253959931661008007100814843643198974394786567084357543283200000
3159399732056486608559375923974947616149987394290060754283470722216038775095824235125543095927410024593336842074280935234296528334661137843423643282426747491792207534217252795584447449648973004666913467222235123128129691028988613903997874498768763596800000
-2796049658732938439236511657792193209945691444130425475047732277661261539589893226359341241959810984711742892906002892309860416914555238709892306182944485665732323682652056445621959010927081742859698395499737073409332593567360606657950551086160094483200000
2431550057240472911755866864419033495363016965990973924156461889111501080659598940707332158772213800948820974755407763074963994384669445408686020537271172873823028675292583864414265062397228937563952623824844235434688236305143251437651291406873085081600000
-2077682297406431584935952800783987755498153286641999977596114875802541631631753612681529489687890862470463741549794765365247425236910442736429133385579930566007584601935095165658623043682634528595651170357572717464675358766320516699542445425309015078400000
1744178343260302579194541111064805469448661979849803649503558810652575393886998525251966338472274884234904210644565370731310333408736501748741243021125763803187143748835546132609484466312344244563177077825131444502791607378843639189033845578564253081600000
-1438385629365664137606112117818645912719588714229349162761283923567723669246592940285265749441536394434159997205108613567618226795403942917499749402876558693116791071876426498960810054887948953376835727178207791308306664897605492704653123074765177558400000
1165166365853149395124745971925028182133007912508747154893029528189309100889354749647379671294845629490834852657688989013403942235969865471339291527718460731328490101674515644647791554921571397790329148913699909850944241831863006493419436030177033881600000
-927006360672765658761247895263552421705021095191959236432894292627414320667570638819455266482179182822908208774457359659064176442937624968997540339452807357844946724892244646881782961095602204081985870875739648277411238801430207966164503305608848156200960
724289473147350308516748407111841151823113258356676901226532732183486651331574056368134887340181712913681269641972176185422057129683047117885984756896318937517811742450053975303707631259343865870885740035672583717834491813806138901390160643724543128535040
-555683223438083496807201107692366036123297761722027829816356469587926006858239159742880760993023954945632796961239077789272298523168426219301509563818744566559670349960775379988220261756527029621684053607300389759961802022871770178486867232346048528680960
418578985787789746474027224429300892026448231954714084619747903226912470850612559580101841491659657417841724418177184062984160752286222852877588856708971988645988307795915351302348546936410618198052122806630248756679814500066947943662965996575435889623040
-309535383981487708700622556424724351442895075614226769531954130991579872772829602036813794341335336904764877398890434535013195569018900832164686074225437792273412117562082669342236760273253366352701170670554940447833673352093961489308333509991590781480960
224683892717050670521636057873848356602916533164036963043571472246098731178432252458863684627620575192693613429106167013496698667553896490244877857799933314806690533624456778053880431909228125979969169637065639202425980503173163895353377034549835984404480
-160068760178625164123301176545289702170312042494136379509602485163850458679043936692075905938399918139216188314690213496294362855368406268814744603009354958114770116033817482155725456015166503507671822527846643504670205745127133928072415471894795109189770
111906842950055195060599783920351516107985418011010635440890919694862280730420336730204802988865154960657189535331879338141205759504179137743033911013943807565710682644363367439670224484190956198735091781039025730467553187587859562789320910690760783084480
-76764893274780215456734071473877329742904906132455330582094229376045709398950228283124233959416078370569195531710668566475355990996940141945866705889184667346582469205941285389441471668959846929127501739889774561007135179653405076265296287829019111177520
51661041755440110412468551789876688986653435137275285755997404495344546221824497333274107688673088385101232287585850267064645292371399737153653144268292849282123387991130325839223413440818165050737644616889789698753836564008785181540533617831475958244480
-34103165507936611348467590586142710740080022825457243000908049934981514425279854933392855852175097177295007260850866393014198168225942504001209638505511366852289292738227674416795041786930630405165198092140634102172928353090118916068732436327361163264200
22079623193465103373597196388943763516103541150217498940298125898510367026504935658348505079260881165975528841804533277513515597413968793712208421729673277310276815767924624601493350405466574527523170485691204275366404369940056732495051091025996928180800
-14018006794394304966562837477806627786773912168108338985448584359637846066402185200840367692140150080041657281840850835722226607582573480548507593196796385677687400326057966679646898549336268056698142487863591479586610174907604633454734887215255115189200
8725864195513036109244452434536312018206675856381798831231827092896631442337065535245310346438235363331457675070330257526582556001608867823686086724996243718118068910042819953431116019318225757914603694681935473190028592155760891411283455072937648940800
-5324585031723110547091042779906950381977613026516034241469501469722808175665074898824147780700064734950693920211577070740760295055561632513681496532474822788794813944490517243449723559251389222600295289989784689785622216422640538206360107621627715676700
3184515077712647105415789202649938284700031998770714676279374321514531055577545685306005080660772073591016655733517080400312316017566230908858994010166501347517012255871865065502148657722439976492878635522548337073636640651490247129471335281001980184000
-1866395157409488422388028752963569036240398368435507475134679373323620446940828226920045292129594057320168885983001014855567745956985330283784747902758700949462702544501531635498171217806148784345966195608634702217573602961962929761603917728077775966000
1071732695979952279578565347126718877632410997633238423909905242412935047706795498564981611168862830597405399382795796604350197765365645197674429998279260223417430337944349044463425450940713246587642864725765127438715552341187483240345887529865643184000
-602849641488723157262943007758779368668231186168696613449321698857275964335072467942802156282485342211040537152822635589946986243018175423691866874032083875672304565093696337510676816154151201205549111408242884184277498191917959322694561735549424291000
332112575949841211994443969283121857804485399668729312731219306024605091724179169194343156645775979904933872846700868494874955564346492517931656293672212816569709500737899017406138950528172406197509843384947614531612860351883162621300092716047902184000
-179154006162242876017578999891066763486438797557925654638617273105865503869044524397360008711867495332805549378552971928133849486528474873356136951284770493986335063326719874615863020981075169735487991647641494395825455875690059946263733142093055602000
94610762040228587620890019631747026253156170592538072595745323731129582958524840814084919566469260208705361134758492711982996125944913188658166630609993584493212498414557312905619904491088348239010447407607844646011008573994952205932553017836590848000
-48902602605703684840106715516025600548050188143777687528842681185149848371498546139319601659025613371014026210454956744687253390628506504750715696923074781906965548657427095085745712149163461356617627045230476685609144935095979770045776924133448727000
24734432339419636701588143515840827573955103278828962002539329790489724593272540826628449383979786682147147178001986467653271931907474690430342268260841108545196813618730585092410610167516883888138282669793074496380232224682714827941413502557856448000
-12239056782155416961842638705711158073750041713799577886839117193069726396125014907139701984195549782288406022105543652923056622601507502727859567952767679968905061925545081059166201677141626079711879467474864463557318542739865911119340004882010352000
5923298885644803448640536550466491047923987130248787446721476882860852708736205561670255770202408225213297988880170548059290874541688259171433523134827068917182482862478677246485725373664575398577914558804364156908401436883029320290483889966037406720
-2803100734202498418400056475894855804802192449831161240638291852424003351412931557086891544056219992001603906757263023616222651968511342875328280239017289006977411845062668505284655455724037473001145267936601075041889353578506668335849266821383145280
1296756945369441591308741214773603222344336863496290833944099461659117451833771045502434571645917252096194819093899415948095755897695507913600498316987810222884049197205026538382933832793082591219078215937619306385941488806353174148617935527529566720
-586278976607753980667650830513488822937910490495107629377889075226841556913769914871132011385021410712348521996272701887097119802564291988110281710235897171442880324511423221852363892288482723717532890935722221733233030903974771724119601538059761280
258971702980190553452248893981010003570060948666946477158943718125405892690523821031705695963085985353905931068714952039233146635980660779270357861856233711577343521768743670561422387590693721461744465280942856233546389879398627342430446413646366720
-111731095067665120797478556618720196055577953936982966707924378387651203064502145999967412831012544063722807632643919039885984502066911362995151207618457975690097507956986666540052452299173662352595746659794542246169727521309420533899360330887606560
47069099255718805210259833428719350079061119536984098536902984038789144245103271039410797994083171005125004408407534389670437158556170002642706016517272908187021485349491577814215939176045297102325767364792817381702230420952578673517664695820029440
-19355246400599324093112856659028110594730869548550337083839651942211707232522534910967412418949169747982907916595427569999157053492597395206719096702018778867056355218722952644518326882398486752969605635985236170200752439459411941083209511820466560
7766362400949691955902492996473015795830528834324484417663737277465262690561053102159457172587378029706685422563781048452258251083645817682367427382238203469536678336711418624083718771526149287585451768882387713238664240962774689890621943985597440
-3039777507384209796616318704196298299674840864545596714208819208890855954650886299619022806504301440931987107033773109484593095720834343612560222612451371817717260940433976077956989162595578839265338311989784984616536791099903716836404534686586560
1160149002510440180918508831395324681931918335499088927552765718382475033477100342113754472165384360343386892188943876811602166418539423231632710384561311497066606206875386376320919224874890046380122963024725571229456947049516961796596375195865600
-431588023832341242422237092651576296475455316041148429953825468784052188293739135289982821085633535880592201848713546230869997578729230152028849140444717926845319578818171206966957444052496811840441606458498880225697411141984346795792350491894400
156436183995658319680441800170033166695858805081092735430822435576693442116547191579571526986277299071871223134858886671792235521986911282387467614480174561107866568068027043611133817936740094141099498627213424565290605774685678567606458938265600
-55225307479466522696795625371078572941037828795084350720364483701306431792710965430187040433125790824212255071033505264235489587182903516343405661887466137680838167674574410011304124746885690303645042671000148108317349388606425469450288437636900
18979504865729661611915825129625355990703533694928236049344980785219283990588900416758525503675036216259247010439838305391643935183942511860743000189387435686722845331485301480639283494385925150271516203450488515476840517361607699561799778665600
-6347188755631946882700744135204674640172852380140982626490220981977317030146406946745939712138649150800134627450897174068251910547543200310147406424810007475494411711629299692544350157902546312144903605493995118879740066002321243164989521700000
2064535929962167959012166796094490597523896103713976281149805112452418137225028435436168248262856511019460187982044517217981963180896894336896117931589929806036986764269640541933155970634117873214997755219312496952369012859648992356449160800000
-652818929533097325282968532903729135389399545555363512339086785006915525869346871455649889067072555751497303999154417206722786983019341905341717906192485662185250517820812753929675104666288843823296519967018721035053726727681043381992702950000
200570211480214971073205023050574376813134718093026919375365502700583628351289975206632825938952180345740694594948070545312353428276603828760884244356171904457805771273302626677644591791145319627290580095866996540676968819314321660630170800000
-59842023969911424510700221429164498630592938647103882916508178873910768563462182083898537046365377608129792828325186164249390098591158037622222728697548674673311502561053281496017589635127107314871081147812415819652903291236256204659996700000
17328572295797390378278030221372540827244378671726720476828567740563646857790830089218536438591295785405007518228034373330475501114589859788336831521726246501205973737874664679111097486988831994653849410225485534676853351785735781182785600000
-4867134263459619017291865021431666102283337686410277394702728080801803158365761249835406355201027186621528373996458385378123534593327039119923085816724812821267551676809687991785119134145683055109073458457804208396442249521721738485290025000
1325137984460159511152846425588124716439780950660694735357851439065584063432440251856920711339068223354789482137865122416544964876524415552880917241715279673452386049839148690164398430156137403796659163785131062236834756822021214065035600000
-349489400635572675900982119428172931216342840924103997531825577162684612738741308260224088782851187550026175185249977840163727111088220538084139934217079920182968488731168657631867659482533378387477526631813371116716666361071110024516900000
89224349616965254916209168732213498530014306341671230071994574704545962585978139167697840095522371166338155305065329182267501566911752056031055691307374996904464970042842847862884614937521300973320064292843574259437156105917014521085600000
-22033457447078364339030541945260500053661866204929367648334215808983711316370712700023161068033163324131838907278632678621058025829040993836557919325626770068908155102246469930584561855404565712578204765649427087955453271711173863679194000
5258788355930095147594358108898500603308839801055094822657355687613423400461366777687893455206334628988939244942033234097877051583615881179255509845336732221168308803776753742000204915633031963982639262838193964194089707039463401377456000
-1212062958094014846910014931441114218478960587890653351465728190751740858965597901778180872789486867198549316564256837572600691870303818234607364506587687470080029596993455773985639966794460384576104775493637069879873248231180213152444000
269532152103251392723097570393989564034751052319223374870920135742547477661685093647717987330982407832844087692664854163341455905457229172278795692867738755341566559402873281287137705040635484663875601482186870771574597652602416230656000
-57773138861380138054577559859056216174302973461213381154973781259999599474120498832103159745492452786972045242209120673061276186279456508328326955072899032684395472377202181754424675371688325784568816977153736616106747802332943030569000
11924152283133551740369676423476262838447912824028991326799210966858288738544623247260206042606343386292537152920345250446401534819301961407190298708945567616666413003410716363181443344653758183969054404314450341620527361513491063552000
-2367231265658182678689093030842840893501519196525640990365570215119491748481417420044854224080581370496304553116710430395875070814174080061069038219280929946027296673505935820359475525799571862123550261884332066730573530727223347648000
451499211996641787521513610992487006775491613457383340330523296660845034649725297273459660389739209074277399726532766361407020477199686608640696782244840759156985060880674620492333415227462400593459235722742450652513976682538455552000
-82628582175258244151216455140417512698487412519329062357461365252666244798383800872454599890646213618849404796891711890710778403869368350613627264679464079310638573557402092325512316808947279649846578168562696974387493139500233248000
14490139189393953143221880006191292850132206776464907364955678090831093127471835881572038631444792166336909269060387133545535484487895012229391972432137771325995038548456139272717904427572116446801259987373548644642852348925879552000
-2431357902486758526893369563994116516216252177632639243079191563107714637674124386996348833840242181916572965281984833802515709545965734362111816394050172347884183107116079560588722256967745865813426818901128739800894840025284160000
389737212396012284829094009782413151925815218639348629818754830847716708289819423868564141394930933183430147059396541219323658365821825100548811544270157174570117915372335868191680709174097992199950056350152500303688688079651840000
-59579218623285038734197772431501583187541669425667190174359905467670039612721922733687777244596145799459894994975344447369692637880039646216170124407094519588037523613738186786657633066442227789359968652886868805670522757574160000
8669694910569175067569572454383392398836305763377307751693646075259562562840936729898773616133293741051763956438960389936636469144503314277554341613648597732415998291678506372736184068380818415673485624182702708955271284099840000
-1198418515316516765344493721660019219884579610218156186334462882466961927146731375428925976857891399212893940548364955519964485759771549254419937135912377160281326227405638802324855497869712505448638236561179512559854277364160000
157011244133179319218729336171128746369357872842892722825376845271559637721416053218201438137088316349383937789153382935344301485281230942881926760059066798525142262093961243942787820330624969219776236586498701569948154252800000
-19448726953646200522917632982501717111065810058421527886427317328592384623619964371253941559021444729666018331537796362034065705330110814898519388871681193227822911390804825211588112378520071345531688334585827989491755327200000
2271395471424651547303300268513371135303051546394481498224790734989503586888155936082917116666258748194930700264980028707936143436139085110300864251789255378416838540362481751069252225361099795113493957494842990622607852800000
-249344973777590451590264786606215467871120359326422403304788200121815585993882946149840422769195624814207564016865860712459941539936908981146413255598201455201587403945293994685927860386590412024394767039973221380696667200000
25639938734964342778083261043498380084741732490754650879819417321711444382818478086024411944230727076737335028866504520348471696169454069621132539053071216155790632903406573838637092118643508529036338502041841064136652800000
-2460082012412350271432305075706753753247925016813129344670173585798974033800698703078025853047528257118596842369271551879138031395164904629176046837855709948541435237070015507466888965485082727517402595532823129444752087500
219266051396968438707255265528195829522509907264213079273792705932374273603959752807800675793019278863531928070567928615386144159443274852867817802223064995170898392069671513480807719830116165114079108678811809093667600000
-18062105483792170778506493025696545078814061166078121118759533788900974796992981064883931676518823162430328668364652967709705039020533645676710310643756009835217036058283480543184857211035667665593048756083211117134900000
1367006152651927848125518972969164086134400089786663768978187069723299341477983863435128531067992865747298212054244743389046487439792710236495170210038411694340727091376380127950882616897867629206862070738078913637600000
-94397077432687709296047544534498080136300356756435048595134869574228365782406502686721219342629556125230192988694750655646985858206231486285946205347588461860576995555054293814928632162519456295920430867820587991150000
5898420933072084083824035918842010214433915783123988835293634453868944039421376735927669090285018418239235727577612822033326453625194109438932496618168841167146112858351321554352937015598848866774673076711156267376000
-330175261873290566211272438567419913862653515316765869821613829708178216064941945519531252757965811378911638971726623868759259594040797141896659851532673756100645728050848845711596431045556399454651380681947651724000
16352983632886745772006647725622196633435391868600585870767208541504286323447638558963775164886858916315649075501166194474361855156599815424110489892517840925371225539912423074082940070675557533614208606566925376000
-705441302054463369347513125507627663739716441684407709568621866087163452066482846446970558263681516123409869119951965985234917550767583872911369567883470587955902901274664963998539976836753258044909486011647649000
25965005380447169404204435398992882663122387114593179247432946060099769893412548482042208628177004649214853138587860722694504961357138738090731759300521492063232205529127273552260079523633604457192001111135376000
-792779089898869038282642311309929612992487944499745831016662494488812992613376709851150998059582557012299234947700981661700909058884171755295528922628411029478852923639560923427591959743633928559810869554868000
19276599296196521736612107568657209125619407308689432314677566700908149910296871651805535353188889585534680788790494931104783834876164269731996687232519664684802659601279563896013225333440191178278184358432000
-349946247565768253692125374191492555708053001385247805030390939981466903492016622289727067079138554767155032101627416507663235353345956449899526157209608152800570854461463994737284655721202483558341621618000
4216181828205380037088254920865316257031435127476044220081363307589028515590673622984023317170585983902092388674929239638179462634438021959488920867101664656923253537866838883649526103071779148823998832000
-25284392081729348890351415809628317400713812796097687109921761740982646177078423874792136677427677787214491448452146557047062107842151356187906415254141540172484282484428584864655715183002440483373868000
