-393
60698064
-2343628123620
40216658601319200
-388173702361095500850
2397733432536392464930416
-10284478125506721380202786828
32406600460780362879659393596800
-78173328314649630049628366881905750
148980991916985606067913972084271936000
-229950671213948113109764536772352890496640
293287827992613094214906953975236999045995520
-314276238183334468769661232869089896790224574400
286902591875294922140729792941083960217726907328000
-225793803594591161351908126278270531201352186918704000
154768104735876565637051906076177752906654843001556469760
-93219368646636778458101345912515922866936836745855456022280
49725598168046801962286863272918528267013781151353207959843200
-23654190795216707877893403709686938793683638950470102397564300000
10096473549178260619082655930244434971859070799446086255501074400000
-3888379134443404675272660158495562407449794993959675353934212525614000
1357917219359092669454403278207674773801650855849754380745351933434832000
-431966373302939468703609918862075716009031351282866597585657252957218820000
125686699770866621971379279227317002283762014346803075047985565926607033600000
-33576023530976666185072992764834981063210611863863940220240769072612507085300000
8263677189806327518804268862492761803307694654955210784701305698920874063822699520
-1879778746313740238977942064781212220088807884876372230763127043254673916296165640960
396378036877020781256089511931643268137244921897388119770792714799874450498006285772800
-77690600812126783611883922003795870916211404238982328347677120560870800300734867223568000
14190128192091760971527069549535167823659216863664206293495822990623355401421262169414784000
-2420977770852775339352233335846194982394498989109750235733322360430250665036481538723856298240
386671213415869699569714453956670942203711613777812012676624539498146008402829842263940952657920
-57934600506181453766097109470998280573832474945176570356358515598147511073441570848969863927286500
8158723905994479108878468970130666950232275810461229412168174428036641228854912126168979184470760000
-1081899017060217721485559813008858415918647280115080657681224881139291387452297616398634365160100530000
135324812236763102168900748398750466874056172121104586687794286683825945755910897938828042422278566211200
-15991821734951372983390166913205115936082040840172477442126356781240736937002331598784977763193849730666600
1788187049807418682467031958417413548207040768307964095573924540593376194533467436918922130014400669664312000
-189474764235307545367637274790620747883253651492354602800061166435934573853596388632811413090618680375337990000
19050622449031632017082204575397797325634591989101120773838102604020119993611300802655216161158536194897888320000
-1819917869195022451361873679465611202141201094338823255725237590576169575564683572740654459385575686783717082389800
165392750173221409785633978741583873961158244366420791868312371348685469196826638929473111511847487518485955527974400
-14315755136166842943945308415055971539546171508552697622683262142502290739408999639992404779584146049750582834347376000
1181494988523017973632262879468654005913870076909216688600035588396889976654306838865787436108458997940475359935862400000
-93075074992051157134595717219216336985507266032879837204781625874573802174317303159058801261988330140958532319162284200000
7005864311401681765473391408109546147495782477923790768445251625830141838329945983563643814102374930076772014921477534272000
-504359323321716629669120100837217151836708427320210216979948258940256614677842940224102340800405047364548634853040376761936000
34759467352873761747771319217500198821014255760628702323688240353582918523564875156051308448824655686183288442746431398024960000
-2295346857813792743539352153796253363551742162630578956179491028036403272034625837941591286435081267089564418455579776498484175000
145357309053257625601695716901463028497007618635424518587746460570961701252111948941000862940392018533291999457448560540208880400000
-8834759101333377181020824994984162286836724257613648069955794774918823817422863411854456049171850729646074410223940530209679667159840
515778738953967957779181174101635938074426337973901281094443492880381991168022669497606859728814759552209575949129150953971333371352320
-28944839032015483636539144698244358514461473615329012536862547273348212000662573958178384959152735091808447523077146084138454135516219600
1562547308940842982785616198662077082638995321832855628725466952129057624699349489148512031045183606024148445140412400213155993275072816000
-81199410619249917596177222027387011853064087141048735249539157632706614898342430088868818107122704859964775835892356735768232897445682108000
4064641174746875875068938733314066407549876473139227664934286745578501307228629465711362615885272218418283046669145198795692197772831394222080
-196120232804360340970760945967458970129334967723251261372513306866619824075473727788642669482604654077017111811431239625437682883163404577144640
9126924961532558804179456765244627972777915395431083631740231455288678793540051597920212873428693042919355895933642176474662250518407747634432000
-409911253808902094806615108613847983729830959428866013823267797093427477860284986822763187271692654099129276319005448345028045814379796239996480000
17777501340138561174594964009541913934997161816448447105679716400919436793338553257873861779957741052581829528103307821244525716893217201597181440000
-744921749905156059618465479409830048661218573013731054845744316489526700232868727888059493234679244455810111801348855979698738852118033789925895289600
30174836205241699154574594136115254924646104023975720084598051420541085856678268642061658504777407459912751016284254330585334993201302606043523339212800
-1182227160949642586153669810059739325683227496496062258933634113993389759481017338407309073650364581295567082936391811513476684872810140214147979318976000
44822762201990984218796732934691250624543228438580863876123270716484074327715668703333804334317677549346670355320796119059705603341010304717810009553920000
-1645321475916980090392760055402742579382799810895006988859072783700080573094490707166100459735758245258037091780651283908443339008576885338192599698842903750
58501011455184004047138931730845349407148335808731723051920792865931574914212253726229650997241312813170027000155398455351950806917030537998732567374905650400
-2015746628177900073334991662139065892692175198930204432514221203770952220752722635108123739010316887986025909672709876115505131419329170004555502120064672586200
67338241114180863220609344988722281414149831328040422521682470866004008693267606674273610136330389958205490179220221212359356094373491275090920716846713811768000
-2181866776585672109002550846223035426659818010104596951624367689770555926139450512537422932239554644352970926925101566423386792136571870737564272578191802951587500
68598881338701131411966778212441446533470875508619388467706017800120767794993083033123663911168757740791327895308675336018467158441329591885007526503754379377700000
-2093651858228860306434330554059674670945721624783371617542238215508216469994575627453185880459464602321959652125615732209433825526069877374859385832879584424807277000
62052834127010029887669204408043616988029830691456851147341941539903115720878705682706922441517097263185746420310254972812356477722485268562386653147961307229042976000
-1786712246521634280706586380394797548170963093780923396317128646595995094150648148867524841480140725885304868716745796395994673928867045449838858754268990070127912772500
49997097054101351836923655666067219062348286084558321797487375451378267674938009374953143997282526748736472513237217706618638727016823760082561572046648864563234068800000
-1360156599605668496567207406052051100324180281752174374203266395748388362004846616255459225841338542246077158457722431228652021015317254567344675871531304108944241952400000
35986479249726934814776546666362747191937032222486328722920340992152559926579429834240438013619798615329811027611036996475183711214857794440978496338626631592803175879818240
-926284250258769490948281427030496660884150691068855600800335155181145696323466684859076980747731357260548648702911305986314921727397256383816412047464099238018841164747267520
23203193936318509832288540654843879924863224934651110445415040858071134899301951768471936782029526257435770839156078118584498595876714541764954211045600947686044575778084697600
-565835284083151826309580758424706154676583229360537804279093119149856004164190347490029405106149024192054263732970336959860146971934377545850991374388656246456279336836873136000
13437160035794867148484272559623273477376549792832332462200902580189370079340862525364889933019089020582595468568509485682895795932775232705573422466815248353595937823092339968000
-310837204084280357260304385653072814851893878168599060733809597827258757949427399377772904639616111001286355707203009507166724951883037566691787441060864172422113281057968412487880
7006415552143888656380413806654722213506612079652153314098709617966414143518506209294326980847972477329406580220521059289113339381813543615746846682458326586063327070431463585735040
-153929615919163585925609254846530166417350426749942645497506228184724647434751833695420055509483452441030128950487280410988142186225223933765051000322152929049108416341387263266316000
3297119193646651000026549810589924714261029027612358364002325305695742339304976132979559209025893198170765833638249832696387031644562932742977344405216560634415218161610553718620640000
-68873623768305106412544395724529588068179684164805603223553675422677515677037747614548776997725832788829887828435736619985625532197713200933341797607438282538033198766193926339094670000
1403439499746013977367534410539535511937672778059424239305808485872425545748955758450426179199057163529784277599117354759967298733879048898852638451343597745104415177183963268006487708800
-27904271059511978557845867722156613796237235672251556606630212989859085151300864135669351126251886569570763571360600915294412003882249293905215933232210665117744668070637283727712011498400
541495485958662889493513152468009437758135179751659219762431719375148953233329491907400487967218536046842879292039247250421883357144243134997769358323041682189765734735791284704233088768000
-10258276764923248864042593883370264019409506914445656745254073526721491113648709079322725798970918818537201008075751261347254958407779724834691083898861290029138634054030767100017370259260000
189764521879898221127437595826597405155414244307523442945157036450378317119141275593359470505190101330970709419432354604556315433098743532455196962698187994620581463283552612249885775703680000
-3428623211432249970836958606373667116924656696316265228590220633021779794082618091581798166538773597492127450965988353582989161397354076201393286456039149978361416860504276697550436220797267200
60518656873400448464834750099797871651569039969466955190505418365840781178778906075392860090162958483061138178094020730167656049164165029610584940792939315787601929678322559633806564608319641600
-1043810978693686728395427811119918749179384014643505842803158494817729966964087736698514494359929051766266570998234359202921227355532919641741640191594665171934436165417050905971319864643849584000
17595981118457570239340198272781148529350698269744843551936698872057466664743206383471316138013372152563494745235584411121044623475164722368589564103885094469654386971650597998684060153205372800000
-289973245654364211776940277398651129561378817015884552300606443283941137783301551733409773291595875877232702618604476330530632724998773281830854707770373501698708040980416311270074926560513122400000
4672473049976760236393325529132569735771075134151578408173228964889069919224248737870291730876126166600630309762652339710923737772877740247863735736598204555239104504325325390597160788934743524864000
-73632517194799785092460052796496365064587733827933614035831441217202071568868849495129782872214890576596065731093672662026539410586843842167751077716294166902239677135056421707096077784218707285869500
1135047326382586973090701037050040683278542343968911826948346501662555899707592510444640632137958096421457474082030639058383385706399811974493635488571719201562423506394790456413775653291856871584920000
-17118485005194274272940711340224192291699340463575284628731075492848074686916517823339647268015674768447106188401887537943725687488908867705698733063532972485454938857117182805003470897652957992994350000
252643058772711089177872463416054378799074196446815403629904357503263779952362051842713324969281841027072443213953293397457813819395540240372809952063454484652187123334790966062457102173625657358498800000
-3649403719665934412065449946798563896314746860254603823893605453698894975033874602662809707848779265451958734981233927796938374839786639218161202476561393685352377777858722025675586595187805257977779316120
51604665008761073137105874318772595325518047750025104635722458532022174527858675000970980760491198067141862915750713814023406204674987073222362232608472494493158493255618560411690227936736646686871748925760
-714474622374758629376625881031103276976571240691307785203060509346898705292714613659637151446074070125091276787707763489138941441023501822598535928112977745988755782488040708814102161009922171473514136294800
9687060956017087496421327809172767966849845156097437253615630470775559408926766898746555553209849584955521656437353633733409872455162645127964314063509352340750554411639153129967052016181280530186659757248000
-128641052727034238939856192420017768249125722014214423543692109042983166104140006468903847427347478313231919570919601929921492253176070285471976546032178143931122816365289060791101847470429536463785179448299000
1673488829598381740200447577473798493729034698790629431503899958946105906151489912725266704165068909714011322679326348045084816772746004954515443459239829307499080164569180794095509421460216402519902546684157440
-21330131341515934866440610440793441053970830038973158844247777217919959517414856254104985804876469719372793125211317575879381618411825703769225721264517058972487163368498227933855481557100567074945069723947867520
266417047937529800497948055990345189162182609448262880140399348603594568171047641220806443366000102181003530169029470988798285564930655571578240732013795041756106591116712952619559250822375848695706609356672640000
-3261347581426628306249958262566995699118848070136335334434749741972243691384005268493899864198758966899398924484299812683090123833043866236951226244906526494954190638940317124467058267204469783609093640002786600000
39135072972715389644427577609431145764832584097567297025477097989520986330547501314589539250828101034669935684359705049625687465249507442275032608642692843138845976854847498678648225152664493570371287102762164800000
-460399876247360578553274483068174724667615992868149352419804910885150651501413740878554241555052012742498402870489227612327849999239845859537902215510635002311701318951296412347677372087325454152791929569511685712000
5310909310225214212208408061806147006538343140521413128863081923081299553331136447008128986586838119232676974529412624144544490276110771229965340969571912313006856996989680747841140292186299176026946787262036918016000
-60080084954361369800975298629671659037214890254758540342101055508199283571066240235386522946556542036807479756903403892636446579450852917043066941189979449679307879636305855111798231278913965606991699923981134315295000
666625925000698478612434827304556398495779281955845406505511594048216343985328915071623664426981821268296948230720828843976172869966077319027466851577749896668833924886194185311267398198490927026281153201476005152400000
-7255789240468128800797533366167391215483492364612203777040945792005412935192115345000491089888416402267190536940608910623804369111673709988334277358897157289434946535620716073779217242026095498664862108634070895415700000
77481404891937317335639383901975323781885877179583657180251835805684116170856052739686151506873475840739638290276034237726740886459509112997544044289821711988140709984612476884944890418744295705364573643080380199182368000
-811856102848463004095110259697622385997282660610957088051073653816202481515867081147931744902542507373172103259578544536251960300578594557733555843977023828652194048964065617823947304905619387959755301104253273292458354000
8348079847830349364922764274602770622615056418116613318289804040555823018348560913316010841732915723416444243905199498058501419527317040685702046942669725627955499622483883144488189249654100741413920387423090857524029360000
-84251215212321160909635984608485660854853548057730327962702866475086686990335501461055186981795316147162871830995271435267948289218344379658020694241501234836860570557996816926113386548954503496638262169105849091752673500000
834646880849241651132759904579848625803664610544655903483628255918152753654416130850117228395035753947686248388296351889758486660395670950742490442324110248767283081875591939335540906163387429315471260728728293014885888000000
-8117462570559405833298048046979390291331765627928369071317962056463984374760230882599171369409469604487466069481424707347832381826510647290314933608128424738167307523166303855000220025505294867236280180124838104752899564480000
77514254973346725684156376022955713260741171293587147266089859926925532918958975427527146425408040875908999128615465165281452744921849639803589251955823974168000473341905239352494417138572793169767765823570341216398701066240000
-726839357387472169451040353375692967027367748695880825597408714102483337935669806876029709141499141685450111756598857551229908112403785607309052267482838817169913065168167477172190495024517057157930545361905043796471695398400000
6693321387482492077990544122698231486962315734570038774686428848486878091162503635003533549976446587323478720994735463945888743355152053064333211838568914271142328523975748094363776836989603833911222392743777559767627510272000000
-60539820845561434753016320419875855071950451102618301412068530127836602287476773415117483181313368641963979979507078900711926717262686100144121538112987422894808601379739803247102857443460924427259068146855838746719775021856000000
537880325700110119561775210622006125088540763127672516814656104093874462461227237925137247050409413654528483627205806163995680934225608650650081818047831423740730193788223900542451653230785239852148024090823357323176067048584790016
-4694865858732763895063862198382669108836883293580937495122029498148177493489521418556314168273896679160303323360593989516463435002421596595271717546758764416857155778773970179508009129702041007938505173994561923302121260967721095168
40262498950952687827220126435630900312128321481066109140385586222571511618790414942941867180584375265760627173863064085183038150507468239882074770355736393709447689709220382864997695010253971865463081137511798947929159452976327229440
-339284785013628103324288742452110611059203900468957053129109860950887191873065102483964165789024766300490783127405025813036875137317724764362710764719527905120538041974091318374994309179120765722971209548984773055776330558787635432900
2809696391632597900541649120836515779631438682520643806118404646230386523504798728628696217718522023576589979041009061789735333749382910541872269999667610212658560572583713502951818746430880024202344597411603485684179109527396578555200
-22868102306075278616662916859286503489498506469942723957856830809724463663997725462967368997098519871061323966101287304148893811946382837995502299774217758410708422970314627728847320517918409257337769054992227683572375877892536803768592
182944818448602228933303334874292027915988051759541791662854646477795709311981803703738951976788158968490591728810298433191150495571062703964018398193742067285667383762517021830778564143347274058702152439937821468579007023140294430148736
-1438706023181802136110301277614202543915763475226768480406488632553946112745311446998670218929028781144250650346661566965565736722659829373890588901084567652078660081500166145337605185476478433648626172984531679679295135293032532385854600
11123152000132469904146350993641152123122834126972291106359397670194904764489162388576976603580415857837510257301681038962675682864546230152822485053554495567769662092032490363297579578594787188975414970736873340094997043511511624687064000
-84552928600695099945792375037595331741000501141280292380280311104806924483148765978170932699515577059691205588654396861836293828315354677670371989998597335906192052123401130939940773525347420794432018021875030786900558668969523066852942000
631996606074133843347907846206934785793473375444157286650826068583880300729352949059553203624626061419993129772776765876915626363151214025293210094132725568531418716513481243410836320039337561059023715940296526415074990623961827723400558080
-4645427907958300086758116101609613155978594604874541284171699637877610214373795495431089786568922303645778869593334756231850678576421766889094279407851775476781572705782726832041167291214752348543331058241302641420236278130378588044954372440
33581525843240564535741978404091444030218749852915859205946838236839157860633841590926008963805816940628657734904558566015104697599707247669684683790150188965300430748606765228373678835953838704798292822322976311359031286521912026529884876800
-238768457614156093308241051554610479884045884469337949788974565819113955582814814147203121389630678578335612297561003603826677776648202051602271298498492246211221635450278252769793004766978026140685404306166908603212015928980229886173023616000
1669908604134655793000155106592381601665097680066906396101886813829782650483649925266977039860152907972327240750728393715537048527659968264008680504296064398635161593868081348805785888315936375774470126447063921418913787508474742718223090688000
-11489056395865010154606016120861023806272283523435829622854251783578181665054576978179927900413355075875528371836478222660533441678898931654760538638970407555691474784261066418628133737424270629429159289860210343847913537333179111265799263070720
77765672807140621019316049361301053848521133201635366464878575223205510301446824344837610668619504343363920423584890169859799013120369771888628145645036457117564024886496815342384724147563465120518238887274723884660028614850925338001915156828160
-517891458684134015749794469771985321168848461217100038967279283567156910872336183651384573925588679862558225256947876237830941801074630768600695821163644150170208544033089905190048238551654429364649459877885652492143024327775069877682363461350400
3393684554925617786222918428746933005849953239918402133190641302655338943561692435291971876670198205368614709004401947081487906564819821164482040199321644878615479725191160804707636753187035724723117395649502539681508399428913852198612973926400000
-21883668156479992816802907593703638744753800037095356116672464337478459498479194666290289137017853618559682609235416548519820237774968786041974683698490311615273516613352897602231492726605811528737567338179105569465351688504936242237323330566200000
138873081574800787709351302867173093739835006713408361213360612687929892039243189971705851977049707548285711888448333772637740566225323914809247571832930860259512660195957051590018296578104817950548451107215647158161478415556842482010588730438272000
-867357382684272530967773832079909715184155280013895447242369039640747340817252937253852279567487273176295819142653031532772579977635393542423510836030849325339167713917636993307088847735636551332818865699800185452594863290407633240641570156194336000
5332026225914145171630296443773205912585644286965887880590323625613257288822429551797942376683095440267441187232635878976977626184880636687284889604254617260310751960609880058814090542514783630850648253947959490745647722684888240996197240943535360000
-32265039084815119237296276576877263407764071494516691432288369473927556033006251138744442673368374960292548948217207933665243766557478268339854624388053699998533994641117446694462820989664992528812051352243073899784599954495457994103404095181742800000
192197959050881937250302147864459453680013644746040421987175005008241585075132232809183147365777255607800054650863894185458364832200954282753438780508595365857669642056596553779078381615297325883984332563012568672524380648714712346479302048538134400000
-1127125711057992032810671915936336020161072018248679450701589099370331951514605466086173649411864137786382640494526221061202034721959276295779266384414606663535717848876704829982027261144749637914037719882530907723151977876322559084693218933447035375360
6507777975060854135145797832954114485424534408947070405945476152533023146045997122903056383394284900280764082971070915760937040791039638866135207270532614273108643628302286630300158978780930675501391945401317001005987087560287367149760663398554243809280
-36996368513433513087808380209892579946679599720531205093010239147093573628696827047597902556999755463442562260986639085466597802229012351405493801893529528293864906395401828144770359291377308672685696202767312218539273459816739276241573508227281299910400
207100009825294867573429456307587836994869270254107783988554049204799089593935333261447697512463067876864170134550351820220555171262752724515182528092960373686533270710130956473608777886372016253096400120066153749300969463641570112294236939557560833024000
-1141626142034503032656314433777191798526321652392067503970974722326319757964410015317458333567921835585515413821899609736586854410722442736297999554949274267716375193107925043542937104040271243077080944379178971078907220479433858386345187966738851424512000
6197521246564329803586562069134504188595087416923330369944241714242993886066606111873639363049433402056410502905616428731929402691532315148342572068874262105833112099309386717129824302074852720378156299259522918792732375600819211079320907195585763088056320
-33135194031649599101498124198771274798268927065998737854394934342755533509935253165442753059025761351157369319713941091041976100115193298853398137721788168366874741723267678908855721129843249178441939947631258445631113888336184665153011226082316337634626560
174487735214739663409244047263601422727709308011141878920056086562930270988258990663899928883993014863898192125395332614598908588378923696343505954654878666640445514044389010603654209203361342990050866371963866535880505606963234595190914728609057593613312000
-905045040629729423031003263095955384629764450721947852586262713050834246872084417806244283429892466337600440929210649078726953956346936982095772654161471084359000456098289979090456869039306341013729227374368741323445251903446339991920188817254599523674880000
4624138990074003801830174023479228081241146100662654175976519208866348562160254739891498026267645666385632441515141059301491364607152452676055012151130449627169944658569831890319059090228595445435757163145938118716299841693934450538995567783993596427120640000
-23274050184845520150860003623096681993743766950167278434390567325907036948663541522667173015099995174536029470968141029294447688994804155267852041432070597812938289035627510517020329871752511505818432606023085181971738996188350000683556246617179332267112005600
115403229896910806448429248318713411646614670675170709564266457207059127538977187023084233373896538705789390681092289271754823215582893733585374298105056509999665615260643210976875466137749577517064600362136302313508879661359370737543154865368343243610484620800
-563758233841390410788022854012370558609748279755763634342584253400053934085298363903921434983249723547314770319670665526799539336755254195790005787553679693053922047115179197656238345381427548604453097448090406877892315080954813496674293915353926442123235056000
2713440586534570579682049101249649856412157402053786501551796240912299939434226157402742786919265860485174934264725232698525540682158225998630958640233526257959861168470364552534147299762014186289941740436666838478861426946911872857642692833582751079028917120000
-12868362847049527109986035433212990338152138351582637925060836775620411740580526809012197006986656688818616834855312968708916875767077937269607921900569117146845410902063519102074215144502684246870945078001121551475840704616279376807365347970031999121927999160000
60134604035005657926202511366578126089295414128255262713606607821543848054494653544527741120913513703517344653723869132452644282923442552477083498838494228095142720169114018521296233151302460996286836238883918760880160066266355461338484812860949533747958411942400
-276914657781026743766497868879343814553961496043572907951723155984147318594098928444830840980406390418799042500543726441584895884489925816935497039414757152187434503934511001314517452216149774394027635029057087506327701817707092595283217932877212555736670299267200
1256635916983998877374160790468276136467760297582365349434188483680077616309984595502807244235369958456854201257442504874573646353079888536389132106146927648206881236973420069789713820950048960066984742704201118534219009001721454295924703703429309801499981823488000
-5619999596843298550756570499463511739145515999232357788843907360846010385442453428548109566454420812295082963212892579995502356537610152016217339856093960544037471093288334336352275618247588222238348538401282106965057908561589093271793357602230889657537386822200000
24771209315059317529415746893892460551715651346639230325338111755267061916689877007565015829341203992094233537794356679054437892924150653584173119981931882811098671649868065996803867967856601173668331669138356566003193515388163151633329442310480803795667748057600000
-107612476065618763200713411999353097917209284114851513083594276566160012338356310326047756828995114879011727558357913034553827786115369910271257821474448648963689519964335149405976775761122090683490843347012163616094634694237664204996985403205486312655442564044416000
460789401977497147937311476680517173968672071593048399513377524034600828455282545169583377348408752907605772173553489115639535906567259523451443155540944784359140843873139611737749739731834572357255959570216442052049417625803134632169301609539773955574797461060608000
-1944850888247707591170646211996781264453699236731543685953146448708100069127530252927258937689597719436458718984949851893737515243831830056644282369409818499831129038338952731869730977948063949343860376951564225149714390611340873642706187313249860565266599681426880000
8091577820996510048867949691531264093346741587016332646426068221227993605124129342594215741291346454082255995456111315373323378601421346475102610867015623629221563963178402023870456793547827290330365001771150967811902700354978969761427860745292947896254368416294400000
-33186533649312975369866558232478255260376038548176082497841992642176762119470158305520925856895572837982427458177160469145583428823962638917060262227174363618421497621870515078282013192800051463938182499832511861742218060879204769856843101873604875780208537764451200000
134180876492817301622803484296437142183209880724550375157968551736323114863061971657888101985444486892745668492451549973272905224186068564939300241959759621246936278254056968458879738827274239101083477872955459551620192952499809026049101722331338780036197289147605073920
-534856513532981362450684872692858447081207179839308124737856759702318697103785215215470610035149377908961322500273444920258439654762604723616678033816419153997383880580551913304598979604210747821800111809382407580617254791580866473184424617814352827589404309236900868160
2101935393602753530113579160711951610477137092847381541629957044736489450267101908689353043746292298131166587705757175095988352334717734162331558604598854934410862248302772241886502166327378060960133734430437039845689182863782319262615032683625494593916417969078082124800
-8144303073969260103660950185102977511053709607480393730532813931229488933279913073483412019174143857469784943179436927176461623354741277440936554478398511110432694859010536367731234643642866041338556303097860219563692479935369158700761724763454230647082093547969661408000
31114130354184613175897431111952974974971520415482039754285468234260456332353159998094862783404656574550152471043616472076911282157459826128715138746974343747256493626970498289730188516558033344407790017465212501368636093877490339822191604657935316158922159327732290304000
-117205200481415983132873628696998414898774663431764428085518120756890568978622556315045676168264041057631838238839578604954164971482586861703196110152144187654595919465374146474175301798067636162087233451901596314183353908075735138424650097435072450675317611845382663559040
435348934287187453236260374496515463880897751707351720792116512886190884218144184636161235663249431586981567461552169997242527000084644242451040207936086258273937555260903181714521660669798068108179581340465842076870180103352158283465670188842803833148501253021608789816320
-1594575215927817225090245439433333494002835398076755449978974034715526779005142591504113691487855853377929557791112698494005844351082884395464691861727015616624969022220416571715805472792031476066443898868856970473864104608114980187823705943163663055692003215881134114976000
5759497689349600512016366220366568707174981926942110520751790117327782829838515568345952167051003136092279832494639792464240405288512218832315361091537514078860409475582477485584634655825020972408762698413716120174343876896819493072924108539672032106557517662306488176640000
-20514978286027184975944873925232325735596425907246276406811809594131300649773041940381126231131309699633042941872226385061440902497564804041983882919180748916352001414488353834449073932239684372805113424202660328455359497478088171318027440368757956280307500220065168025920000
72064068647460402820978715055869426712530159482038753388825215387723637379643950160420175895150637759786207586373894665233796086541044002955251142149761471372374083800013085504537778361711725757081722609535153698413941277569194223770300394182426779717857966587497874674892800
-249655879859060922051762109364987813613622303283639458605355201175420311910696796120269376273600687577282238925010706362361722810735453430633475405829441601005698666484072388049929655162048660745852575439953080593594811652806701216948254513352595584157834167805855670407270400
853009366168909576102963677169171093555880717101697003465007276057056789358862226556372360581366643362226026101984020022733811130620606133778136105936734893424486736009521831456592845055951671077653513499545141963530787162267856141181545061493554874179359614785771268845568000
-2874538268377885215644621117282540830069408465663128723339171899467398961537666520314529481865201280490548065835129207356487963295398576662620102447306326660290954410717918111578697680239619844491396608345499211565367089321013835607045833084800527763952371743975194855586560000
9554272823492331006496306822673539589386655701443183199367688510399074603327008499871320968698849909859236604811545604294983424488006556647337967116368118242015185332877494514473716250370638697034644509270301234308471313258456669016918274138243527906792564385618737852078080000
-31322399844528916406865136181623012101504745584767293309195749792720777845682773655159860535305822381770936092599490601737035825615819611430908616904572033956350558696972814357159275471332817705134436094948223844298428572100417959043857640609057708704736653808132742550016307200
101286720891954365578933318304698431830002243007149695926624933843581171593418641006329279011785785881219094569002404191379475405724815874599967865984993659761595425245045063569676418102633969437222092520732766932490804029317784758983739430042195109248111991898188190376917401600
-323073976673189400949405225500704348598383619357522162422205752115817384489261363463791999582270823373566276988285256533294151898387382666418110392845200723824522517291629334848101172488015822924147128609222070305906336582772670379912733313843085718341450970251423024236920374000
1016517760640494987550546120128930968770451829275996602214355127600037516769347681762098911408148957002388457757980940849474471864774926803516941073356533727945288169523449167607115826346893995723644754839078274312121738771536335700979149625021064892738544758610077544110367200000
-3155024157022482223954244444962823181395015132671298519886955721127196897820645412628229889954301841702625223617893177900139799180039152000723361611276351747328965536894002221694388910167385703115796438171358551844560438705480762627231305270155852197775205358898899674783832600000
9659974555087060366644285476932326786870039232245187610238499220947081436735590309528705764839964171423706483484276011672475370933251235569552048710880683125076330931422677571559435489213089101894897686197560763706800907714579679371802169224789610421401196810110335193610333376000
-29177317460183696259965545000647872606749564302246612192284563205543333515950144481089762495097760378561196751304951022032286930328455347168935674408309514396396863467455423434526134374215492705127307976430694713015181948272746354033431932050708373230592593436784999050400557388000
86940271357047144618578567442472622026965900072452220719827537145740191393348829080708601997812492209972346422760301378232205432327103928125324573902365746213489996943403467390775391765680114829573601339752262016879477453638598994574095406280602857079175642377536584044637080480000
-255571665456149836281198015633806686192676388987086934416297431852893285305746500546022417029841359676009158848357589336148620422623637695051602655835581584082584805064343755725178808897964616710902195857559163252098647565161216741396072469564536176514886157172717162234062859400000
741190743524352829403879439900796199486288172581221692478546689564432414100511959160364196637539973133766820924122431758743384214981428297297706164425263851132968856645785501818775683551259824247208287413170242700361745298442852966234593343212238347526114122849731588804768851200000
-2120713485140466424311114950430155605875154876593706037061929751848993134034737330348613048524245309629661972198622204808910539500510237179935629320307675562457928816856337622441426455168953390631718532153748027670342534691537151978314574338432436665900405881150723265177924756274720
5986562994809532307612040243228097981209615191845721296869853823887378256736064034345650378903817456811556362597669988714304824359649303975082266595441939123962324341101249799861384727088656129669221929038158834181015950013624145660325748722792567928333691986175532460756217979842560
-16673437691038361413061717317950622367281803707413660346602650176837591951445201381805985621765619421609384443373497840099920884333701233953735520714611292317976138362524544983463559143956237767284058575765649463545278836371392903479259869463821227875097598906208175338266846199372800
45817663232138223359341621225575201457715340139957846529866876314035499832115669015887544269667760520833960891252272450506322428157643420925550495419024551483598677671680445386381941747230079952613428938331484511923787896592893115338673290254146323487006530130287407491211571831808000
-124224922997689642356415636960431725924605800029120138828923232774451354107965861256959805905887697588601939380110237826989135874094371878923794671511312889695042522052304875391234948893819963746953840527651777968423124753370480317257990276798493178537327177388281407378313035479104000
332322730353176926883466307427473559913096548779864425644327555536821392843163687946518720265639940837620093584045529505328414313127558931972128308149621423226066876840174260820563899927158015569007461451058262613254048239688825203745682305265765546790731007512198666105876613937008640
-877190734165576564968369108631199827187899041344117115413753946610094605442107978554844976272860936305126297073939388643612773881995410939932934493843989642751942432733962660884480726801318474831068733611023403951796250953724770891393277218864506461322230001519085427149532405432325120
2284638753130256123841162979841814294713284627739351445312024561639397838160499671094324239820095696320849839049957659983364502444180444372016044470419128664172250822495512916397303300217674666646765867837994162781405904605374324522847434890552379777440800676084154441641294229649408000
-5871337827449785667744076042754070875501492033450438943394449216112159038366197206236650346810219581995046444035908432536297665593939596604627494093092428359051213657987324417752269032791747360649053786417515278033714300655245568418842271826601015753392090957156451358956344742131320000
14888769681805770445838598363219315554532846536508738831114588740420586350169339807706354836553064322209365731392813929515821978034145308868876130713666401970545198930151323255089932378477513601894974698699556610820229977678630093693329382699318726974467963900604514643182994766520960000
-37255347973187867640087153986006536329413720690639519756795096438019756987638015384140329928770841154001843516858630936692549647485031761641079640546992602971602996751548035598093400182145468218945772404235768082707518317615853791586512563525785083966112592935777949804095244659655814400
91988182924835379123099226508248388976433401946960336196962587570778640330115490558338271566450012946185275580540319885194371142803049605662060661846090673153396694299413141151977972085597516461271554296912232739513309979984177704937493611627378152113088769709669559669921656183523379200
-224127046350660782103839907413353057913499903884876548933080904057006830930698130864872562030173297162513763849391859403440050106635990278302419739574941241626528680341252136477557579059125935388295246379569554248407017830147903604022344204816127726663042580256705347357929222151493584000
538865265179529593155830128516135501271894234295715884362019551115041220170613240643177038644257163580572667695820142029298434297248205152355748312566611356578759691675456436046022189683913179310878473739413409539911338246655939631174531196661667932385652861081386393568359883450922880000
-1278481257261582428272347169046721779624751599242999781281913492167494403336484418630516088300604279730106604575813300111567883258339357900666196205024456802479517354782368943700507663894799080087013686942276294583369434765348672564110541054041405490817939128200626164302188104126847840000
2993236464810762503349843158959706173674615837241198665861629113603783976348030064291378542785172473110028278498925226420212495354256758668289852203192359394084224688025248167940372989017863399531356825433010485775891264641321681764809068578314268639010938760635685581513034188880994713600
-6915507935771316069178447437280169915528717955755755482450758467135902909861179799386157563066745893217362787727937391364754061893891434909357168178556112743623989021697221702820572393801494972258306461846289851106838286382930127796512001227328317031140820512371451815158489675969844460800
15766929261279884754125127245564761242140694423961815043766345198065589339393409570432539998106688166999003353022390756586888574506321740785928466853188308610407344844218686360186384340260538559358911460082347860749435291173551753493035070860837310549454830007182124633681230257854753792000
-35474263766988293858573125804477992084334099639805510343294261011345070703531695949804295499064843705419754934810182889656869388710724100108059113674715089179526246685213429826254716471306247063787804222483482977245883522193671013429904363096436104505101794851400317238792305894308550400000
78763649632389846675668460221164121287641408695473596994156069860430639250175835330847142868255813609031064062427112769829251005296544858787493982548175818197064092846583843442342992172733254880603734201618421952856688653517642227604171218644592229030655739666310481060122079816374323200000
-172578642145977496903057118553599873934567846089799162967629277946876216153758205805805963926356627632730068445378778556355831402080439787800722094116766474049182850873705992008616363159632003033742673726186612183440061467291166127999891602604139696208099391237036367891423273604270260352000
373163637922081683277124878200867621188793044570166663309215470310061289399604770556285830313357030589819149247139944836912156645255238121866027700405058737359720368441889854917916440706832713834432060909381784555368194988589207273516360278614647223380867724038429531342057473819122738176000
-796277777414084088585318517490346631408153163952227439877316064750377313118039032861614303727461085179334689363190331522885053031374627000366058013008238010600498996574777749217650403517045336222669582126757880301219386128865026842775505817314125786195295718661258048526651128848876770560000
1676812500770232374603441757356655055220531266043500925093055124789549603445093356417145928660132414486113307529073408214050609371705663485658943375539879838124318906901621305436915084886182863303866127215791293312628327845215982846537251285751478057680053241734338974073697565063732940800000
-3484659396779624529596314619835189982721031104594905372333947246236860367506979822099909467059510268967444453842057387888705739616865924917094128718863000047049129172898452614433662441133947419190131391166537897153772593060511124429148971686048387107550864789448436061933726606383343130900000
7146494364666621968608548525230000291674633746241213933376784965793497102144092307154587664355290748943722527915017604743841673283584943972195176693476189963157111846854497664018974208163771987160418796177276654500608112630410014473717784421378523319592315770858161495194216912220132685877760
-14463829625630094619018158953297063594472588187214993498609100013097563942750827278320369461731526951808274510105707472299810973693007017253460176997703700075601850633269832935676901496211794220940049577438202279068277907959577383236581340140010221848152096056482902502989893195765756444068480
28888923617183514878793473955895394537893589555942617378114238066874988472276099739655968968957456070952427032934452697492606986599473737424093644677825395637038220558833495812840666459471712263369168866268310632104390969884913432876806294071490850445609534944074605088546639905843537682150400
-56942589228122284781001333273523037883296142156233846753779536078838598295855851027697923599650387355919906816128591405982224816903567953700364637232867404661994484255941715690649409217639446696408931361230040953342882824123916106873691076524224953657074888389593036518889109301944022941704000
110764471348416277834907496130232795873443924964686070815955891694097514062730757453774904951338393878886326624199488036868762783369866322554238018246226010464345328082609075612054784147384006380642670244586373592582155014649461952098004983392443680949083640945931741752042109450100224866752000
-212628001908512752322438966437221364615356467603760034126455668159620197647566081071330582663581522873478782275252056912211455423221674011135355699714291212412926346341415293371050118627272182683324811354773188127658322487384465250918720379178057908444205948098646927092214067533992962854325120
402806159122350351507106505485388829036883765242946989932256715258703670092336350580736229461519255340683704252931540434805037495973324758487487808937581193763195938962181915186985146301487798262625110665679279650844708749924492106311193674975197575922638085519312242384845405050060542887464960
-753053837724556036719727112709335072120920572190315488665527124942535984004186706249750726247870375086509693453686761598027959609696711575185855023304550156480781646813123424786161941635463913870701764282364326599031079406234245284586130045042718045429835340282788242976647385611666582343400000
1389339873390401971630493610288769379130789009018069946853675640263117835249485908710328662178096792511647127342947301325470729512557288426211852108791536843064250395932922732534804105329036556453231570125101050897215880073834883820003072175053484857526429068185526909991729487425897048896000000
-2529539411167896554857162676063231165784311284170473504486877887441577294717053815053305488321298187155081398681431173041130715123372301758242716273682421697998471669255257249882975850547294203785740647974316952792317604138374261682145632886763223498819897236734234316564494992146065353488000000
4544880371819345726738743492434550460729425131019122915513009895943921511833498374736970281089950046578104059805637423518934433271190462103392943042822356008369404308016000821410382902575006248554754731636100051133814793173853286394734599865209490057888736684793438946614675438672724103838720000
-8058398652655053299206965241819684746631946997334304892194345487183102575734226246057167950453817813662157250394752091438619148391803212153410717184498637656106431047642633745991445396042616921565780199893345812080178330046996796741942436449458359158407900277100805736409060679317141687488960000
14099938036691745237516433334509046215866185100286910658990907341778477828395729948236544467065484782116769295675483550474238279192195333554758056666355571736049066982896580757286746310653000606232706262271324510161119590468387280952092838652152745074477531008803204396985570039760164593395200000
-24345816673939625431736719904697007011206698568843324924133283182025351740806517329060010444201322984163029111001000435247031899166596013669993498556826966556815885111612881875687278845304299207199170891558627457741478383337345844458714781519204138690934166378009981746472242033379402903344000000
41482635899952659512614825981414021084832645757398909826789520238444064953856142550073575331545777619485290826762580668435831317415424394154043648177357801877449212481277613613152631702102148653529891012650655506854967666768039711305435693627581807225210352501513550242829263714303855425792000000
-69749163268654776408632522247811918889669390780526510725950316763421341088819679684584647522306892650512689779186270402037184501048028422733072452818210516563004839923598187514239917147862690884474243310489641235822860478451699270837155234238501223054763844260748017837982141692128716912023080000
115727817459646416090409925861764415205655203091161976991415094882274544137452435251528956327020378969794027111114176858241411063807379401903216648012005837711879107001554899784305923377786742569084793294627601911361330186936060937863242292885726586376637491498420567535177821156437736805114240000
-189477525051536722335034419459997284201800579680282531313124724622411287900751771636036711587602435583612804616303238304290651250822528754038145077088846044481311525422513687005979329674869916864228799348667570679442680571244522283775305430867903383217059727346596136160619585096390827019301600000
306121287234611988530919805864345558990868182382410430105033086571796929088243984048466566503366227280337712076332011282652172421691633103612915381365914962887044988489353007508517130704712866752145293872256706173158423114645928396283834410486172208825001236072842408672849809788407676635360000000
-488022200606334447518059519181715769290853799288862556311458703066866466181008150665011207110554937010526291089440005826228931084722150845928726108431589070016428732069503527305426740570014987940848667651462993029645683503768963347831355405174584501078462481849329675059899791662979337081630000000
767696930779717182381428605401321612653387407647672769965067498182187408624331755408463443901824895831435810242886848981854903602562338550203649047272709143644002775459072071008540017519085301479828314774206441546543340594083808332455275348241648761846443005183525285095476516917703638893724800000
-1191619997999391468250293033101367291978495593934973334343457685682256095153502458536307698394310891997723907124480970080847654506237823832313427291253013880459913290818907674764445592332940703680096389247232693399951345297509325931861348722426842374686395842519401160104326056970564080775402400000
1825058149011836594491097723499676437287459691148583132997634548183874666543350484774911756264885668479524691139200803887203606632838798519748998444404622547331939515384922439803796098077168603843174066305978181437024925906001924553313845901810620588613103435968674202169322997645093473219584000000
-2758032480162349640266894476955603317892867797115717015096012341976948342902440667394058487025881218405785354089701787156870109561804144907942095805397821973558908660533487515731721974762331488752013098218150723101981687993193107401270736982046503164162410556323302935103858708638839959488720000000
4112427004823291552449055025009138812802371608647502566274675392188592448583810500141060934639258510010774736131429344995698906288119055957959240544788275121555684389751775839976229949885131231305077448816496476658957163458568674586420817285466929961137506348461745935460420475415613886466560000000
-6050136810663949359298210567913044875173844272696467415462242042181582192877324666839526590066322891791691619400780749488152299748580145220454307341643793746430777983252576587359589882591806905396329061459648552517031235565630896952748923657302379887946121139755345232314403236703844499947419607040
8781970303036409596817554642220157263295784369288527994939621756375634170477382678578769029196125391796425695004247519550365097496994605166903787206213260908931632593331560193661366892323225946964071999053379165895421857272199080404040944915366232853334024634344642320037579517628183232507287633920
-12576787119073542938753031414347319890249985976709265219510328493222191509732702943174385068031015743211859643993469555705277680018017359015244156706177012682079669409809441008637771038396570038842396194789455282224098337264111636548020655948097474912548231140880472030042480304086279983628988313600
17770073381071587173379121078497892653755077125616490594330705196566342235314184789337302341119609177085731478429117571247563832911457606732470145331229186941950121098957425437379118760058519806791331091827060815265782212222753931625286883468667462873828087056214436882267211153143513595266379776000
-24770847687083995431575182837630215450898309739259530172669466650796714865281644563510936999254600597105386091040452454197519346909698632064468311427761089795560794853874048946925046305541925441505437086634060702760518192259732924125130592271493442535680782336575933909928344916542495011517938688000
34065486867663194271021594003417829857456831220661964262372847147725419917154106627411026993023351077209566256135354406215439755141144028815578843231312690409507551234338069250747025618251151721356127736027131784446852423293108143129037725233156933568792284193248232433086233230555879644905500180480
-46216806547005273318776595880521995637757251500285602240911208472377170732023972817428537643900836400267550117977337132565817183667976975007317530643092426183785170027140819569269871350029978225722311178487859624489181358524476994781984424799433630896027044135654908604782047351507796125297282982590
61856586757638513245921226299234574548861315578210831929272976562221106946523326576642836798752955196651749919441575232309622235556165340741674661370336726894375524692262539174301755171806538708441495074540519777814102137709333469677473135888051794443652299074806490948579584639786963882515705244000
-81669763343474862337266194539213848089457915984481986721112846961883330088263964848690819542972229244903236609430365352015070461087879198531970398631873734197346808899397470935242920396523911639795997755934042134985763571488864430962753538662361516054930327266831447284056198486684654179660067835000
106368776312110907301356164703895819678892073817209376959946739216258296434928609902959400155489598018346565735345510056123979607404866203803479223441355143920838926073292858494511165146665987569441372846863424714143143240468077512326200431804135313049703385946073103953629521763012848144311217880000
-136657128016723671423305940064624971054616830161994336976248733050189597441969154459498830534084557667091433247766600634087448297684988534528526140187252261751197335658867033541269233458917076248793103407947360547316832060523847098639322208605877926080675878195717500077940389579821048054516049728700
173182081111958443161890682666122700800090452492251245907805238131512566873215501331155077616982306400150750127173633674483657559967553180499091390761807860314108183860464075271218719426335393761186873812793114330805001073397376320537505433339619641559762587350154876568582932600032169763366091821600
-216477601389948053952363353332653376000113065615314057384756547664390708591519376663943847021227883000188437658967042093104571949959441475623864238452259825392635229825580094089023399282919242201483592265991392913506251341746720400671881791674524551949703234187693595710728665750040212204207614777000
266900054164940508624637435443749076975084824642166039898972637812014625463499146176771838164066472874496811628861330215847531349196044023206973387720058377444865942828802938077923860267567161227464915618900750157784746265294572941191835637265298815802898579009766077899216999163836824253275678240000
-324560667622836359726008616938763566357744549800526549293469180045937723139175033515839411155864407936355433252710117076786699730808257562828004699400799294989450230322680432319190210761838837458553345865597671001531373396213712989050040831111482302223127055595941006660243605517284526600348277632500
389260201778081446230877176974730119087428650229968644894170853972076308916680356323788658813692045482828052834122561775368928417623277820884668818829945458471932448539657340429355305250339825505292944139325001672238923359525863478672134410246115847952163091926130798788926414113033420696158538060800
-460432388312128589510441567818221604624119029109853097929897694633458399600934607125994180311130199030390754506278189307846002120755059509628873699111518814742091729544201789142320560267916374809408140282838591284904350341014162645153866035342983968322974527284946364167584634184551219378195439622400
537103303623793481514515854897155362545999220928549756959001981872636739340062589299859389732968443257266831414974178664877800731697607608757832720589626795634001714554781534108703696108514998515204041940844411497603357802167764529885332933539852527118329078665939200215690193140418288985548019456000
-617873697676486082787604039191321310848228804149329244663866378261118993483691683015438879437047750391675093919333948432077415424600618576988415133363749080937561144813555695251331628577718475054560230081341466640530706148419909003700373602608185495839161563332218010940930638898238209058683798000000
700930281434300100383754237353507880832346237268834579897561714994247397591095795737639705576600319704700392609973399467840008808261571533669034721294114710355060312260128521051275006242143615763722725873290285009713583371035412588214041656291382526256479241729869848151892791502032560429087984000000
-784090034577307803651505820328411717064430772332458040549605765378132798712706050022068317559206851462258056473946786738036829606377543168712978223413083134632987838196175867808099115007415222522850817177516453391730219620364428822445361907118051490174068939421524777049913652320977411117032867040000
864878821380952745172331306670170291471458830967821257183895424105769008566317066763629447704092109628880334402329506679850321928533544164854794187473577954689466085655094765858287511179323434404911411853273414800415049236890587683292083133015878257594817290677671588612075069065205241210884907520000
-940642224838050965618128765560327266750255931469314141696882370521608770467786315651160298301116073763081965123316443487702153897862397697137773225225203424038817698181190532206789367796337858853146582433683571068276883337564894273573981797390282277213545811180509899135902633438739994242455856450000
1008682883294516673673346629413803420932529002710724499247471978049980181349346997099662293070149829128869442131994930343049767734937578982077457582417559039423342731535922222677972417103185628138623554161467227519176273884503835424385576423237013237731709552382916061384713849165078027879846396000000
-1066415185888109008730813336038971428015312810114528420251073489713904269463499909435658468589922243958731874771469359130999110427103208169647211368336471224308020973815876639413643570018796324554411094949892618811332228502247361728645057774010222330951022727653167410894145830222437773814628483000000
1111525429586040390138150484627251356586829976125191248897462700868876563784342702298926851281084706880040744422959348947330563706525398753907726134185176962444369523835539308762195580339326961807297853201062291374339855596180443516016106234427527471271185659299613461108365632019218976306304470003200
-1142123896633954781785384542155388120065649846687238692304020925030318936109691455800303263893146703182385911418534671289571587022170533195030185986414045846216762966540369254289321238446494161961019545048397772694072982528353180205433846398962217204353201994202355655867137984601978666934774335493600
1156875096070468344959012715092295803301259055696440604802206548936600082295419201928860921812813431314562069562336465386301186557404551602624119366394709212526773680870563912515034037353041565348309492384384976915942501558779720386898285421774603098207077623706904580719075762270664051325713372448000
-1155093768286808263531419390301964257307355403871640174804128517528760744142720650028991162875701936071996559414337939955669104351510302577719711336212511469186746171062277629382829582997094513613455592099801598567862728802640095280459166121981745873313352632282791935862371010760516944264643035880000
1136797104365511844048958474997146462966841160568320172035234355556111857341061183147967716313790597739025865849791252734727184210897872070938858005993860287399419980122801154041697931607268875000316105902822431149225060419478840447134746448179976976950313054224895936878309867452135533539211645440000
-1102707691197612375358153610523698869415373768113012509733514509001106513251662779556374959922799249584887475408300701265602903470083830014321801179819222971893348087606618685761697525520423350445140810431170192174329293620420233892399876691806620779593040273734044784485441162115656316200554928878400
1054206484126662060903943715900418944218382935972379887979680389755392262918928583771122870463295421191018170281807516839171641407146416080357697185473759244466066291425493995146705624377676547642542387986831163066017017474680951559244207795127951639542551692400496101762097522141141373555900893747200
-993240038519065375398973679817902638141471021046860860958673522489094679583531061554390889158774828136625879085111767506349469750395418047643484503063495440264825925318836295789534214909931785776840808056854847501651388691344377742271166805617949003982768542240168633676942267069375501907296847040000
922190678673447056582897561853178840692227211290496492912721636333192827652129128059839759740370041082289707310228758403428018462453062043760934805626259797701213098012319631346499072540580199407732428761849023713903248424732084667248735327769739763714850588732272092300034049361070338271505369600000
-843721691521395539655100175831080467556059345898130426769347199339606456195863478810252868856887602181925763384543130937117682086885027863956192497911855153389278145973307659144418345318228459815696279453768163644614937648857552120738518226072609680418195416265628775380584365757060398136148528800000
760611599137736743560542385657802845876576048557029268941319536158120568156182300675924359115749310953146594005168189839821546976055023457190867829696493465703619611705133641528973701663058919563490850929180917386436247391812193247017017649565291120208580377477801187423427634326808132879302429952000
-675591893395202548167442001383886133325234481586065913692523940785563274955390394285881124539543922547300106291963965186959690601634867465833147347436785903513192278952675857719259210070495130361463895454029306945043188930477422807662078626019207488832143260854989115236372046515056864370873385536000
591201346088045255762595387339296488849966631047161323543531251463820136929968065900111831596963978404610856772872835783802820218356921256021722502437124742624420588654820087950614962690833796652312369754718795233628101083038675180908868959966303776845911523053911246054191469033317131249044587520000
-509667393084800299157315576433453841570419366717632022086952668498269421431054284242229655169040669316908990566457756109191992907426838040266122534924365894113609112072758854032946601408276314496812258865151999580205649208413875250902882366203589790260499896990378130414556339135167600669884901025000
432821552145193611410664134831623353107681958340395877235466276400489140734208381996538175810032406141086922844526714542603293458387360885525742497780383665637265682895279510528475910785146519254198344090558075528607491374078128180889113402259170946751077413988500377558262616852997061581082557200000
-362051883137481871214373498469320704729754079515915690459427075844209400255776759394464496195719021874189345246012007626130785868062930451080267050848421052246325844542211870227916193196483620487676567282124495307514963266052583108173225193050302222746629548117443674920882483150909515875952161908000
298291656720348545610991960902771187486986249804163931601815144217697021020595327752778060846977772087226677048260716666783489430250168653074102474033049207887503235932748051653396357706359977257994340479437675377176745162975834228351455170212131239316810740461943178657315443658821401537929765024000
-242040113883905448115224230801489780051219080651870444828668380004472795075411518936197576230274877578518221659597458277718799449144514897998355456769287265993818157463961038112687969223992717050505939740921087105577654274963444021961149206595119860575782875291559612678344541301552339385926895210000
193408796985822941917836925683260130129804994032758826721879705859204344164442570082623603412932667845709909327404927696903978406403262961743144175638308034422951060606736563204351765177997418603183583573800353824070485192168717863999986436329196873993857881221691451615446138374197608380698494000000
-152185576720310700965544944542731862077356970002661230064269568635777512375124167233901142335644749157645750186089029425812511955142592482496141246907402521463373715639848834666314690696597927153712863501375392945491530257936172521683454550118673550267761766804698281951054401051000762862654989500000
117908191034647844894006346921564528224116246428720836263755373693750795683773304815611038446865976066706200063738772996334189095817686360698877649313239961012887209460513275823517399661332015402607711677296575627197023109578724459660847337974161970160914327664923607724997321878341573516249928320000
-89939715707389282982573116597526959856674135974829935742507794125210542913778548218838254799573066317409782104408480365047512552967305429882533897194025820790429725961861803359125483605343802335218238615421407492837594109323352947093149768750310068386646129255271177354418667972689946845456668410000
67539670197570158427888800954779963732794780203524979804597221177588980292358954687343082881834278960936230618145741810708059625532024075495913629563108870627238320893715220153368386831479480174186943802622340490489204432672163829262889735537422926571341241844586865149323680877359249952307017600000
-49926148035217929935574527483858055033999744904062849638223329852290759552406463452666959548871799044982870804560348871266278254561165267734890885688373066667324214844690955666049589585519463943454145375468937677336199101197741031619773846778907797112468985866491427894321798918902841799008988000000
36326171713905391510712988263777796264601239432662724614569760519813081815247431624580042558081148804577642085603534338297433674150117765300378992765822431970292340434866022574302230437678214903567132899894894442292201196124323649901041925540814916908892323269801617450250493574756345603985824000000
-26013171564327650860821570895691279905080947557729777096493405508238147887898685786361768475841910658958049497500690939654792254058899331731601396719605443533926344985407558765457827216421369692444423869614733910125445276544628165694136122879777561998457792693504938256124378448883019087014248566400
18331905586463635634945923980398636211295773111399772718368571592918281987467636009399743862049583467656577127365306289280241673239286592117076919435253124786195839721728256995584500746283944019637659355053051629603309345557128719586309236913809315332916117348538132004911969130630820881311307187200
-12712176755579718386607549692341473479051370229710085364383363782225743874143575275366067283839808631331303675499087718362449943248307974633179792220544974750043374009919560695646482058886979074623742005946342817357366996620330313037105035838492501954193673980398821966697266432028707804904758816000
8673340870388671695989466312978791825722726869795333215969827656532808289779363191505521840557304977361618819868017892344147789923362758890984349951474661725350640438098239627654104022140317062972379606056910695893272649394912163389692289916273680384392507685871561698677872205364160996190287360000
-5821863683916426498845595608909857528188386382379824980374137801005233905815911063654151189569893737671759221919069792198153132058474312048610978407849589798397206958714379531923768988112775800374022075209144966221729811503577153648207905777962746875919975212924932769802679693076469432529779430000
3844151087566595874927082662528127802326723409312532863149702126191297903045810493672588902640592883018007400668174608072876731884544220836053541926619222830171997207547133011221559648759356525258521171165240746091948744335347735401102095184150322645595362079857039187878095108492653140808483436800
-2496629075229477924536937480844152206874439645975085020790324612329354087935461505742568552012926385097335256277860037173051526080725230698694135217047874727361801723509801783623998322440116497613593574929212968218310040895227282593737683310198359296067652977085160879708985836993930918150992174400
1594680795857935586129546587728442347970177579472462500945129833337511444086566251585721088087705634891188048975874271746307142463682998101426932275846768226582568130752475542171956190632208438883577896961650740981254596461423276768379595913738514250796005360486866544562604880550824319331661120000
-1001634500139094829435075828868688198935349880596081528491477917011886694593291976943152207725859548985826445208166095484100513194663428085190628264213291499208575666964140824552158981476852545021061614421276347206190495131492515034616906545371367132249114304737412960214231023440091784737909300000
618598288708770791069715979898920263872599907405554357119065257070589275424191632852439745972271822504961341220087120144389345126914391631083890695364830417835289638038368430810231468247369014513902884125572874624843069478889523848318406229170816990338033455051327148206583246826230688434610400000
-375594084785307667930560434038731513805435296537010314084706958218645303139710276642112453046161171397939534847563614706607428707703723592946034736564437981792625547241423096455215358384659049197416434816264845592975736326989852518475865609426514053790155193223620060048969051707218880743715736000
224173605799012014498354987398681701274388900016423852229422393110554647487610703466629456782382234493649295061880587977616377461340562603504809640847301783613948238657094865770274006770293913339072755131495094202823619551953249099849823408576977112490545786276125544881741146358643226885301248000
-131507167972885653845419969956049870061575219175685035354630647585657289044830798215214857921987359269804435758841746553067299832859270499189905433725603718290541935491796128264828825162492130190127277303008170554448582290786183944022478691514508115639100685458766326023913422119599785002518160000
75815052180879479520963977412423283498634959824461725615547152422071509204463079986478734859331482933974568809106777095992008641099649866735863986534741581613059319954032860643647807420485618033647262114280042390095396786571299790325404939284257452574757389732579919095128357759240125518707200000
-42947970601836398735084598060936322500398174480462298275844406509695728057901703988851442027042084022792827210992746370465755797713281918199503136434793719398699766698371103954822315183743592275886451081878404880664511711635023806128492454803882829918636907062495296170434948333876006436329600000
23902834250600285046574067455955126971650176744863189317059526380362175724560984641777092814324737194000615670444579748678265539661559895698154307951373629227249139996481187652316528432421830585472949100989196584830607153069615063438043510446859414456304404692559740344833455145275571473316864000
-13068092355422021326185888325418184653534070051196884457481079992019630861750499064137726606437573882711861193083850166435592759641318893064506270369225089532959584800391538590599625828304808896337973784953364937065948328668577703475736153719610198820431685280613222086259141330976899469664192000
7017228388167583225636542646852543501325502492437817923610336219580046386172187299116039842006304040353989292149434813570287148944118933114676813871402699113320852987183944733739571591869035297857447734936993820259715708335802454791576419854015527354740257518155116119919028612281080470330880000
-3700345158409837185110049411053873286343325228523858241134856007566017696517462597655975085785631135555125182981968785190810907573327223095804567656466802442722147912875122156230594667303669823763383573291357100840051225693274256375942531829391420396656819668482472678045589580612798307824000000
1915898877824485820786728544035597878468736742371488517299488933153549399024302722509586337790247081594406851750218368079455244133051608479395358346359832225529864380593394681336440992432226055900051627927939219632871325746869960200230541337319554228624468260856364623587288094882392244992000000
-973834186444205688341097988169031581800969518590757869501182612126065358103671214881850188434029007323313302995577303126636386737121124704531728579782059643619178819780328122742972824366259120933025265449426840260462105798816743734978510215489701934039794419036259006768503496587242519136607500
485853862605406838309402717130012087976865917564015106174404321815362505501630708306850229394285412685017520020153511700528171983792109731180472848957561768220172016646452461971164361322392531991391415516387991227859162225770044564083959328402234033298568060226667084169944272207732489239960000
-237880206542605205690143406264274754505474309489769172340415448834505589982931627900131668292127029965615855906630656817612289753069002454606079088165296701166014355397719602175515593558613256496113047419943640047473770016504150228537886224550937567034468264895323815901076549695474131170350000
114278445608750902521734009929793736121446313025402629352352867329174248482632184630875396244585941990018755073280952752338544052217680635536204544267122953947997579700118916706158800996441031885527379124572987752009367991902424152961485853161565728222905898039410227769478828233158215398000000
-53857048654947163165463979131007901874107543098477216525195791470204976329649272883738173281591985864123207873613288518484651633662602062203576507187617873615581506825407551880465957568367314152498628519185332105006472552425207953431866232409904561731937047455644549215434252297468339338375000
24894831181340973201331250339335666755989838430675044919537603055538819070473809223911314293968730109632676934639481170428351539521352739266531781178018982829890191614141522490053206270465947892843484391201937559241051038102800976268472775679821825533728704425793036410834195826476631477934400
-11284379375388034006057156108592881503220844656563183963537251608966008610428834466328049074893255632234323327678758387811405949728651111339217090356135989874141858939252884592131178306175957957035917550315884471012450145456417548927143842662727772982012052375924272112415933188573702135821200
5014857596334384273376128630028651993687910090619780433252814451253305737148745558640863489221142137715447114733090168137717651255557433538512434734483463221569650298733711863180929337312436496351287321409634711467531080549607327525908550564700163399126642247696335052062631700670747182656000
-2184537675232478054095146752735469732341090742088935250635718594381935728095961858693709728420107323431313476278687079210422904205938607253703015818630721147000126982173514709138666097125477175058587525262701988705809823858169871026376637996492723431923614003367496488464039584435739205785000
932577460455302019785742381818355201744414048377652830825429225609523989281863670573248021829402160005119438215515124178039943806395092099843025793805382089601739337148342750712571789026099623110533091595041929528718880468937956969972669215379900077995642648050233070083853078940573694080000
-390064010525973844804598528461379807936237975110686031141115480232214951219463804691835391609802010891397477422208433344219847570592195133661615995243722211196231635149401872839365770600090098558876692277893157466516219343247520679754684206532039197912061772048118146090444663844482931052800
159812280870838290501079934881704409585909677958109861774375842468247503494302637480555188968527054927328611152947601390598301564870186062191862239250282514911112947477536269913686902371252948988333959739050100422202974177669925505178195385792482503042840324784329527310885078364118160742400
-64121226969741829342160147700531440647561833245912039455760738434081922648747406577311231965208203332859520868768214467803834797379735616566583571008525767727028325067081956170460183420749216767755383305446097865908754291329043179947250062932505975985897929340134393102444953827234773360000
25188437507795670320270685404640221794838022312329703024582580474065133156394566012027137627758112501504754565768862756608275336362139467915125759571566002418538843707870843914051399054981430821843685999379848524551446373673611637930743470870329431358797660742330205552782531979856854400000
-9684890548440959581262957698924603189841759215486015560197753812202622507773962135195596958186280608188205364028145776284545465977457493969696737112330852143662255935688838861248222055876138551412216497287459596647290950786889311070344756857910289892725698861744500580654569402022303200000
3643883435218276474575603705764245445202748417150202905001469877179269617003767228304735005234640342170984925736016282092569817379658411453566273360045069288607664019857656779481799314656396294897121224160977447171621413286037997510663729236519528451151257819009131588483479959287054848000
-1341183818590783042340207454521167189134334298627430390018477871726457893949808138798067723147985846604228109225381630613950482050532755554935864485278067993104399296849713117894409074917775964089605284753765375764618627642031045480447579550782100036588437288772732823981842073662972914000
482769017108464552570399323238078302105430056863134784527074953518808818468668005477419089032127265443746489844355423218468910584981632726234959717512414651516768160811632331529937245046083714851615000931010474348260612473529124490315993378791503398777265947265797161587913109839325280000
-169897135366809787263163971769081423410847094255998862188920630459575194728237781942330752376813458099907457933828558090565303648937244352073426660853844675118445291703999141216703957643970762189779604289339274895590297297873310196886965738194674504987920393279484041889657632620444600000
58437482851517627508796003133354656717083596050775080486626940949052725761329809561493982648521004618591397544472944407061070845495526446417612177497853067046770437870151478441832859423002552082192185922059526614569080251567043494770738000011826331420388939406648438560527552859972800000
-19638735045835712033643736381727465906591527880420078735510121357523783244826139893204841971560488827228868539837624716867781498933007845301711206605658250879757653467279539671165785084119603337725642135692824822226593414300415854051456752270410390565317386738831186761573831324023212000
6446205650359538161007508795226854935224030031904383047763179814191207152402577441231520268750017092712235484976242552036957751062297739437016480196461710163987152824099598990110643055105107628884446375892224334282854614571755250792786451102562102038140659411664061508894402301109536000
-2065900779758962483887063260397033764635894512379328669893324401824128792686729381558116491177579346810284764152512329119262006246111887100274979995249540076408625077898955816698278572215510408918414831916829359209609839157537751581406245678837423437123410776360481393085963803025640000
646203101557427767401711259616408490838008976324144659555749203028737512183457923495641160361200859868069251084262966209562697769270605319978234101651378888148963466469596631118808077055740236195782929005255636842758052180616828516993343258176586137460934785421599123371753843648000000
-197204000528523770992580438062190371735000491498731037812134692477156552338098431510259677732254315275280429154323185663922540093814810116282229990137711649774570018123111674719388149732236573398951366576247268906355813432925023054980568931538424952526084521244001902568315191959000000
58691489306636639896166094836505202506537764426389819646772185224203265784707404644565753614680755003667581788386847544287267887278267872792957069276524238450866358512859550222723006226546930275861820706548903623093873850434245046835804863102853732562772678685549450926948097962240000
-17028062231342597593584290921483637931935381835525724262348711194763039447527834921979537574749462590985215996659096325935795345056935397321308579364341578185989685841718323013513967851136477407126103600191812869966583584876980797986468060327369931279885591305967365089425709901120000
4813886323737445058804651338083557169340168904992946157599100806997266506605382494200462249868960846756776923039603675263929386887509080922666445544454212903114293001786342510775901017803367613206426152119271068555195253089158006157840134653918498291384410866755218527220151027200000
-1325464389822178503483296165844201791944509942999321158881143615481931659257798910598447728579406951340209460453458057138292091142852344293882222112232673811388113523455588510881741473763486697899064275683851018801798336258570928419649056100829967016169682094331754209523681596000000
355282480430493048347079689185486983714455223019858927226800902769715394877288518429389918331216313062742986222481741935213669769803559383803636977694537274687392799022816345541227868699192237444755383556180721519865289136951450899784914603163330047732841118018268416782531808000000
-92660571161418958380741624406425499124025550369481411150767853408894997150485639798372069393992081518706740137323013657862379881432276887780754267758063439910102143150856811622013789200575451380591753054991166300719805082746627794263087646175226381183808496976046184879878438643200
23501899559679057893048061943100981295829988376275802433739936228773718321753681158590680468693148296657886022118891330272348816446260892276629324103732651279704481044617930451576585295083495302316792067129032755942666611680640784694385295311592227004907816604633819409959671193600
-5793723544440831799967338036318597250138227942224176663695977144465822137606261226345818818732504315610594722895318437525575401910761871728028495486412979672476864132779044144203631826561897630498340761318894511317380808156194899022549706589719335726569838408675587663652651703000
1387417526551969929226824442887327094705235751799383926078276512859104339061952467270897234958774476785947616393649753836104695431446639106038651343920289171943516324841116430298263959301551455304757187023054612569803491845539694458930600876639929524198444559501155902730903280000
-322541693008383127040163079691631557423215177289184556787947505898083937485172374070374486466644138276078169654283557394963437166876814908521051019841279520940905080688788701872700404787354356565749713759956031376648513581155701735389137822298438083153574047623185985143632140000
72746876271138916905293357485855468265800184084648139989213409304877110407288550371563772293813870155598063037122442653397665050833617035983355319880726277351511890605023844967503561243211745534813488307185004847053024003418128673887727462495622329502536708824768406599663558400
-15907352150155226645912722636074300846248268065410411434170805549063086737132208657738502253333415790478546908122193009512762684270862493042282587266874189845367133445406402408032652069917995707662275923628787710882310110834542670902116140387428841193534590105895774303248297200
3369963734938611675569392550541833383147009688315177904280235622285803277409549182488207524892327333623023848906615283421953820550285112571629670348183219372650335452031580200840191809176893377797247918288705821103518842772659276372173463820513136330810237293813100975195600000
-691141793115550450144669979019007603352104722522427914344168357196891007979697889124110786116185699293726646082444233363082114893138823569374285174479541222262991693117022608369623620550346762237450934211000222431462756954209833334185726854047843298081731900283054205026500000
137111857964931944268735671072989706803226337050872020809519607675375806302130768919586786100500740679712315135946603134886317716248116021925355353706852910598305193237296684932569864683167154327535831394129884832734381094228296014838965124450425256208081262765164220592000000
-26289294433415076258748554710591984755813049763712336767714141443868930638901600901873549751630732292825395978496428559404244667677850578926104592471154228205688933231123343548529541415987813409606002116610598057165251819525300367845165465875529453638230025451015167573230000
4867274622581463923474230001743106699520854388002327035024338401007278630883877706282218586469918959809172383339307005634591626382019619004834613048887049808909251624838238143805839237612924716254276893743759715803924125056640505178506551980454221939543235964135434528640000
-869315363858850181075931390912956047604511438533580051393002657699515859984716261069070892344010052000348582400235649605305218212746628482098792149272010933560644014829667621224746400875511301424951548320203108485629591182737637920873491721120624099501003004644164136800000
149626030798736592876944683088631189123923832054137130627031397951149509402464652543819318947264895228527998609971575507504210770857284596331463439393857492833332621909074681065935450461463593988858541203941795873491330495218827099282917774552556022863365041438651296000000
-24791240898779317288277130085774064838466820772585379397530644541884926185789054139705844016795271139897620709189001910368916337494188267896877014287324549723539963838681292064971628909404889799219686292794757915791836571379807022933204729989979036121237265688795978000000
3949478677693317546454447805895805983348619283748186093700059296355531419532271608640396572808878473808872973779901494056444964135685132654106344539194417289040436798740264535837551900718404061539790744066623696789385921493451110938144771546686545788231486034745774720000
-604203369329997584874817095809241482402902856026244271389077870048477898567252247572842179272091929915533711455041366700250281062681741941238924114199522182689134277797069493960098473389935907560205826675604821122643895675933094571765361785259692606812892616307184160000
88641675103094924434262529331947016402834384657088454162167502261936188372390502654555022774068680702440036961827746928085779490519576363020596637413467754084871766285814678263641023648442957727725850924054312270366870186551522015443603775191229617196821998071334400000
-12452799125977529369696985914906456662511254785718246695085337388744506023930243627443505643583535048174043767713055922929701934717147184446382111197359581916533888775901053387625313643900839369461722544232435099714450210443811335832751667525794124137298695307383750000
1672555213430255778916271754847638306446088289019728817794527435648677126090703618941450424202640175681780483574124504950304338115225267948644883994516139232890267829508291392931101680508064353146025527786390912989606902480125892948122902267989534023860859862820000000
-214402274948776907700523396828496746821200901271053477161988034829792804132693628990529682208415868831552707861521628468757420230709190849019496488091773027012354347261073817783403238796464728512487961922011498407995701472781075933868581533242865833343566323832200000
26181685960862259534807195921951840807395650631453323095143851682414087749016023685332298505235023890561227495705898179342454059747895465670255933710497025145295746679871032100198644573135760106638993206858198249370403806674641453465632467148205032852410711713600000
-3039432195638601279242380640002863933480829629106671548181046777647577174297190574812574976056485278658415132663568434581573913673906959301600340899664229310897041351688982329530084583965097020704383641665054882617466883123974700470613550589200441183763860588500000
334682929059961414212660706285848927692474681180158041228885686187357648730551930985837953504915254684838673694239651099265518745080138695027760011089391809349184379301764616207986083608343956739365318447689847563768823533981358388328814230150082002567849580000000
-34868986282069959745210790076236641191215315914370178835744167010840766214006214720585493554484900958864665787884658093379825021247768460655434432222866730801893562580890329663408884986876923000105599143085190801472754906922633874239439287483036010633856215000000
3427760827472605322793201507654366775661230415646246060268994593833690681901666931892436358380083703860232105612213429211610318888740630756271826425236691104749344775951842967231747029749949038602380818161846596547977698370122600373233839716732371989350601359360
-316964104922683973127514735949280902403655961575821743053252081861050236847134533447189201230073239167643831461269707447398297439682168585026748435782022852622709542326975180445200238512343564548784266324056562334991175664841364550413691055177981404317425953280
27475024608964156146395046379663127986639190078127080852015180916830055217138637801359124169975883222603212599841290628597591092999207177757737975563287728361641758975777879412961935554827464593721352863331036227420802821316167786033087362887185098756697702400
-2223822538581439950120788271470592054852063444847146566820326749693034829555501988835126893324452629191555063668182064609971312327033334808433692277577773428112223499866123396677758074323084656269333486355529198301570397164983346249213735280299373387651584000
167327392575853711551057703845379515102520183735200674558058573183717186860547235784560476904579361159434472943837147849879699693197459517892185003836373843199622054890686236320362635092236192765011078456224612577490917304663292557567143440309351978708992000
-11644549639852866671582956135333924842556962093871409824334699459301759077296670168968478063809681442459536139976589326478123976571615448028383428694956514891364279983355304631463463435193085187642633846306102020714724570599455865034572191355046246773176320
745066354289054399223362312087830022786210235034738355676942764089491931785613715318709737854274365963062886506035103535583355683669610165868417038452174553158158406771819355178268600974596311838749961521972675638762214449664483397338861769384817823170560
-43527388711344184324574187320445923523563240136448730038553884651345349075356739968010748850139037922720807457744779869252817269285953144541187571974485266753058444243097502829519063507774139678362321633006339326090621681035263020218153261862377483776000
2302643936491699243697180385759398227153029494091868818378870568989085131296609167366083421913564986333763716925601045650334121915474210074645103303737878573060921591437917103239288104904439486969654274499991091155186989105070189563586017438608547840000
-109201314615115375509808908675235133209100580866051151848167873053254342469327717470913502125661620750813867678905762479877295698750211256591750809753682351761983403109574071607478445892990080650355308306060368519749773592202120195978169894396901957500
4585386960124662487252829465978502068432734122518484527596537978636903542108927060475396439400357075750146820263177370043894676532442670676519190689201679590936648345110399876437482524796561052236879331401043910723039911201659612749321163249966724800
-167817358140888242254756363110290019726460436321064297893795280393480596896023915143845048082164267054589053470530122948598336003190756014920260589735407385496104213709676840493795754300220458387122493181896778740185888451922533949381515632648316400
5243977299036228950932835095087483339808871274980676335843611910618947802772215364148754582220144154100493227851431039797556320032401485953881107304994401806260092009436449555722239783433365684832864398448790634270576407367328745488755971935408000
-136024892076313064973647047018257934171761360989475110874357692840412046775862877278409545671495794729530410077849919029715282108397065327411957461114379444238532650234146399159683191321522564826710699037773192068940647722721720899760814581835000
2811809744944239512278982844899986241759369401306349725517217459604475798566617192107275651498726851619875117951338853992171624791443489959388339611592435297005241373850357429381837434683372319624844315000261330493760588924693485864168410280000
-43424990735529379449989025001118130715928722706565519429585429405725928013366099830769168345631225341585053596763280526151289589974363957360967848439386130918246627134612028938973939080021312155152921077814686820051568858541124249144849413200
445381607088585677602728862329218339509659390008534314045499135328642899542507208447394090606090759058387661251069942406219360660119980148887027075653334641190276825420239672531649691442843894658458410463127719820257978232693943803737049600
-2275253550373150229840054644734201872364917099364193542571564069873130181050006238489199559596139927769902606219348089265424550435978397131900225520537456354997704784171231667386928674137289523290359825421408137617805816018486736554649000
