294
-25411890
549100119120
-5273008443909360
28480836857665430700
-98442303748309101288708
236261528995941843092899200
-416529075619845469372781289600
562132020616207701260404149145800
-599295193090279210399286423450439000
517407497906423459090327926550171015040
-369091141998288767532079793224611662505600
221177866842474543943598816089848538756480800
-112901485437276635990428633536230555579321474400
49676653592401719835788598755941444454901448736000
-19034106590464642972280759499326523857340039097685760
6407653538930636450590452553327968070412361599369370300
-1910035049890164492418739502116070814400739497234855166900
507644871037474829540624987673515709782952097487308173247200
-121040255608173534495039600592791869029273135155734213330340000
26034548578762045534538067691503603109506358640646871945222830600
-5076736972858598879234923199843202606353739934926140029318451967000
901561355973434485264463055522568079382885650592503280578470213776000
-146409133095670768101350146901280257080426384849622267154356598591408000
21824111402073423870107506272472088321051057991646819197696280477531755000
-2996398117637316121148472353195363793468339739713928323477624838491963885288
380134767113278447558717439363956211431723100706903096185563766492708317754880
-44691646755799390816069952778555000018077766518911582530557083312469892715799040
4882562408071083446655642341057133751974995992191090391463361351887335779201045120
-496935706681146715358489543618056318074078218729603308034847104536024382902156310400
47228769562976183827670846225460072469760393908061498395631868815103757351020935740416
-4200706637248063800905479272758792605986232746401203512348214346483864370008860023321600
350381596973273071643494917621947259826656358726191010153013363048710765206246828429633300
-27460071769401227590043490114123354255670927684301399580834923320586150301246600611555475900
2025774152676934851971374426412145026750533488682719166309344516245317385545250951689836492000
-140912850060207588303128805101228808060767109472769945208478004550024277338527656199545026383520
9257191399788637398247211779566836973992061497308358900501402243355761552933830747553444094361800
-575223886636829815600215898066042454979242290278692597946641917191778355020761271148377522845197400
33856944995178282332059244881183573638224211035572466263629494339309990270030846230916137411121203200
-1890179148103592271023544233455426137731629769944533841404404018292247089927461740761501517597210368000
100222023880322721190345874118390332387875339476884045605865012059900671325678840149526714216798086737280
-5053133631158091751628652326534308519651620700394590889544966744281309576566276083803174695683951125174400
242550414295588404078175311673646808943277793618940362698158403725502859675181252022552385392829654008371200
-11096058352634362539621749642260012238012460102133752547079029148690703294399435675950047930353316356736665600
484306265907853117044441035522195782082671941441271740820339856954733692343363798872819757290731008338971200000
-20188037635332241710043610987389663289570578394567500698462077859459765779948484753903006682798960565383159488000
804468494050668535439923099459686393467198095571801351084273348350495014444828088113942118853312076972168245760000
-30673593412587441708690992710815303695138838386476284471604839887513419457512238740413310477436811365837399201280000
1120065434456513301143919530705865073992804145456173075158445481517482207378220342755404790402653565030656280209240000
-39202290205977965540037183574705277589748145090966057630545591853111877258237711996439167664092874776072969807323400000
1316193372291586606227424416210584871909240122542130805310989919113119411818976237653247190821319814881784317498998760960
-42423326169190758605565600128033211355828967963598437548345574728507637789251777348581306513842886074822909749145928921600
1313679714052766493920569093905501794839597317133145108283310526319305298583442981121083563985611145272585754110756997212800
-39109680828440976713099121258823566606283732588071742958493559766644551158646346095483394519553116143008376240306256819478400
1120178512617074888572715571857662648476274809929956094613642699489078502321722505450882410930410240145425097253216244706048000
-30887672699472011084541744979907272453571754767295063738121835109779678332944527570963157943178991253147124888260502541215262720
820453806079725294433140101028786924547999736006275130543861245103522705718839013603708882865691955161720504844419598751030416000
-21006799250955404145278432005011295134618176066221609505864015203578560578834429370468368987057038065262555751459751665528460208000
518750543215031906408017212699256334549049085069310804063952280318572587516329880102124954962188545231120996250078623768959645184000
-12362238239702088996287580545666994895867959451860005099432680670447339556856404827311627589453706052757150888803582945921875141120000
284455101895545067804577228355797552553921746987298717337945982226993283203265875076440550833329776273942041951370443585662346997171200
-6323220573310940683540877571472667175355452110200057351413115270063356468733710523232405310985990982128222520829778618970185711333248000
135860414565790117829086410089248316167262617243923812894878256083525686125300369285850889553838440997901705109358240296042033889291264000
-2822877502644750226004350965187715013697567713845972556815803765291033700603463228494901816285309829623068761716665659484428926366385152000
56747005265568538478808168572645618707973077528827485431692695809097586647385049373601126843977639494912959433532775977038056102785193705000
-1104195988139089968492614993260537031858266195673949444928967624890348330382999359539200529933785969352967883547967584816159912489011493415800
20806337627744835769943489129206813492866503521790121772215257725206563580770566444209728993793652976237741937928645399841690913016084338744000
-379821107057430620815228136259993483025157354444227023583810141414012534139765116596937995512231784460626918820993251187531086043423716486312000
6720139362150197653576004386613881235565348936373508056539505901678891315536864991139422856584495404475088555921950663095651646060679302157906000
-115284054275071916268813307766580287736777961432116418928347856441844874647442438175028851462200937231779638270305675364070016423441710145714550000
1918326663137196686713053441235895987939985278230417210967708331192298714133442171232480088331023595536813180817886438058125073286070056824690112000
-30974449265235493813729217387303264022688970783885103925157036226422764101744004270475643084646630739678418736891860072553281162491504121254840640000
485481472164142427344353080855162964577840326800199163604718269187751240122473733600441155847551705412876327008089779053838580442661977789390106420000
-7388993387655676459864598485441865747422573725986818082658638517359906142355690957239816255831746325937729452926466074257775519602736917351109656860000
109242677988422857229846218659856364300827532661777354268086810512318846107581581427709189932822896739941303233916488928398375834009784665585434225600000
-1569424009052878136106862715754960472091408665232158182357042354544177470719960031423041306250906863724692738779737846540942426581718170419666582258659840
21916506331406708874373190209971452852993944414408912567333628171318101590767308887566224335560621126737139250341699221259074814418522788443612625516534400
-297593552913233245294174805908951215185694633660114407835778108144426784410170979357614103994430582737430742052160428268831900166030024309197153253914595200
3930347988771222505897030572714669303517576463487428155558915605789115874576932697788134201867272548342872285564627668023862728819994167207858260726256665600
-50503806595018136333986919849199311776252530762598029311816573787254950738935606104649803287733684027296369642822514955483683950924440352384905178487766912000
631581666349823681191715174539143143331898055018014980312586140568240193334601589092461196240164552313858162614522313590170645108779454381793479822726080088880
-7689008626686810933575407646138402465117414592983378532612074070703884383874607823313570804707078740446489976960062459688291461372315031054070141874751660890000
91152030881983800288096801649164833030850587750727404757818805521110653183731817193927923257705333218094974575169616119374343987047884556124634019797769838320000
-1052528756070426093992921509767181735100170083293237460628569098967598944521166332170907898298836716722282035495865503476247777781637113192922958683822499249360000
11840948505792293557420366984880794519876913437048921432071402363385488125863121236922713855861913063125672899328486914107787500043417523420383285193003116555300000
-129817767763641988232086462178462645635151583427277801461011467488737425596919542740191707576010795244740162772139623107735910818815106636353215280750584064423788000
1387344018934324330700934825660585115062517733111416634326439479490238793831871370765921115036221370490030079165753895407713141038283670705429710085252320775021120000
-14455761757338268858421274527067428493808374429554511256364553101989253924314731060667974709943410070872929350451250161067527056977978366696409690222432921464340160000
146894731948406902506054614551135083036514540368091890468212734078220347341448194295723691357808216076592530532762109720393316008227153103315324295323307264446262380000
-1456058563177524043714540848564874516426201128266725764437788513590641405316728313991761851654880960138071270645097468084418786313086090885848085727472474418381301700000
14081704148774632529434848384342964212192949578259534504073901358103269768752003605538105729782315418935302599661031513563090128965668150078246375746578241486212055552000
-132901290634884845470109959603710224369513340694224600792886820509909557876683110951676204964513568598827264180232812213805495595859412422336112244472143758405374133760000
1224312314908227926629892931264236013059982774174158857871334022778670610439595407268915058304944703542977249841813898149201571668283330032418637042294658923722097348480000
-11011166844694915681438256612816640854190875252015874098420332943679552638948411139464342194515751376401615369805200334759156278802261000489276045740429487073600507162240000
96702868622490431969172556943704315333319592525626055911885223679213816747668255366957102115710989905926364044463959481361535449870467817787213801432472634326776749184000000
-829458810297574163896467236074137922910537725983516743955118786729265459086287791269974097715158275856805071140830976998523858250406956702795125493926774415054860380175360000
6949957609719908521710633677261819705637122743104075842905194521618259413047216063570681404683650397315808115613603303366537796668448914560529469470597387188643263732328700000
-56895991582941374609608351605744094639824705445114002545590224085098274822912946299145379589602246695083935776529814183060294065679733716851302311075747150917167039590826100000
455167932663530996876866812845952757118597643560912020364721792680786198583303570393163036716817973560671486212238513464482352525437869734810418488605977207337336316726608800000
-3559003624086286903954564656917619583897942089000152298811392162237735978821698716159580585531409591248041969786235943204836760104778200910845466878310280918712046590382988000000
27203600101065942579067110411615517051482310151481564111194757131280358727721536306837370163567882351663533600258073055480490259536882656482138410631052463230267399318251407076800
-203300309156431931429779547321783054839697472247642097835205598461244794393476259224757074249543918349090234684410763590290674927535952290649526687036396876223844249291921970248000
1485710217779876260137350878697597964780072876771695884525793162457262995705957991289574189671407458661863583576039905545653652065591457570421454543324810389566640327005325955584000
-10618997896464763613670930820907037503570420023279044569322020749330462925383700311576448494694487073989360915432215846716022195793911155923493979984606503667609542471093680010752000
74242660958826315131822835491585630179363458039974237271831657642785651480909339641402647482322218244737007435741878913523076779394929882667771335654210781004496449857997788684640000
-507819800958371995501668194762445710426846052993423782939328538276653856129419883147194108779083972794001130860474451768497845171061320397447555935874801742070755717028704874602937600
3398722768963116239028608779470978766829727944562608444022561950730186007558951158122908239603694798336497422633292877624691879393361631709510164326965565237070205582107387555192320000
-22260461549151646206309571713354029591078767523706552484227430605241021761623117345983275409482248392249011462224013714249521352089266195912397475097053615200644904007816112376732160000
142700551350580151760817840890852837841575926378822560215248065947795068515096341751874268597205647872534558046417520013877332865090758916389041838816606045591788474148870572242199680000
-895466678389235183446492225201374743311059102026186009329839201812798698185591091600958344858569739679893441221333069997022519296089683613448784975420592856585791573955815631135190400000
5501273636755552611295739343187553133782718132910625056987018752558363969282983420268499134165838030483021392283389676966831900363150638106556105779575635585715818383601612459178968064000
-33092029509628908512797964566215851027538848666558800105396712510824052072348698660271066742042130154147320062420536150344675456165482472467121644335139049706625101818085667349407452160000
194932736330157789208200510022865247459096030426447931870852509634072931738679053045659252527341922939274057242695970760624103858974795189376638436161678464678088490397160884230103272880000
-1124607243107035308763451090285411088148580724678920807982621335046851802207946573789222347555148988735805621027307077924888077294940577744209321299766807694998883610469704037793015725840000
6355121262987124736502604499119774570147104372146810106051378181428193009706955707839372822749318385099843398603064927885794121001880273125171787954360907750132195471906360767583800777600000
-35180701911875265715243264875996810287715664135292258198421735201553076630144116017136357181572805163821900571276293870355151107196117707052321494739260220589408556725424315928588101227136000
190806155286017902192215626534649763287566079711179325454876503790825173340362484165473494880438712905449041594214025465109908427703081915924377429107551345021926015890418146289265727374880000
-1013994841010442277067507501170002653947006326302079216076112281486679734457692281071349282786710135709891257860639032106826686272928343935842697409254659777654324777411078156775894065990240000
5280579855741826371352995110947948322537009676301089350481977431425030228741466725441373110703097196250763781240351730546553912311302791976143757148798756808192358392676824138475555193413120000
-26951056357159840476628608265218767390111035545135317619241926336857853243576690034692129198225150050068777084185186168014418756606130166660249279565668395474338161346706974409174546402368000000
134822659426692101984334612846756883869030455314539426390257736500131410850992391898547376314121313125469057363636393805492129829922166158717897021027256148360376652136901639481895668377845920000
-661129214776269343758302269608149066141454923796691354257807130115902919339321001048849729012522346550307422540965432229035411593419979466235326591397572240388856071318137641322498429833170400000
3178252994871783397244963987839443830996599214424943548767442607770296001381825871207155053097554349661891742653262470226548089917521255762434163414920659026088647515113906511146694951049651200000
-14979951504086341377972545910560329252222519676316970694160885057325434395567047220448714744611495010333830027984413177635300723626722730164048707160271494029565945426679048951704499760360729600000
69229666615529098485869479214647307275164688358421171795465172487873658178264462505533667387623103241045913227664698257203724598134424896296650697893398306824984136447698570402453287784289376000000
-313742203053582783544505836330776990429547951830282342144555797058484582992709430686678049368638692070508938340106556690614588321183792725226376484385883360293372907903870942001159664722772160251904
1394409791349256815753359272581231068575768674801254853975803542482153702189819691940791330527283075868928614844918029736064836983039078778783895486159481601303879590683870853338487398767876267786240
-6078291847008010350621329926056706103190313610220833592812748444497041375154048799137033670741006337349914075510053438939395529404583576892551264179144068010594076655850388002087484254769240297553920
25988555936682442692976404051521263179973623597606801443098062379999190821062709135568083661056456051271739551857315887730867652944939497587707590226892105241585464959450157490370632752386158528091260
-109000135905339287768540840140371766338937507300941452239710910631094496926631319278707673765004227516285743766713620718957749404320176205404365798923498256435097501763405068327649679283263742231123700
448487186409093060016168985798869298470080385069719812008315850984839463804155941855870816741025678377067779796579782858783790685136554592840117171239312115945026028557404427883517638972841868626237728
-1810439358923717833029549938302935181604499660608638189900127065845507479461156277143840733624762768461707968382265861986029199913340412529514545599767108375507935325931716784664686465814557452892175200
7170686469125551830408362049022162692429392250799089690162280134764127764725282196869303070988988072605566478076040614519045405441887543014626826270151956107125438057460952636781413130096088093376652600
-27868346582224790077736653614343751405757444121526656053456174595773050564846456848220587835450277744780082461885553967230528265470826102076236668302003308637941799431074007062061835516689228795034469800
106283380148738785059222880346973718883173856841286779156865606834402901686382566549685111103343451768909559311089481826461716173949775644362925319966651067917479083595452662263866924492252082194473184000
-397788512665329013315481585259117933538555388148203703323399720591575107101774554014846151630735812818057061737652929759384368830797703510432894321001110342590900728182684309776714775667544953556499882240
1461167363239752009334657163846478828103884789726911743284590020382332005649576297565346428513851163649372662978813800165039685248940093885100067050649623522687380810593186202758975013995080241383466803600
-5267878521410000491003689397730283065762990679655332566084413283031128980035690730851632840228396115438334486961872950917349905788269451378499985993729451484345836075998142190958045834727747599429647194800
18641717565367714402946893294047428920809675902296375356729719595149855294190572869856817914759087954821478562556949270543060536173233294859266491077999117540066928420167338717341137623081934794200944326400
-64755389182736615711080210311577723307289550136256986287817148730836009423404601115907061453809646917232210223384382293488820862546791190128858265550432729863961073490995856219364963075055331179172733216000
220815877113131859574783517162480036477857365964636323241456477172150792133809689805243079557490895987761836861740743620796879141284557958339406685526975608836107260604295869708034524085938679320979020266560
-739218384450706247874841154104363906633660127346530380430317179125421053793355661434935524367426516898822446171377455443998606269714488955147085758022627717221825799985861456084615348852655741773942894916800
2429551714655683617296244443801051617755699462383914965873734382810945451150231422069829749597207405669448579283352843046254494877331809761729203895837908355273003343417130054435609422692084969194740306086400
-7839934910997339471589186860633771485199537406441752499051792787840278619250345779652885504751866843264213575293197909633390158612670259217918968041207690285070158522278163279477850211510714991552316914163200
24840071549600945374392822952528876667515895428396177622863753190639771666895626819212701469048883661384010025885566293543293471298825040056774508116673671476133748790204249974040063604178914686776004111715000
-77280091326085490505798285001087579153335659256448150986403850651744975243914855927301879466918265359086301060794329456692526480434123409995418661137680928652812587020977417124943381708106872227191686323490600
236089301330206752755563160033346929745975705140734827933693880392270256515468916212511652790660416597096074548645465106953336667567560351796850404076082852029984784518955216887610856484890200761621439922392000
-708267903990620258266689480100040789237927115422204483801081641176810769546406748637534958371981249791288223645936395320860010002702681055390551212228248556089954353556865650662832569454670602284864319767176000
2086648300781715965415723408044915641485660729201319382243033257323865621821070138014856005006423210898987018276094204841386877533528552495729686396435050028378238419637128112151840365780168156804550049452858000
-6037379109081281250325615653158198109582064634036608734668764527913089870621883713138339510904355432282168871625823667762104683499221051734750525006756697381779025489184763041487926935538448788448280366947630000
17155816476365368800925269440014335748188394864078427380434761282517836176359144759253905554185816396373011065611940534312796668631386540609467091859199831280063278830067422658692093180026056077254633490718385408
-47879934278036500313445880479597923570719201226947534158763476786677010003184692634319647381282155448585437443981221696460454190972250450054095802397271227731539263556481752593564815118238589468711837295814414080
131247056687006909533031271750947701505401162227538142024879177278991880086638372312877939229196739476705891802381350955688776178265865889145861987423129388620751585853493003603516571635573335709507361479333382640
-353372986535605300830379852392113323199663336824086739177327519601991594097165905923523340416018749156236586040783006821487312409225628151360427334842051175898163535460212035461525010059177266425866994402065235920
934540129680939638559682254260134408461919568460394682121857903079647191000769337979565858951454543223105020934302166800627603065720669491201130141731044432127374639233618606179239696024270456663449902550916326400
-2427703809927871957633645334885712739501222151391537669340573302356039993238252451722900512924837856278759935963818211537730253275117282148401820323645211823246683813078433749438190579336971632500419224478886112256
6194954248706477998399464796860731472839657117086394200610190749355279568544357217784028675732759322604823801091104164057077939200558153411232455707526613010503741978639494405001299925083248618436720654180589561600
-15528728880069258634715717935966327863700105249438802323546669472612059665773467459743672351312426478387936557183498437445522115679536152574945017680268848151243243362172844366985083308496031578861197576366428140800
38238344084105811039626847178325673226941710859377585981135269420782267736517649082092734609032105451028009775804519145435472500202389295428898418796726751864814318857534413111973523519462748486450710519724285798400
-92498949110537196872290646698726575143135964859192131271560753191247956308165690819800687671190158967509906168241974935291575521137499203431600126637151398690428371889265338944770413782395648261100953357610011392000
219815080784712535504791944631395700211242951491164550704557421138389088670451873699741977936114238708884087955123780748570245640778160216404875988441318066044175798134974459376720816127571158500481937439982916134520
-513178874799848736008351704385205462685983072006783024801755038007392295856347947106202916353688251050041301747784251842125242658527462887069984585491545957588954840636471563951323644456616976839499419165177507421800
1177002851392794357484175651209963694939593547867409077460266698968943647012090216133842628454549733546871133775439326584407963957555443000248304838054684281328851157125076069858179881387467195165491123243040867502400
-2652099428067763927867256716887609489440650642861160722658503762549352603247122773506144628615624558630378793546397160774916315188639832364630406328421084115710577448289620575640771386165211282809757878549856133643200
5870984531051259081841778142604412143117799645893571885302175565964770002875285913688126531371738779775905464297757545826090028492400937648352706454275407058648415425013533948306496443050144251133736767134831729518000
-12768663547036771404772581289320471897379174833168201465587772908589164247575704471455928743766832870130803983343784097186726048744299427698681803557910050591354685977244310692862294247546082323374827831728944776363280
27283310700011797804943010099985098901062774501993892520460446685213020427393579593530450153614135556441491455192408464303760696402393319164551625543973863362569455303387466018135138818969129307603057872412551474534400
-57275484655369167990462132465266864547331286843136592398271640147698616191423568592004993550993108194018430213602134833073694915280968183051633404594034844500998741426635088133807521690780795782288222211486164838451200
118130687101698908980328148209612908128870779113969221821435257804628395894811110221010299198923285650163012315554403093214495762766996877543993896975196866783309904192434869275978013487235391300969458311190214979305600
-239375845243892873402068960387638635130366455699064063335162128267317965491831273556282030255862370260256445424274748048730399575299882507190177052184430470399637992547080566483919594221972209360442820621131392175600000
476565004565834614673406218161355588611099114017347749067539384497868735727958621291842314629802675961734077644673768295216341521261385464833703352058248842384552648414838320872622760316795606842990938659426151564544000
-932154694987959057017388893941340340296563517876345012411268940746062116205348426688106466442719607798344125402247398435241566749035427709762445306965272820361290267982855502968765048265077279620562454657018526682880000
1791335137893978106731766948294790461957146738720455876338746005249294329046324660426995295774793643271750277763945683336950836696057400492002925249850922471037725605576030998336270636964784123208092775559789659240640000
-3382103466102276082631960805482766702322579797683744869667330031695742412089300263515260221803142918251755586408075068606404521674099219138681856964593741056197292284883717585719123421529922698724304135405694619757120000
6273580745683175611065230507197522063761265736488278236243798869732887232888595019124620625461240133736906914145775394799038113925796411244166108043717284242173336461853269243426673647546586694423203865913060174579200000
-11432973550933019233605276076316764208998530678176238257730699060201213693216175562852708627840564019722139160339261079481767058818371379851368315298870378802936688368081397869220770055288899591916846725239960862153134080
20469806080021476197564198450171995836488200910758463771104873769329781489726533339224277521308034624670384744073328366091774311791931712505064784558217691387231041351168463514559139568256791431033972087480895835970196800
-36005924340123958275692498451710178255333885141216338313839454780122451037516680159744398524265755819263650039632573853944249960098247019726662360198209400851483960411722063228855389708829742583229247656318737490274494400
62220564621590296790516212448808094932333066508391521126099540087150121171762191393331817573557589402105900990088457380733353548014746270170250522205919742312222250993012448109654409081487377411847234177463815019174003200
-105629899584638562901286769331572557780476800122466739229555397242299892048875016411481670887727133220796806727501065485627501209208892461718135425092569032897641438867854065569883948128569829103880350272561537341779904000
176167199196158314349812711962989343587217418870913972870625168067435708850401555148482208891642696627128896553310110326585421461136163983376579192293273464865955333045165502689328673489981459427693784176794297277790706560
-288628992303464409594523894710584323343118188025283339758578977931675213593764032617892694431150506439398782775218099929167989283797307829667528101899864266251950566258638575038909573870600861841258321348232163437789328000
464538969861197156270476327581532165380639923922349517244576816552755373358010750722288833640668270719032360442954575033927178018892708459583240495365462014322666000132246700654339669188186002490072564536799695000465664000
-734448470758780669266114548552043463836147452952212364942178288572926595395102726820538889628608287191633264306880345317009832917265736056900887888802744700419307734151574130596474139702794478002982235197525559174345472000
1140633878559094033258870007173512681016795636703311854579977977704527421605461406433835503800573716343811349162800347258045162298849019431470010786662580232397424405177509681792373885443434949592296961445117376576886960000
-1740062393964904560130865213865194173515497939749207165506946097704341306338721562931102570896472003039495525234155410684873512601466943857895711707302848108508456555696799357079960056475885526754226929262557292869418409600
2607377572642520880945313119631508438982639992964472755806454090212540563088198803975845683757460649715789340621419137758811506915829759787065374462555776562177083704686150961701501021150130237800298416376776796807453184000
-3837510410111602338631714670939256050476694572847451151679795609281615864350148069553743309958684184818625925641641990421022958232634912264030816650872434222470415711890020633872605823887836453683775875651679241650867712000
5547365376681246793950078258477491798634995448051210226392714952167731941528343287959479775701932219634258595316963913948361956259104315793171754309822725478000749195107654318295019713503772637268319291500554431146054016000
-7875889115041276312398259255863105640037339216369002173273607648139372509577277507596792274144718583431354795820380865482242283577740695261910515378143375678643038980708398106221324284604121645504403932377330365207360640000
10981738351654229486450935675986850013765083290724379318390590431488738355736339075412524540480569379933536703667996987393743700447899048108130961276294320170641994740524596317860293052349946458396389926319814439420435046400
-15037765942734218743884665762833340435778480189362582408656614265097445918719575080514039182580160724064028563683418478255926826454176062833850008786965345361268080569691242264705214753711290132649643890499337472142973952000
20221683303852557822587094487716318144596647676515894508515779143592952177809428599480304642981329411168132160343815668514073476589258240744347130956690703674283346625453945896971758511582467297518124645720300487442260871000
-26702567496217234331648941355937140341439375802431939198109093633007773061556346868980046295855530343019327138200522464689031439582159120714440718686857248291953474468205944772593892075202201910468039328546925288620432373000
34623373733005660415146889631462760353444615239629042216700068266839709995853696652307000192309222041113379858225781068041894310011939767532806543519997707425000785260082105029827344384893916814508457839119193168367443400000
-44080266818896437248065117000624423181344043875494584161805838392267644986437167879943042375013326712224584676306858311241976211492124025931116307122856252837651887316918732060459475845288610306565915909259678118970053976000
55100333523620546560081396250780528976680054844368230202257297990334556233046459849928802968766658390280730845383572889052470264365155032413895383903570316047064859146148415075574344806610762883207394886574597648712567470000
-67619974354646493623051267985156130113436083693801069335538363044285189252784244460629212270180876578986842432762591821147208154833137641494926317327819408961157413140086334736900701386391064027378149302040463867021398410000
81466856155460238414548451420133005242266429574166210255487908461067188521260724272126286959115987209945580598516547722080015701690612108026945205081817322825563384793198596120122791752933954089917476477756738837035881280000
-96348582309562391508936055207240456062259746700994279369606226933008807211768541735941886561707968510335629588432678784970519314882952907235725832176129752140987882295635369038305874895802170142200576016659601106855268800000
111851069203170980302723866490085445442677339945184258920175868846529924292142100101254936109486780643648632389211496801472275872647620030009954118573269029260472832557003099916569290166536739318080648697740130924948281549920
-127448923808023961739459250856936300610223790113525837464179008498552141402162361777215192292275536420642181927114458930614990217997900747048544289708681462389690028632005091573457767699228207086652376495642853571198587687200
142528901362801426872243028504649477243547985257827933907592797662139283316916794741149976832690845945170670662143098468822253544448588542528163244485505158606174281603167736954220783640113262076711137247553541176378148057600
-156425892934441994058359471236375109983109144343609016642934782689838951844844472706398844966199346976685527968083329235104566018461411682227698780808705423773482594434867801675084165635938812005712698786554005357665910412800
168469062892197476299876766167203297516410799920236354429458308346755618552622291106804984414289089088212354948325038838845315478360257391326544102168545201209330302829939803707162444824172855490581583035691813728628078256000
-178034016706850258654463463706166939821566211427902837277017797310833165390612934451976589240285371457384863667104421174823540885412430482003644262258352431431470983437964464543457259657021789058708356554386892076195159629440
184595549417980285154029418490700003585373581459791800362635099483378718003274793003274812106997745879086954504491340646909129016828799632579893193028737557333036178510473099253278335020005625378998201724786107346417829760000
-187774888853450645032758763652690635867247270533453410870876241713506223753383705632190698389873993550182339984299845148704245290590606305520777721873172860777965598094144343558837844255804924114784350126683284578597258880000
187375589441132841331228304003651075528402347528435897145836471598915742693257242500761298790857064754726146029081751912903561337032582641964289381673183680323278725982812490757261173544092321188134938139542593422411262490000
-183403386519439450358660885457661265406397343663796084853145265520744547488615494222203001987204821400341484248835656304484598909476158303545779458195484724530614727899891212250788706185244550088109459036105940380833623950000
176067251058661872344314450039354814790141449917244241459019454899914765589070874453314881907716628544327824878882230052305214953097111971403948279867665335549390138783895563760757157937834768084585080674661702765600278992000
-165761299793890801628713195422374992968010127204718950175306045509533195563125394818415877342421385086487293182955204794195392842907065166581983606627281340031730816179487939512412934906321607876404026335402288165587828080000
153029722566930338669868456400524724284190908641380355123571521010180476822383385586634736175946691660923165911961048356193379312876022336503641505121465765410212153455840903930425362565261128382159039264607327798294992940000
-138519068453263863390321318499423589944210100402820583302689317669004863269298827302482503703797808777780679638222230440252011466902061083409267246155375577775599693755009332401216212931022917835308807015354738493080748420000
122923725695271277146097003751781262453766671333099583051386450128141270924628883342931455815406213396999886900544838961739928072646077439727325986631025929793003134645025313756341752413240706193269060990130504244012612800000
-106931009928232630077267855443220688902723885797193452332705257892973253545705830786427620763511070782190642556145127517372076749143784097974591784714336044627505658133285297814088874121986415072742935889110604784337288768000
91171887323068716231003842796881837374621831640353985206511813249795868185188999243057500728147942295000509278194726779858136425774599867486052409034985593606013697713950813336858183568514651740263074195576557319978938340000
-76182128533219749358476676135167653914486296365457076088271577564605704633409746505905487080856189035260571228293824770266476118519254623924349723678557160942381893095007807606136442669632950413560092173827237802230059820000
62376882953552876168610479374035092776712624446020237032800766479966694274371687064173771426863816760795794706577083357053470219758884688286850779559380865385699104118191730695437700049675056108333690486237805684714588160000
-50039627439752025824884556075060991109109864797661195968328631394606421096441914467881942737820006877913684062791711644099002662688915752003431616178711427945930506681416710212609526686500443772401299836492140983703296000000
39324530357405125088332830059318592103845099533963662187011318672009294066617038402899949875531441768767043120089783968903918704091644618661209193243253468457673817192858801438983800765448985110063137202082956083804515840000
-30269767588432785522324947197643014478492588541990620174048248919436322156271729873610769959063175473409573638946283415797031667662934408357080314079976129617867102585236310478872176855040940914658251123283895374186252800000
22818407707277308005141961656660037210960081355247859765973552143797139857759258750596285316108982533644032136882808243318142206740794966708916642900318017359853067836350527694810874006137509878690515090744324343433318400000
-16843195956303729110674777022080073717603645886848381999026547458069971500709226225303904061984202816514940731737160252317139817467360309738466552935751240990732300288944455349864721835212644033000718643768262254909747200000
12171840827797616740136069332362553272487009722917776053984028436495877842309401764379774419793271566622125138169432213588558071216647098834438719894976482747208888880682516561425677888727887289473175582410658270149622000000
-8610089716232305246044696866394773239329033188887081052231546515345261855030952821416377318463542677971455275515763693843355122732629121113285629593264253306870074463330797048517826190088580182189113891984357201231172611200
5960779473059251184512109037428913418096064953384117511295079583025461257614035785207986177086515566862531493112957244386816452733686383478850729548473333795342740876798828875315027294258207284090513494020026443643477632000
-4037977237401837433246602693037533829212275404680459352340960294293888414670052730583849356353878377078351740381028130369512350629253247454758338340518128874886550404362916407277875715823540951032380883303713696525507456000
2676138653873655418017312172601745065482096649777839058303531164570118568448227467568382156530929090626026742066927922966498143734207311505681253318473579870683122394027223685432774972329036489015227496760148204691766368000
-1734813095448883811054299637832923161287234713472238111154031043259304375095774160675562087131613326134737688002997935608514414222543001747404401261637065420260344878719999031030819114515848199768743135187377018334825760000
1099786237598747967627920466056047469507158853516162141694925993700265246185479815735645560567973242065303650375586744207318325054200417894157920618341410698182437161677767249615303399327098019422392623471528840961752678400
-681685684462033864232182107059533555479643917468695542372888012624131350941413108927053033409900769875188213042719056326850201479876292083155735920459552085650270967982087138191303759913490507906441708763344322910177280000
413033842554916921453996783505973326235548220802784984911277940467043913809849961138693770911929323483383583601165908608264691785480931135104690469642295493037058501929099021824739859882185501706392631654841428707392640000
-244576229744753343660440137032668211212108689682018989296963509222753425136680482247335347004103814069522961594921263313560482728137477080075346470327154178832955472775603644469412077504330846457945512531234456494990720000
141503670069285300737138277836126249747965579829176009586671852804748858724706656395565486761085704392623409732761809149200016305562774379004802691576525757641683639738679294630560570811184184669948751497361158261401600000
-79972314106518126234618792024324787340584041865973968949019741021077711718548111412620994247175118511510534018455931649718093416259298345733252997859573479796370992845340325300397029888417738121027985205688349669472256000
44138698212337819600189989708915253570266328766159864361765061027505186337046986225652997758513414662522152681114179454760381205397350458701526090818071114064572757829391008326167134062948169883661308984897656363824640000
-23784400270484231263489654765435346540106659772567797444098045222800823850583081986359723035071400979019708294598139001179163915037860854448523032113631334177080305172286806761881120309837316987462423027753696258859520000
12509442356794474574568953371440043855004194759274412496549836933791436765704596754071549831594646881698946923110439889893539498566625778118254328308899525241924589571583372414553391996869453917281274395219937132687360000
-6419955930208330073939336987863743380008192597610850691275686169956687886882762098800922310764816325642139126608122150736666206832524547636361857011876360401026231040965083985445504917424905754190237546539319287910400000
3213990437560545243265880579549286529616601419178932127319890388834566873370682775712211731826636173024595900258191151712543519795532601660453654666570602925763756914883145170213655899285843443191487671736246718510144000
-1569062152115653318172966096195313778125010472285577391404340351843186992207877104480290691550494459222678961309567846745220838205305124224482419002265963842909580195270597636084230867654656270238023328318749258851520000
746753983740309563624699662474485786898099376469223636589402607174600571115667486101951064730813837296880472809580544779775889667001304937927292917682483167638409589553003505787509096770551525921627385542315745896960000
-346345430958963877779296002577329713386818534155745698238310034085095189438344179272707985059574227540680883822519981369434237502924092505123114212545007815748160399483278413063769270152840770214831905838327513300480000
156488378339091109786735126130915232634127562630837800366342043753175567654720814674076941650472768087280230025963912571180142919051634110249458685794489220700509183453711860242800882946644328117088455170837982192000000
-68854886469200088306163455497602702359016127557568632161190499251397249768077158456593854326208017958403301211424121531319262884382719008509761821749575257108224040719633218506832388496523504371518920275168712164480000
29491682485320680297702372372560348422660090328048432573502176954792397283174035745834369491296712034533240257123954492891058463269219325477113927221709806732850273241008874077881808279296206512488770135705813657600000
-12291383411533526822758580247456801116933208490079947139707909544977073640270553638140774525974880704520262584502135601152960113188979327458351650206795968722584928415465466425909304186557141454425608651847952332800000
4982582778621778920802174211914557840910814810007044128628993248819075182089383508489298102263360524926820804448608949140634780535048656870961617829016602045257014751144397257589275038684356314089153143013025942400000
-1963668492373077336330077367592977868786886661223562898712108676229320528287512879307365996174339356245655172605308941343710760509893613500458817303785756213220031216338661424641440227903618434134424558467174544000000
752037904535071665958347709931288292276526705968755224697168532387600258641438532465617799750863789297536035383690797120048972217037016523951716015734653771514154675108515197763480212721616173431065379703524638162944
-279741723032640823030330924624049477460681629726159563987526302066688021797465310206691213427747065954314328172835253892927852953227131033456746160040977304097303452503421432351663605103586848214425440443042172272640
101017844428453630538730611669795644638579477401113175884384497968526230093529139796860715960019773816835729617968286128001724677554241762081602780014797359812915135626235517238100746287406361855209186826654117765120
-35393885187972465935917002732717382279201705067643068874050385663580711498501429771191477399043313711980735648770872111620157780054507647334032800815383155314475272956765204035352613491659961526141268149187956367360
12025450482366489759366679581827221457624486562755534591716542466143114824960495700051416463931884130550835845698082904809874427100173718605648195701425983701613521966834479392010187980302349132820022906413912883200
-3959660442567457320073817401407191674420574883431891597743066370512729435097718930162258791376325584301790792652697471355389794058313256271672949145147739131645476644858024425410690270607513991277347334859335467008
1262770130152280547936138667135777374197235337276100683484345812129456256004979334112414684139483714476126519263326677724115702756023362061736520952355770078298804655113719337327322794428970984156746815468751697700
-389772663377409855270693863751110438125619416206874663268109404712913514075512326977695319619549947569604253633233523274562019592833324991334046732814684319009791677448612335237356050962519212312125805492307845100
116362633955830308333922667815366664059135704567979888655487502110074775429790591937094546473765046543224201192831208679047179456594913680484799240948461732879072474825113038967561135820070635584799050639131384800
-33574317321075947254857161276164961507201317242039485769844823472227564861042574006685424293014750463530722769297536470579719419543455736882027538476729280122157507345448977642210846346915924803503013150078084000
9355115992008676664090081210027266493337929165252304052674513238504118516606478165531459348864287569986164113646278061536088683232552252365530631874965572786700574088149067202199460085658407686372525971817615240
-2515214829401196592868716509764234022188226430345942495335266804116248009154998423418750135412713067105541547267826113783318862515291826339523693468827446244013167957376582343305047070196176462117596822915688600
651924454354438695010783231480176733913713138055984629057238316223359428047400092498490799039435214875907511348248386114340790191015561072093781746363526653072115323956123667794467068832386976487330031369324800
-162743129918577584564634360160884379772558295693340753660329540780244722984204736184872423007617977059987783522245585204879677662367038601567802475306264579777013044843071135505892276562171289493945664266566400
39088613332716207036443686712195886670578309657749716142589481644015390592797108639445080939329731060379297178638531570386906050103653383124498011889159622725367286080593015501156977583372752900147073287166000
-9023360779446955247672319050073442774179351767344687054290040397737750044853455723090697146421847920538394967075959206657773356756572801620950334933929037294424052326842198281085877730210832285714264222972560
1999636737827580110287494526332064880704565488608240898457626680939113583347026199022869173722293167986347915141486804799506561054088155483867110234665714635883446499023201835143684815559187210130584869356800
-424869161692187517436416271659748162381742673567437120578738253253443777398440233929489814338419315960235265898639350142351917971724575896900435112352278466379477396522667426909079856657759383240723940806400
86436124285005624927335076875309647871491756880254388587331857826622305571201947791514050555705377656646214431261391516485384069431380917318851050647297462557598069141083989223594827153641959622319255723200
-16812764463059578652205486477798583405304604387578675244492142160966666448980354267707193952150373689104565554926052508872621726859035756985984557121387374213985334961661076385374679622828741748789313640000
3121777500301432875668771810198650548342978394928188588606936025937514362872401582547113543707921238075711925260343576956101614468640713395916144927230445779979499232387439368346113352189435504960386137600
-552382165499068915446626403147172068404801190644079066311013380224370571554402289799971957087790695780202835864955063010369418717337537214633927960258706211936569389372077920938681976167286861384788032000
92969597815668335520401599967406285085648037763571482127280744627944722602122314454331352855444011459978991568317750386639273381653965903392918346684977964844211748978983486585322069193812932498423721000
-14853131011970680822786054432662542587647911358677100694891006538192352131700014735307375899982179345677116996121770771829943084642941298175199972547304171898187675872381977146767431172976030635842843000
2247476800788360250237753454566658902920777252844742179843915955483311846876660549218016279820416076600938370130844956683735860215565735351780484950415251115714902204569493052204140046419730779785480000
-321288881895179671607541852526547430075722616601712498595604302740232520682096888563252548775385364682747037613019039030847846410452643502652546417176056592555290019617861677849639114602892025920804288
43273786077564369758104644598329875979008008379720256190806817713122055006804165047508022873811355829197970566970900814646330920122402362124752234827587962607872237992008779861600731409179691581960880
-5474574690858962546650181614721788451931222058699377378099047029692499419398767481866834939020276962217997110526483261970987947733297185277339336410892835212691626558256059978841875950278346729217040
648301169333124905891807646316621912841914811360911725122437741521476045317756844806755258034180098833123409186097702157736163988084672631569401258119290252400933780098849191635537093019867362789120
-71583722593725781607894126746719149816629511486839021562253213452770218901428811052196932757849692957062418287978183091760670205644682895496447936351476724597397590472239678345697528481208617350400
7337331565856892614809147991538712856204524927400999710130954378908947437396453132850185607679593528098897874517763766905468696078579996788385913476026364271233253023404567030433996669323883278416
-694603075629491423559711518809942612177262494552025339512276743991899571871411040489040632937842246457608966604023304639231753690902920125038749550199428489095484686743444720209902674778637903600
60372924635972092948603264649845623149857129449519631139138585263216259755233553541826981224113042697990457939326606831476911140178071826169053831434264495204315554483812307053101545295381836800
-4784514136329769056234750349393426939181950088228109963167383793849762147941257405261344876692747843076395466804504658060207456788200900007429043540477178527160918781714801194496566419730406400
342869615502703644428645817043914993409934431535886674111132195105777936112632262973747438346608839180985491446762013037938889856127271400056286843681289574079921029536693499605610914328032000
-21996842922555724113483205326141471599374186798812009341866541935318052632599898089950112665117619710336908537138526930633420191323843782895577848475508771567011000122077067730930606027249920
1247803696521328180920363742888361634078637424158732986286135686095600814407349101879902718545476006845851332734152830922527625895430524140978546835130821801444215371979529491313976379852800
-61610771452272599057935865948681746358433614637224769697649769152846441163480056785265868910930701111365651764981966071725040421963553541761582026957678887281302722114396756561011326310400
2593856263398629387421779078568632550680581866237327543694456427007857983011096140699127293559148440886487943230577564651618455264958634353677715544659223987103456616795349560077299762200
-90529220289591895024418840938537180891439232529325676055954077234802097921209579029680631945557616709379824888556573807299574922442911592784695355810893522855408532440445444470556253000
2514580958341101864174107163286835369350797231730140062624360575749080864969626356876741453327260316683843887510917436549962033517558162672354914996126602489776864824980743855924130880
-52114282801202557499622796985963747159464922966030110767536434506437535197053580570832669082667208178695882459839398461817684826859798248603380638138451215379582170355111600797662400
716339128389582911774698795125135012090599663588235243708396289659701529965129438321165886715213548337300317167054970412487411065393173524150428174824836090552522795742526695145200
-4898031058773953909908655811231980012547403027714872486072390150499654021474111291855751092055007663152690027572380198163404469421726436634978873820570755456141957170157639227600
