-41
68880
-28877940
5364879520
-558282775050
36980651019312
-1689810303521340
56281028884629120
-1421975370413207610
28088402378532496000
-444077641604598761760
5725298519860942713600
-61109609896015756602800
546732131140685349014400
-4142332728285294608604000
26805495343926173111677440
-149210276816776549547423250
718687561691878743840876000
-3010058707456418072197743000
11006308847209063311083160000
-35247704083187025253743819900
99109190619392089148848836000
-245110952833496551056140613000
533776592937973585664790144000
-1023998498604966687777071370000
1730147863242951715668139786752
-2572187281892258097997752197760
3359015490207722509319423994880
-3843159304485111085280004239040
3838589555014855305154819929600
-3331042713851779992584349294464
2495682366257316955942488545280
-1601233705694391835990444310790
870459461681432476498019313120
-395321122303418728513373823000
147156270832946073634366092480
-43715404529848949343542396300
9962897160929782465438442400
-1635184644834043243981240200
172011533973337882338592000
-8708083907400230293391220
