260
-17575740
297012430260
-2230596352633740
9422038993524917760
-25467771399497852705280
47797347412102025560542720
-65893032959895998543677985280
69533623030930252463216193966720
-57960996215128144642764125931345280
39123672445211497633865785003658064000
-21818399115127492965583713274891260336000
10220707852153056704766770574104617064064000
-4078062433009069625201941459067742208561536000
1402437348135425148046488071974500488907560064000
-419952072580552308220587261552364313067319374720000
110473642093221541581278236492118837106271703012280000
-25730419802549602717568925178273394617509531492939720000
5342715193321997137120885834239262025578923582466088280000
-995121404110187716074435575092558834731028373300380359720000
167180395890511536300505176615549884234812766714463900432960000
-25459565096623274980511626204815679535886146484754378887023040000
3530463163274726701636401455294233776302757453452014242523632960000
-447621351274100556910123028370585167505486285747599333195278991040000
52085717791311312024902926829010590741124501416574822409861769262960000
-5581505518516920196588597638996774903818901571800157969440787194218793600
552569046333175099462271166260680715478071255608215638974637932227660566400
-50687029763162897223788114072726996055876684408473234559496588705069807593600
4319776250836086914419166619749141541415123144689474031029750090456561561446400
-342905996111256036051972823267340000194211897760195715621302124005695116861593600
25413144378467530671851763679923975569948815089561171368823168523533182549631436800
-1762233640204680308471935150745529456821872100679778250621235304099612645083131443200
114572721513932418180495658785189813591184528295758707825546251568101378377982967736800
-6997563159424388489993523196934581902445614473350970997414974047792461687142355525383200
402202497028368571651496241606506366718076477566896121931003923556680211367203002187336800
-21792808767557521586422908601332130686459041794696106198506437082509917575100489200150596000
1114930858429115672273290533875559871168966286385440297365563892221248128780449719079309504000
-53939361347420569824932290247707966272747849608176841734710490975679682116331603611644812096000
2471199715581686438599875757359673280290794140359104668837608892650322056847668676268680186304000
-107359898754715488610283491236403583621522278764489991723945008558475102691937605824561550316096000
4428595823632013905174194013501647824387793999035212158612731603037097986042426240263163950538960000
-173663657405115243673514393323031007100427717205474211947407884914100215432439438032068711752277040000
6481474234083428107987241269169540466816190016972562481728767296601304865765353085192333167189858960000
-230483186784867215537192590962231722679086700814474286498728057608887180221166971716863763156246845040000
7817380153430537624501143746355363552685717521839689849510578086172504029980737619223213917299479768960000
-253148001758620989988475309218396525909810334071426005867484522469512074946166355249660371667611548567680000
7834188916427947499246369162976123867050103930214206317687314021452518296679942158397334488791056071080320000
-231908305764662704809062619255849577089304366727314244146623427422725950175734765812476278658459007489367680000
6572345804344364571706837147105014750704521670931732155294237550778781962966483189449414536147022288639649320000
-178471626029757695006544804312411435539851773603947523862152850509465141692399724060355009721886591502297582680000
4647401141814890377970426704295193781457740184646793521370460227266472289670088814531644453157926842719829052987200
-116138572401701676154440509554972433910408171573186056168995980127679135854004653154841352483972351730083109809732800
2787325737640840227706572229319338413849796117756465348055903523064299260496111675716192459615336441521994635433587200
-64291072220536731645901217981427289131983673999843056734029919958297975573799776283847570541451499958224120478596492800
1426132961424279132298859528090069537110161854940277188540463423382217507549953610817694188238425522392924900218633587200
-30443813548420768584528546785592145573186347696782941966942289442944362165301902287124827175370686978024173696402731865600
625806759115241207280946505097707931195754055460910577473522878396034873285721246504213921885553560379894876646972483094400
-12394980226477342853104397829960788882849482678659604977223352030675050825118328080576383529472840001233184120378370655465600
236683694954815278095129042510511663103067588985249222745814280928193390250386718960732631509874360974796318417546081279574400
-4359644308189543469170232426524417502587070019576327179902001114287512780656290156002072852565824231928458816608628895594665600
77504787701147439451915243138211866712659022570245816531591130920666893878334047217814628490059097456505934517486735921682944000
-1330537042075140361394489066494446609443145848633359987697261449094673613021795378185106329835120958458517224144728622397523456000
22068085237914320728685495557601440695020084996219692865667690153090533525446822614872434746349628467086686821688688358370578944000
-353795498053344959004027908245335669656040067622689664080448675266138508127414152130750288572681584527385479755825882824761478656000
5485212233491117743308542061819286222128214954665840924747268719262905229522292069558390216191301597614035035745597378638587143694000
-82278183502366766149628130927289293331923224319987613871209030788943578442834381043375853242869523964210525536183960679578807155410000
1194582515478347970240376839386015626144203948322611719850951318460961357906018731567323797633618038014814159093300828562736932905590000
-16794675235988865838681314927710143056713489726573479227336464392824622913523445793705808017922759634028277209743218665944061165650410000
228733016362810297373874240676356827236070226864336381449122227855217009645772604304588444147211010102198266773527019616456140996539840000
-3018977949007064960444629995770129524614034233549261473194999301868091087824134568766232564958326541443401992392704134778090200395204160000
38630595388314892453036387905058596161897948253783407014148256372883532899300660706457710576099402887449245902657663112364541951995775680000
-479407144792222050579151634785272905632250296530140083197401462097048390130400720717176733967506952040455737834628198104823126358838272320000
5772121209365611787991575701535029644664840761617519952324268838396869660181151887400328516071742654042647633620014200021342641746383025680000
-67449007286246202223686134454923593732956333095643570079036319166037055847089605776000348475192998087800658808998293159979175763593360366320000
765193960673988142246946204689129535622019583132534906426233070100600083536266374950373566229526992915728292156722053372999692318749802665680000
-8430737015603629353911909517441564972475495762602462369025030136797278253717352637786560314146655179724846383362284312496294387814136714703203200
90239246061751866547134676940150158043338824450681203861254062184445105740620084743510440592417383973564560734935918513810752117766826220535116800
-938631226829870022234498677951762590097950521622189327597807264121591181671408542117900553512392053809023448319148765502651862684229708187994803200
9490604626835352447037708854845599522101499718624358756822273448340533059122019703636550041069741877402348199671393073415702167140544827234169676800
-93307804726484600352152984717909171779622804235710948399272212228285013295091813330465482129466157964353578462367730746949858880560277207861146803200
892255882697008990867462916365006455142643065503985944068040529432975439634315464972576172863020135534131094046391425267708025545357650800172216305600
-8300930776397307086352548232282217499687820465675628416395233329684406014302542549376783571922860242778208786693748850314834654970749222251442144654400
75152805167156821265436901574719255281230779100010344359975643096054119650012132694208964414690071406806400669061370465759350751933273297706542533905600
-662302504645559264892718788140917507240354453467952970886700721150318138782390272608233479253919135604387195677077204579288132312472195554806489153134400
5682885890201352059759745792120707136955785151752231387381577162886176501479738756348198379811405916387757706217823451537474586554183192697024387654105600
-47488475518464585551279536636579611542381388032808438756147089440727045851465637012390654281122994076389047960263126766307962375530631177727729744583616000
386559786386376677735158629484672651879060179168090758095602943846610474370151056070033389716161267627761796024835219556355403847545446109237458294065984000
-3065870066925694060129384025180920064070796884085038485828661688737729341645466778562580845296720446156978250385372316711265853926806800816968405185767616000
23697148595803763386247986855788888346464568478020927635299635077619515427883659542567386244328576836928214121263797183505879255248314549289832239256108784000
-178540857347427445414454438526275100066741444539806961286080914252904312740900002252351855027810268533144664883588202514132984228501977526457252645696921616000
1311503828663201605204943097816465241231001969150433851422446221981210692355993843705547577056137157743470069206604697480359575505662674422741547212218127920000
-9394649874709872722998674027215904074940442676975556772434257630926631694223547737564228562177635558529754985541188751338902265356889769844536389214052304080000
65638234285307541747075801899035881778789935981288578130277913428931627111248076442414723564855465074340216307297228024477472160225074838082053864905741617920000
-447385772846937783967148294340393602351884092500051216251360073366741629071012296722949516576690313515716278359518891117004446909171972110044532014112426190080000
2975348297371825705867530824877647085627672794440132375712417762711996954586800204235786033512067630538428178080440031416891050041939991973139076423415868337920000
-19310917065767832766890927209662956015583482984413379934332949634443791868689398555469381375398267197649687593469448735761151607335915238761952509861671411400960000
122336000647546565566640613520937719619555780225910457257605786833481591195915998834909327497965758687888385466267393119431323290223532476115216507786873229517540000
-756600511603930513007586772387808145645825316943985058802990577279958260525193738782251958383901101478043685691100634819091097202826823075525620555279619523738460000
4568909128590332573134944028675897669187347467876234638727430395661022415391413585424352829907614356655624905803943400350687970988665600904642220920865973958635540000
-26944023948922827506848957240428345003709774134861594315254234204551722741272147109880845752048791164201455354613011386273789820954380478184615419549549273424668460000
155197577945795486439449993704867267221368299016802783255864389018217922989727567352913671531801037105800382842570945584937029368697231554343384816605403814926090329600
-873265932409637792975001488938895821119431329797614249201388105603047795479597356973815491839412580025079519143292785572963488749519889617464556914844973392112798630400
4800780302777935717704554513778266569083717256738210745609630342951934035971842601833367057982222407450446768254495786585084554259663553110390503393067387364021879129600
-25789543805789172823800571806460287495395431254478967725802473642678261159776725584040477142187278463852239774681116917077062289736307432869663981419012486875574598310400
135395104980393157324953001983916509350826014086014580560462986624060871088827809316212504996483211935224258817075863814654577021115614022565735902449815556096766641129600
-694782590863105929765008261881186078596188820581975047184416641111677440530651547579566663961545370996400221548849614087445142400872187149810114166086014973802682333052800
3485290668512647083061136140323173027233498280819014022739627942294285088827842989299990694867260883841322720485881065185542720388284082993226884554759002134515342383427200
-17093419191864236733423517810750850611598232331755477019028111502119521532253665096705719059087393299726972842868609283887973560356584814756981639849268296694486067793852800
81973379279502567380039256881186520902808532553932987185901615653511450311054613413008496338229803807744166061273879364159609831284801800261190415518576084010868714687667200
-384435209163757558441916282649846962224020589628195615942366141115899713818841175385861493769028401511968452888487440812356645079484712693271043579015195760037168076229452800
1763318521370954090374078817112934413506871299534285676429861225779540009664932663959943215221576552389607366554632476453371388587719136733598588316970526006782051919895424000
-7911247832389008291679953163800495206902551624621035460381973760235954240261976522282420338790157474194067495801763547266124258561847752576624978782064256726637857972558976000
34722708917411450933253467903874367355805714464695131402008127179811120587680435220884959675735882485589013077874832099671854048101171067112457336720769269638215394494356424000
-149101797529218205507183091756389336399575779607933178001684362236371176516806793295978011119138082274832107140179725809155566552700705676313191967243832706048475863068373176000
626466185925317858842276511408578279837060316228961469036932357306464429249285791099844822957018763045162540649613246236005736845465476511957951229561575952683208373883152424000
-2575735263492563975391212499647746235624964438181457835832377839587070195873717572102386559416854082463569992273929698607395987975212497946140914790730487140049108153489331800000
10364195162495643867685925206668220286985588179317542587939080391394346662112556794285940686167222610055553928483921641007643309522139230736909459752475586779936007124147323200000
-40817015516495190046812470875643978661091390483978964019167489442651809693998834782434754060337580402564465471436679055326397725155091538334248366185675459046908472501271556800000
157346604773297602768795330847534199842914498392563550179031468207683031968908464218756668984679687280095536386443204896128966122911856751768824712969140759824896521831244763200000
-593774819043870531343948427735426884076372281590297546643405312446181311022279459034399945898756995167080387610701110546164523737185701077450337111528699460792503723616968356800000
2193668081467632796354031691355882655059930929208599269543691848759503176832310223654866466792630009922824765339534658406663379362380506758358189884258806341261194312251577540400000
-7934872476363934516912312297146109523210086884772775678967582584417357335008695931598802896992752728331594614276102450280615115610430247757386201631067695172928870267231151899600000
28103650729911392904699640893332055201931130087186350624325119828012994441838109025138571185022168289890375012508668151638867672300419305346571553694125545467355437046987194540400000
-97470200109007911765648414126117143796716790720123934404716991373895818055237452485824969836030021306024050980325357035140658710640181199738248132321003469906643343069103383219600000
331053832628305748182181502297238665299150473371992218415188615863055098993022939556433612429554619711615507179793928577210312207627004615968409889589755802055446276563531157990400000
-1101217468854796240753208549241534696251094134624594915336283411806866481290391506140520768385670487008717823082866524019232382527450468154557318656731363699957236494360930043939266560
3587765958619644794451937452819925713586016189173755820159607154969662501780310548224508454521316469516182960515129005314359772855243639129901911703248491812584284481879865557616189440
-11449308801296530300405212513738880054807231649386966694738368148889794694595719773554694938475211110575203246368293448604092744040687293053207346845923685416673427153998298723793346560
35790270969677923331637778570779448296326121591491875380720230902926008610743065424949783689510889418897681241821198563458692259447500024475895231693165739276144179999949759975451662440
-109598967510595354549421883191415774636889780072161196894785304163343938032261034252149271500137336331807399699655456859280782335748161393381836735283458500557240025756711725172107521560
328796902531786063648265649574247323910669340216483590684355912490031814096783102756447814500412008995422199098966370577842347007244484180145510205850375501671720077270135175516322564680
-966388145609274358391403245666071952143246363916975457754689579283533283097001510397556745853171803608187186081974521623203201485834423259854285255689475550889801816760582024233307723320
2782913888549756095422810448492930800662277867074045028024523894061671603114964863734378287415561777883631786550112121037984609604753674327734654326760509942690926076548379456378010119680
-7852225399480291507640222301697703046630954300612395352689920972158521758328396818013825241856413810613937820029546388892919319915363256225426215846172412897826152490621638704691212792320
21709505331465782557657117172281174540373529477589761354919716904758167418715467344256980413606583159618975781774716024181336974709194335712578472904175944859639202174449801284010390279680
-58815189341076708575271339389924992753412511273305594891586338665154157272925991776279199337274350809667321219485684702000192764129847480154104916304180371876251610829270723643238025792000
156145169626093787731408080093148618304691173960012863946607675919859955597413381281488635610808808507672152960727998573043764353905278474561373692160492700076311586189473919430015139408000
-406240331291586432346549520966942308084414444863412443890287144911432761030278268493599635862933823231825824563125840392151955733685793233060175755868134638895325859940231283482714543792000
1035780588437002247900601687674377794126592511278505283844611563133770696523114451006890564952773299771294619695816966292865488479565604716680838794472439903707280112122341430413079573008000
-2588191658255267922281100816688126159238018728430979586912375221600088787197321183176940613081876825198402409000276761847381238978569837488568615297258678438542713965796517877900371031792000
6338428550829227564770042816379084471603311171667705110805816869224707233952623305739446399384188143343026307755779824932362217906701642829147629299409008420920932161134329496898867832960000
-15213695086616362867223060869915674860441547497651587957474109711912570016447121951943093543192700267199128433167247998890769713610477123593586626554926737731398116885326144020045122183040000
35790361045860632263915548275407654864109563930698310174109396364525127519350608853023833828351960418312728444540843883920975606765849674409114025850997060653967519964904332857313053752960000
-82524882080951375220102793130898642207327011046816764781624145336384384941312560909038426761241297162886373851461945814991340448658446769918535646383703966301297008844696767497440842951040000
186508780567211865755926760092902872704676555058739432133778643279529215658259638042109222209626357554085022384978425379714225442994282861953233725507614905321372638044843234567904497687960000
-413157976452694061716161181989391262602630704012403759887312262104355444436786808171759192599921407994364324260659698552208801427227525531294737729632207572667915843849634894173610082274280000
897100946806928689832557897691733214407025685143089492523192003154343563065877304814303925234319874629909851007711272649203985985072189514470146419511029052981882947867165577121944504033720000
-1909323413605324511735349635463950310694318028849823168616508094639798917532637471688400750865454456666397517594319456726805521747394838630200217686136875245300096193963571292397396903374280000
3983219626922430098989158918104486550287050613875160679012963563397564432778095412083325452499443336916896501277849794310998225062497924855991104245147491380991289064981708992758922977382720000
-8145317230874798615558255291339380428651043233156993814085380515052746618787115607998328553579668846119102034210760903199180596352071676525252922914528668132319424001671303390039293016089280000
16326835871664596336074547272862491436984979991794685378455584943505727666991062840921094122953025109332066744129125188190357550910152560501729192153121908123004712110016701461812094001138956800
-32078677260414115664216641519098581372987593467497483016948017625723130290493075926951629122151334234154960662700788531456507518232705782988332357320631040831651598518338590798110609146836723200
61780333421891728297913074836989719389389541158663781350507227851202233613477315895327202623755443563147469254134967386413121473826284475408969726945065737224946742021814141973369531881823356800
-116627566929250175796192775860626796938635277600175623121887517876563625341243797972164740533400692319152881960334843170275631212348128380229731351336212567546995663064889091714518902276460163200
215807224958813236407493834367842231272350755701050221162123116651000090001481819455661893808726428644531332094254269593707868111093155078343798727527338181574985565775830363501431417924615356800
-391417266496578013588201616340425607812390600610749776780000616360762910377297410313442956200426810746532894734948170553416039664552933716496608930364360510390426473618389514654521291823730038400
695852918216138690823469540160756636110916623307999603164445540196911840670750951668343033245203219104947368417685636539406292736982993273771749209536640907360758175321581359385815629908853401600
-1212527027072147872512428099291843818313115334808791064770015026856974338457926249547933044785375612145587829969086606961906758056966065321180185820877449941663025858584009126819756059889454438400
2070874151828556989762853887253927777503524491864589642586699274358033884573471542049578324686319283746165787476445143984451872156577678298102804144325066324016374399398646576313376036270100121600
-3466529141696637919772723138115540113768112533966914642799989185220427829645375665044741312543030171625093546941010325868360380435671483244231342454162908182668761054078213854792364245042299238400
5687274373096046587127123898470807999150809626039469335843732257002264408011944450464028715890908875322419100450095065877778749152273527197567046213861021237190936104347069605518722589522522188000
-9144705397024425203690883722247012329640314586771306757016739969121460524730135131780805248625330466207442061944350613430035125416365431120226724244724875743408087106711990821666403256383210612000
14410472351750576464099991892137152945610610046125368169607693117016732261116425411900890941249396691071291491913220696883574632171894862422195412584394221964806616765172271468557985561308644188000
-22254360008456392897681010475602375795526701825532386667438490582419870578714594116289866243005156220834286619921388024157098525825022323009714327740986838851216842654664589206458756654975911012000
33679412172226688597085360291452970864854211448039495349175205259771654225014828930304235408807327439501740131516960817046792771980283634584600386539601735893810617319135463974557452070350218688000
-49946970301327917432775809798619419602148348474365275471917315421975410076583056678091221474034741795037015897520561725923388729796288402069907827604643529355834845702850114158778957845377046080000
72582249918216545423068461590068080946016419883418605421594461415212052587701114879426798980485092191916906103945179770390338884306959383527630608528100794365112881453219987348459304251715721920000
-103349482824851993090303405579375150146913049947665252963424205143945133217763239018140399953890189538284350758140020576642072051156859840053990429748625287569758601433856320326819442473372406080000
144185417931950541380519660505012610267320303810206455523235243117488079846323883913630115808686936765146137877427772471154273989737546522887114766219595710152594057896100002451418734652477035920000
-197081843445447189697633382110401851903852012900341368200398468403193765943791817657092051785838357353542945856129085448737498767037711519449251544359329047605025014047331956013477678726166836080000
263912364752207828418630169123617704798583837344055742192229090906698918409160669319358560695915032165471003620491197469416650598074720962030658642446575575858632112236392619298324780854763202640000
-346206162563863756038105217243351853164012086340434123824483283680108881750179341145011286540631466736271065554475628184034516613369864962981226184658807582311181874534926455444904082240958301360000
444881472283255967737446185056897784271331918412585980641953640899912765299311040865628348740151630592417550977519790462555982408527203435393939110194335757475050369872896299695560897460528352640000
-559962910300462279415862048089758977289095683067276770916603815909005104801040670267936968338075180461992100065961042016604176995944678426099270948582673070261038540662296652271424857771244063360000
690317600213187148795007104072604177181206476245311078005394399028527762306580855366642865842592087315477379536990683453155446630883841246390843865930099407927830707216262394285198222732656672640000
-833452841400247994341073883202760471878370921115767415812227196867912294246067824561032488637709140522115138232823853736503596381287511186458822920580095530061438053855389453998210752180897321497600
985420224155561807358842003435495206678507767786152693592039283900129773517174199597212482692002181123513198044903822935359882291718550157956738463433800965036483318840385568286107650693220025262400
-1140865554289839519764836359494680540120532262292813187439013593358920074539290286749991827371496412637841846413441430038891707063836175198035330231006651817895186136093064730674627680369427161297600
1293249818453284818579531078386912835468029186103669941928405890010067333580139816276755033198922647276250718210616159616110167621030806350607149368035440812129892225221515997566908463835006499342400
-1435244539632981332164088062680947333616542861604207092944420743511999760144071399987051971708763472254180558935467058449775645280616536407142087462250623883103737013097340512389803628647950941297600
1559278018366695768277033944641029201953774960755187952828506486778468875218250409862476216177422043930467767732359273377534034378941422269487699958988332119915171075957604507287687892852094849804800
-1658181584258029787582906065057501796858080212989530023155347440336835784735771985873410729080467830301076479961773594371353384320623308520700893711156390303279040478474008224089489286013068357875200
1725862465248153452382208353427195747750246752295225126141279988922012755541313699582529534349058353986834703633682720672224951027587525195015215903448487866678184987799477947521713338503397678604800
-1757917362479613079345740665405209894338698288021213660539436880830086807735965588893656572193279271188895415678239161660553175804056199705191675764655002228202083314486189264173703714344692233715200
1752101945874056703374370067740825929659884068731918530282453866574032645328521468325482850073547250915586215342819655927271572670488906038870153207777599101738276800685904139008667832491945142204800
-1708587361389237179696701271317752093568988481926304775695453551407109993801005230251657855988448195743102700863889145845805368528197727948788644654772165668970489064218905789318167681794555708432000
1629963500846640764212912728597846285586509881416804336254270696341781079760908099757940683288320738013220069930390720588939772890063527957619968441036552079393629930497189463251728701871531870768000
-1520985415543102026853257320680497644913306183777395473027913497449988801901060716726282205278423575226897655120208744989496231781739911944439280225327110609473920851670158980107156603585174196432000
1388097147005384194719858197597049910432424294474979299965719153852049535822787870040826132114668142896073188194812507876335175768215329325481932518904234942824547051592141468490732328124812666368000
-1238799276318822058270327243951635007269540440737041659069095515401290197712680342348520373608899687225551277020868059085403238104054659263935458883294087672302111795798154527421294361532177234432000
1080946736954096809848069478794362956481731963524011419963338192109159036785302791799955450655965101041686017345078777318288144052014453374348115092071018329017078159768472787085062947043312545280000
-922068515316864631607194816770422434767550696880669701429213047894655301820724146213722586249362078323407449734423575871489508367496444027201529386534306060159602402725668283799788214386690142720000
768790632779382359946797414503464191488048996834968097415589524742028140103129811144340750080305795338222964817633545681046590960920429243165858485908160564916057385258684363359111614512513786530000
-626421232663616043564800352428109255976100703453464971533747420479618139554621409918169242279990367373900110209133016858585333358073933473632230956691416717382137982227343797479459760317573785470000
498726905503576127361453867577741145341372129829940068206961624701118023531052075852588563494463581889455385862112384874871158697558915469335640567177744992019300204577004186089768632643101841530000
-387898704280559210170019674782687557487733878756620053049859041434202907190818281218679993829027230358465300114976299347122012320323600920594387107804912771570566825782114366958708936500190321190000
294680231823298625302005783758276595109382171950052051962908326354013370560621634711733572987982369085314746942822478137921928559879320316186656428419892084691675922626645816465091670210890106560000
-218612655683593772606097774232382732092922314736631931460849123246112988013369514416385923365636846822523045665459093717150924918639632848651859754970164472425417853805657442908769983175081477440000
158344173318827894269022354787846649844674575279599028817525551058479349240578531052129749002413628771869309374461188276507949800777752636728859544998795795301300004506311824018912163101714458560000
-111953700885176187763903863834370807530139224596689306024138226410604866023255935227104892359247978383969313733883962792705893448952710691037381338865717620076288447922330869440305084585866597440000
77248053610771569557093666045715857195796064971715621156655376223317357556046595306702375727881105084938826476379934326967066479777370376815793123817345157852639029066408299913810508364247952233600
-52005391207132890779520076799520447510419474051773302142022959280661587786611998360114797094691670434030126514963932421454351159215482212792078343969405978773642458146512198939524566644369695126400
34151957229348420285462699194195419848279585988905925992492089424679146807422191649290170153645672016230547742745160601051141889577935040044518461547990456994866270671844448651688566998395509033600
-21871540276146816466151716722900612128805517091732783927488139290123695391654227470125867663007181202658166552908042743632232900770493912538884387359873235228991621958811105447031303153550338006400
13656048215479596286439979991538098461045813055353341444921467976609335377180494198955943515849158890087221254103291586181755567416871247198442231861758605925368086913152339579384404583377835033600
-8310611138867118977411124051959235410856553691627881200567912992308953058212757623754866280020041370945405914900456450127267070474395767926238193453051192065229954141674505288346368761924762188800
4928085085739753557064132473454194548939445685175888456289258236838120811501221435671775263229906707947737638857457962838216338990896764636060370912729291100232033321262542442170516154328275891200
-2846624984413746885362420193014183978174524963331429325809597204601748657039061162554834641186571936997700163349458377983352997884750771815144583081541288805382694035673392330886658856350886988800
1601226553732732623016361358570478487723170291873928995767898427588483619584471903937094485667446714561206341884070337615636061310172309146018827983366974953027765395066283186123745606697373931200
-876805428876015466906168524888333026896145010675866112263280659542797548060735410596629266790587623121940763524760843511558777282525845618544088883820303424863696355042018899038343242292861588800
467231917881776949485146492854327123175950289135665615378392188191740190009688937619518997042603381935728071266029020918857851839894724989473607455096987085811720279897674470009094471516604248000
-242205822708239487369279573877159445560022387703825761715098791834800921929732283446483208659873844965177515256815520176687863314232168146089741615331716829214273990695591498244421538333184552000
122094498025940588862548905877557057640794482374018255104514022512665754878070812872986907604977345842182755999875676956279820025971075149470656506696230341818231388688130139378462405937981248000
-59826815350011797284562690968810662531960196117542811814861496494943075595547449601696575700726297150423523741612911336266099737648239362734073151278712264518968943594212372512565799255157952000
28484231851944650799034957504671754866076952488140961411722422691408394189128233712887416730252340446061544931044805633154555827576255809788054218501201900069254931568875154386059583521693248000
-13171453885025784982787933297184613526498536710308557061667210060115833981451941495142639969911168783873780917275991788181257562237803524807347948522729921340839895344179695511130851222848960000
5912699977880230638706928904668950310763574949860734291399992444681627805802671953752303059195377207850061461150299468700022684831716328522914425451390077858422298698741845481505584448117040000
-2575450513841903855051451905193672403832565690428624966571922211830042428694994679084573638156605192512319451032168710367732703786093007163743077585709229054643330047567244848503069562218960000
1087971225399588877072909444673600016398926622360177485668249943706336415252939844653267830141234025858036472075621139410457910975709182977428373571473328896999821017485060339587316398685040000
-445500863110079563746270273429345316445831403359636488835486346082207227938376714604481285130495507471194893248537844433643646163590263849663598102002975463567888179195369154295267128578960000
176727615118048091403479116732302274292561217861673979042176401751619396206959357859628939555899044286093841949833194486073512527705228634577295114844155555795525889267584457902254728692480000
-67878080547070374206872601928323710887454308590469936587133496866538937643503421184840180936694788635835351060316555667661452908564984008436262137535298500668869805220421712204672231435520000
25226339649787780496166678372680324012146195847395652920419144724606914655433987955960002313864575697061121053907110494458387539024353686764844113933457660462848375789652708399090507892480000
-9065533509247268701300945307530215174667993846423771106211879092148448024437668136519157862636969017719626261424399679190529544328344119853094354604050390117065762909708289967627470219520000
3148075890169092989705589744866200358805307812103152657737479697496702773792289732356301949110860733512969706215296954922986821994122049272965482195092753455830553510418471866947166794980000
-1055577051567809451856837252723037058582125434280513903508024056592721572051834433713545196763592315089040212602561299947016322041485862447577067857021224492103183127690934517361543829032800
341498065629776869419734880648356651969830070405889492943194249963547091717920592502988112446581553264376624501619604517278128776989435176673260812699089856439678087594271320480894162247200
-106507314575018806273060980552693429987136157532516641912128603139284001455465889928302935339886513274307607994828711292615358488909103858493585641500651537635934455272323048990829437432800
31994810410962867012159900590775250128484115035929899201673597003367554761629642526938647242760614637034233734365288464632991654409136770049165769807521052857085881300642442540797023987200
-9248666711538416525949770848297363068928714170775945195518202493736747251798092161969889085887152367094486168822932587772382687004216248682811233662825110891488813612182048139355505932800
2570045381089125197192091332135562138246731537058722010852884246841780427248241111171216815927053682349507498708830038568129026445406027516773632038630040266632997355370058745718826790400
-685798170598902825712002932446510921581214938928789616246588684447070173040004969583908776859228975899526569481738178054601473127492671160797956308878265837532790789961100175789253849600
175526820715117518709284936039371552759044608328682479069058518819538471756077371822754297525504205781656473342383047355829925197018784146684613668830019882911930104089330336312291190400
-43037033478953918685908596283226339383220224750190507817204920775974444133160417328237441366795971249417548981570129185533941209038977247260382260601528756496540765450332039762252169600
10095106618520055000398312708411116645446719385847156154653006107944622697901826286870510937890413009122634946294227833643763987305439107382064974709000572511534253624151959944231990400
-2262144760600917711723478854985741394067961111812739835470003632155992863495429611589363021392374123818788727213962325782554628210136875579050322535516198910461500925285296592301872000
483492014331250438817083673688420453084332969603182544553198133388123726067394320891262880757232504487554959220680255783458961042327444823560310246028167764832909131977092980371328000
-98395862768084241594439699370334778956488635644821514835364842933996373670109570797201765919562832857933036707999003077511071652955278210011178878426676382342662042899644819359872000
19031584501220446135666290274369533194112165315384939561758654388547141267031291180957251384343097182252566029461850817689628222402690983491322572417955413546822352623552514668928000
-3491395003383852787164914055865939642882676779816858627609266983028754632048124162484043298550993774143040903043201882294946064364380854957118559485438888999792570738296017247872000
606144965865252219993908690254503410222686940940426845071053295664714345841688222653479739331769752455389045667222549009539247285482787318944194355110918229130654642065280772200000
-99342193317458994888552483988440590931797954422477628453906722016363627659080081118411763549166100336131408304028708941337168693901803558634145177705287970646075335097870347800000
15327779161542235465694970379747783274020325048861209116684330649201928480422232309711916799232717755571398904364514274877444442287014154699442248236885836055562064202314672200000
-2219645372662494800371855437301618905928090221558573373922804981986582167963733653073660867249893639653356230100780056639012132737154872001810880195661413133348764771528607800000
300645328627223160276112641870469209510281502731932539762723383746637305201215200523817542890068904699083993542271741076609006960367120529135362434456692345930603989478747200000
-37940664129133118518809716987401986872809369149427554997128357049242442097446149837033200956139474437243835919745246791425459853807262607383596342207570920790076221912561600000
4441332287176598115989953650914727923309233443296728131397601978597948638679167913370731634167691799085123498834611148629419618024500104281601501887078333050381716505198400000
-479811521329327774303623801622366728556953197475269798128826806552132955425173264879386520034736787158780654998753004976585498900153750878067752281429515204888883500561600000
47556761089093101459334200941238741826274497460478093935245320836722855363421179479460526569519957312043556075578796799188104859770702155188296987311302105375302969228400000
-4294613076205743053673524476540631852475136066857257914282649495408320304185338686561498818772959161789840010115412384939826762630540819775475796067095377300306790611600000
350440427018388633179759597285715559161971103055552245805464198825318936821523636823418303611873467602050944825417650611089863830652130893678824959074982787705034113906560
-25581745112896133775554584656069044246692990634315086720200153178483544553930686905777698422421962786334062876019361203161890823275331343629925175581115313100672241549440
1650019337087782878947335266302261357307484404732845099614824694807706577426620269054948550299829295364454546802962073068642995907907489032315657583463219993391809986560
-92568536291493826154132714794660446719854653211199155629940094034502559320392341485983537379535487191703608517074736433774891004472742787968028345736012482561358397440
4424970021746031369882591797797954270011032154866051769525935426908145156923708555130095314007183373104562103457413465834239008273822598395644482271837412366222786560
-175229493364029692848099559851283848447188124548713314979304632438115705945075732863667749843421717581610879144987922714696892676741148648501107910034315061023047680
5518702305654255463233604301956937609786930680367191804768139058719952653055363657083286066846045304694287941822129401903295692211818402259922587986920567107415320
-129593290981994431762408519013689991260723545931800852233877631456564771077364820544386390250847344662006095440750392925737128777430851972098592468738569843352680
2016985900146418954778186793134169084581900029826117464609957727735729566074003276305274627424401314071244439586223890857876110411308855283548792104037593259320
-15605248612513102630102099635316017276099135604414885945835155419490521083353076137839888070143025327633396403530809012317015269651157494553775630983371012680
