42
-74046
32580240
-6353146800
694081287900
-48280294386324
2317454130543552
-81110894569024320
2154508136989708500
-44765891290786165500
744904431078681793920
-10114694051754332127360
113790308082236236432800
-1073938114740631935564000
8591504917925055484512000
-58765893638607379514062080
346167842214921594950021940
-1766773589159201911942153500
7852327062929786275298460000
-30517492712716039180730580000
104064650150361693606291277800
-312193950451085080818873833400
825636893754935750925947328000
-1927526585609349059345075520000
3975523582819282434899218260000
-7244994177329860309360335357024
11660582344578236710923143296512
-16555147773166632367360018260480
20693934716458290459200022825600
-22711654867171227222166017916800
21803188672484378133279377200128
-18218481273678413778380166380544
13165699357931666207032542110940
-8160557453263429467168931060500
4292057899294260481002344364000
-1888505475689474611641031520160
681960310665643609759261382280
-196767218928363203692409237400
43604923862241153172833072000
-6966467125920184234712976000
714062880406818884058080040
-35257120210449712895193720
