-99
970200
-2376262350
2585373436800
-1581117442443000
618280164692910720
-167708494672952032800
33377413062257718854400
-5078060484175053257582700
609367258101006390909924000
-59114717708378629982171727240
4729177416670290398573738179200
-317150460505451349854351316642600
18075699618866907702941490425452800
-885801504281717594320168446614664000
37699712022229900814266369087920099840
-1405639653328845325281923800563270910050
46264513434131407384365602736878314520400
-1353237017948343665992693880053690699721700
35386585732499623842025014481182382840368000
-831673231178072409347192902843988952705748920
17651840008677455218797563652198949200285283200
-339797920167041012961853100304829772105491701600
5955777534572408832102650181524350939436898028800
-95385499577136235201644006813475933014419069992500
1400411750591683350736456650432728258144495018001888
-18903487017972057064304980673370777153207865442703000
235243394001430043466906426157503004573253436620304000
-2705599086365937119822825567171179326832941630108777000
28825407626443277756970888325628735753178545785701120000
-285083281425524017016442085540468196598935817820584076800
2622410205828961821462380890923765721055767564551470592000
-22477435914610154206030583085583878646197726478582282603500
179819487316881233648244664684671029169581811828658260828000
-1344757325133597114955947341002578760528576784825908879635000
9414399037016921516622207670561726898198428168707750654489600
-61781993680423547452833237838061332769427184857144613670088000
380530146613098138876763960153786090512644282480236218017664000
-2202278694768463397917670647510519638790975255323638555383392000
11988736089863824414699745536743657205252646360341701011554560000
-61449765420608265015595383216771707962673095500726431247349341600
296830514702759733448325111076850843936291216814930768428600032000
-1352396171579410418210991449957284712424020697019046817381325656000
5816254384207394075507736078994228249429860780257144560203516288000
-23628533435842538431750177820914052263308809419794649775826784920000
90733568393635347577920682832309960691105828172011455139174854092800
-329530941921118925395236506411295863852149475189937633622192227648000
1132548171600332676143338866760777817277283302689907883413165863424000
-3685205573996394996982036234420812194499910121643333073762371735282000
11357984692866856717062502346819662740232959142091072363949000766800000
-33169858497048368356509331853652143066576333878562767731676661839362720
91819677500479912405562164300767178038965630113668561194952697133184000
-240992696457435628085160754453603795318986345013574622337492341551112000
599865052912207159690795299088500440324084202326419992660643094384256000
-1416348041598266904825488900625626039654087699937380538226518417296160000
3172619613180117866809095137401402328825156447859732405627401254743398400
-6742828355180320657615631087621283967353210371487600919485532322342076000
13597725879698818389873073218250123900922817591254774153422347730374048000
-26019191880981359683594819353708694277717056134038936155047459078602184000
47239670407297383855305733500557008858136108809860981470812967933572480000
-81370332276569743690764125954709447758139447424985540583475337265578596800
132956630003102403020651944586034249494621832933058878459427586824702464000
-206041270793049171382420300181843398605479255666553522107911065222360192000
302754520348970211010903298226382136726418498122282726362644830530814976000
-421683236960662854935840653413454611822318733346587635229220888227123886250
556522066104770669614733132173591222608579705832088202139203709527678766800
-695652582630963337018416415216989028260724632290110252674004636909598458500
823191472251209010078375584235385546473818054516610751215039570341676768000
-921639760346995900773302422055923653567248284652355938373758619303386814000
975648895641432333521832431666006136101434857098902316614942961833452960000
-975848007660950993181734846447978790414924945845249031373435807335867950400
921451401798477827324947008350005761232898778461294463268707487188798144000
-820667654726769314961280929311723881098050474567090381348692605777523347000
688689388616647096360827231353355075299396082241326362430353412091777896000
-543933821359934019678703026954576461042711478395496076974302137928586450000
403816468977615016209469127211077564678109001560816287545721907198182580480
-281399114895238995886965588127525484388744586440838912287314867810367882000
183770850543829548334344873879200316335506668696058065167226036121056576000
-112274203068937283227935551645132737642846529839455593068142533902361488000
64043608864832034656537504223148941837611544019942623189006156175678080000
-34033174023327148416700633103582742373393259564347634604032802680231429700
16806505690531925144049695359793946851058399784863029434090272928509348000
-7690900953266914584806798426842054500402542554732828906706687953751229000
3250965826086987265344374658000299420114995488370154997289864323025632000
-1264725225709861117257696773839402197876369418307266931343633441993390000
450924869401882662706688842824955025844917317862909289292899618903110400
-146629841929627880450187488776908712433345882836708604752491019938072000
43239239950710718610756833789147872394137668184903369772434926212416000
-11485423111907534630982283975242403604692818111614957595803027275173000
2725993618278773526858565064190849485774838789273591753580317040440000
-572458659838542440640298663480078392012716145747454268251866578492400
105076338963239283875528797064330292942800210305051381203095906208000
-16598188231787679884402410405837618344107263844264378150819851914000
2210788859176714906559322093597518364251539825250614363480687872000
-241445365448792426983900613436125534348430956469764923127983680000
20760288486234118929585249421211458687466196367926601700533555200
-1317791749614470439866251183963617983091115980385965928256524500
54902153879144692573872936987324715630961575545892086712356000
-1126168712431435280826006724958659827082406328877628184333000
