-377
53582256
-1903844533500
30063820566780000
-267028733262925383750
1517834044463789949296400
-5990933135555369590704815700
17371260814279732886680412544000
-38560127618447660196035200125990000
67622086517842632537363063055513920000
-96042973260426712566491384827115865436800
112717938403030385108614120467182395197926400
-111140670028849091872545665934256197098455416000
93358162824233237172938359384775205562702549440000
-67605123082305592100340102870200506383321739539120000
42637499492762189961807386478635256256972836122485708800
-23629335802877539751763669304232108245880887418771152205400
11597179897163149613806778041911011188912612704077855463024000
-5075734862090186515388488148867873276678250137351112018315180000
1993287479027151141034889717143215121019728990227125896433535840000
-706266602787597760169334711802476839717512925139750815439071502668400
226914971464329141593815638652764939831961386252156493283290619206531200
-66407791597241531531107471357377871699376385445633691097338222639481636000
17775696200698300311540298571275437868868990886770757390138170748110774400000
-4368408201905289069443513686909291765020854630199758716746924451227993834450000
989035574723849639172055937203859875068017621746858651927290876074505663280020480
-206955694010965536996752704859907678857982687350530172915785615818590310041344285440
40142023502264097299507314769809253484936559658936853841278581723935075226126312704000
-7237084581540202592855690569054450170699436256367894905861634099195922458975540394320000
1215830209698754035599756015601147628677505291069806344184754528664914973107890786245760000
-190789427428383704104131047030371642722772660836108533536520774809796974152282564278558265600
28026391145900177670106109934634239396345859505631393821314843640321976323755905342430294732800
-3861976486955316963027658830397035498067756353068474438629522472526984833167555686859010486593500
500177377153515063788265382405140391779133476617793971372183516552071571046787928443154122157160000
-60996111928600760456248387330276692431037875085847984019248120137452582686140860412125230158184530000
7015996861377601266389569606845148628818743470282713747141336424365403029231013710620484432823537155200
-762410405847524474652347420093227482131504706134510358912928883219639509888650736039980466148022537174600
78390714921181552265934567459695179243849965256021678685598151644993759979493409499625749024832470659384000
-7637394548951819030840030902401119315734786954323691042855523520897470306589356174137706718530856048971910000
706034696080879270406545078977525696743482527333034549739532841042966143898038259653619109979741359193847680000
-62011468628468676869350858377270442898540535052240007650216756636829368272404636619289649941464420916345137889200
5181074804242218161181790218543057206552183859022608325078907219589179723451925284893511454478759660237264679513600
-412268460826223895801747156477208744216381682183508173214116106506595925103361390370792366954598129086850145544176000
31277998747811080639842666906772765083111964508762859133843270643994200310167407161284344638394280988806564855022720000
-2264956858704482865775549071105988768231774607632743548838269442868532502109142206695214942092153633607313402231508360000
156705933694781662926724704720115284140417061544581680082191062727729816136049017149050071233026712436009400941354690009600
-10369030195844737699130201361993148052151329885652889779464941997021566515433190471687120805080231138139406547259874391452800
656783478950926074632094963589896457880042588320757056560767172577300854159987329469652305589328176029183234084473347601664000
-39858832441108176382566266616300899402377150569422680309726245618759154484774404662801273276487765717569681295946825446355325000
2319614718588572790330370388072674748727761139010534058441244834576417800020224079435192133434853197911110548987945866709011600000
-129554193416721532056415714766479800996043424031560744018437030002828256399609547194982576959750046868452181937855157369085032278560
6949802960033956910714176028426525825980756196953328524184729689440454040340146444068254132272204744122028466522512263511609528551680
-358349215126750903208699701465742737902132741405406002028275124611773411455038801022269353695285557118792092805067038587317366315946000
17773304610700938353519417019653712440201186732859083019786148223891873151981490124037937471280592316764013659523652479880760226108080000
-848516822623288659467935048544942479402512965926444281355791856204615684878874891851060833055344683879858927840626280069149613634150940000
39018870774938825020372772559601877241258566483382514153294568715863424869220169572247922684737410547578147536642141508343467059492539622400
-1729384536231209217492561472058910626082350743375250570697982139516583231137601731299571274783069803647809139209343486820530458227055663181200
73923337762939469413778681821957989458392388808850353726850033713777494349150547381620331991958366983874340798212872714569181298422126962944000
-3049337682721253113318370625155767065158686038365077091232563890693321641902460079491838694668282638084816557926280999475978728559912737221440000
121454918423997788467499411214190402772226803173582651118992392506994443839842655875146352007574849527487401931445851196594512713982987989163520000
-4673618998432774899615062760025161751564946338009230854684138094889287030747100909924485832571482313942583972822572866781400347709819261986342572800
173842047389165146010728730580371563480408786012142333817555008179907669806945644380765448834870659529203214864398458840494506671814207044613196134400
-6253836504477289858505104710797783989565122001479995481779551068199410020617450164722723749253405086627436672092440395618569941496313116848162286016000
217694646374044436092483060429282397580830752261142901426722795561206976177502372073089320533346043529465016532197421279582167578012249993384253322240000
-7336192656969842687293387275448031539373733209683188015779987216723652964528609600674984907514490826782872223385939123897598959300723853353713046589051250
239453328323495665313256160670623749445158651964059256835058782753860032762213817366031507381272980586192949371317053004017630031575626573465193840666632800
-7573508586573225045271634762184078473899872120533594121197555940392001444845841198340279813232351321005868047230134146814169178682339026608360916209863177400
232216021799050722929647540357989877733922565976886588291742392433850541071192154720328829025016893700879411454835300505124135832888648612692091001810106424000
-6905463684575793610822055587570371569594079246248224550833918181577988462369004592305107187518371100419425491370486158295219355039220075148837796973161480067500
199241700361858352600588979616334131857172753181816028166131836329973770027033275117783651362113757891706708863386041292312054686626251477220237448983248517940000
-5579946795705604054903311241585697261352644846201516679430633830148157242253010063497618916892144669738983663390531236837283867875721196728052237731943308340487400
151744444818426869406583045325629848475364288172202642045186814224826538390394890613918187280085365698309421235247202181223878373209059197987547146636906219754163200
-4008611688977520762130500606118514583228927940536707333116919034340059857228516260633299798817764352923415063862061748207504634224366244573380525462228225745415486000
102904499728302653454579186135675135107096517595312734691385724131679524951934889182705087723450959557125761068930389783221361223849371787884866932488801141297211200000
-2567970891411932524201718320489118743204905116682299330493413688781300606876690725252775447894949593929858770517265258408792672630147590016404441366945241483142403600000
62317919744230122183756685799119407097323087652906771166164078608604916985083696135094197287013724332409145175233560326014903997281007400462092775885065465495977006402560
-1471127997036878436655432025409856045003686802412880361637806546142504543917437191673909120961942928306264572728293222149084176721131787062882225808562384248056259133311680
33794507201285687817923737874991127227104426123905263156530486015282361086448801738233500130716246725470270670533570055102928802398068712761774187068004171797143277779904000
-755682730473193852595239138593551594939418417492881578916862256730619463183091261091054655700738294833432441382764552621051602386956814271478561683048426619352787183689520000
16453807863890621093007828243102153362141914743834752763315907441533475022115671412776996483554226150989499694699745157277593357660437041775785737860292356425350351677167360000
-348946701180939079739509299938751902139087491604054243408141375176858911136990307060126399330676806444945906884672142258145385756545853006747753502193690819571309044185976344600
7210182348071566706618777133683389402406921667699805772040071627797044484837601272294957430949732250591133471199700195344041099869441883922996410118182331508557113931139222844800
-145195529571777288802753646309696511307690248128330190446621936163274659201284265359175893952669318172411128445537686637501470126088902185097163728740701754597884594266196678956000
2850376458018168172112701861942713919183049667132439389751945223794638541207966910607482638722455884691084484101395955995891830432902181958562987759456017606592816450654730564960000
-54564753304122453162100195379561819331889465375365644230720592008732031133302680628753472570884110503525914756381498861144146430281093597461589915764314436816228953576996374943430000
1018824011036586217492036644634520093446258330380391262187007715480413277232811740836174181827342566556077509244967435621285803464448532964976930933739664330000906678664514735691139200
-18559926376283446571302673504805678170672623529900115728534628249029545981802112530838325586823059223877770558829393929632598723387715547859685889061052757459980010753989462396413501600
329954246689483494600936417863212056367513307198224279618393391093858595232037556103792454876854386202271476601411447637912866193559387517505526916640937910399644635626479331491795584000
-5725839545630970999734870934213294446661709166817325647794136862364177081644804619964895280039524365933916888311037886211379199821988415746381745182437040429888461306645716033383903610000
97014704423689099347609841981933824150684845835149556942198651688444827392170930240657576788731787161123484124030775487016384250689233846798434699841498588816370485423849041460470513280000
-1605281952987978555118617223579828211986683852152995057704437418166737255622873778916678315977399098940520920204903803425841847498225595463277457331488421525983866640848526318259926225235200
25946598097275081952121323287249468242723543079697389504120702758939916458230939446979780127634695640018215689842526781903402922828462685855423391970180200991412701623510874368609419803801600
-409753312224985093233730703826819491099201605121426224960809751213811901392892074808666388322340689121341540664319629289120788241950196704261007524538532202920271592923745394905503083420976000
6323722062179559514954142021829560142435128945728751590677406126953360226375677436173059256939072168333526286029990070240703296859233698240809259379743701982402341568211531426984223791771520000
-95394735721378454778947765110426387513083481503284572858325429479401793193106968368018966448073760359176179181054262837550256286584182587099613921514732601668215857248938395031349948152625760000
1406916443596493944032915604128331732248361631247998868225434677609561914811668688937041164554505240869560792655406825565572223021551361670172522039811298416891546090112210097756543323978625945600
-20290525745197569399223840244304357153681259710727568747010329785711773305486471403286561664977534188335062243295148373089941501569385431170533899943298514158453349118390210581935269403208670823300
286210923254609566443297701904992483944795067361862357753556272628299134137970505329385956443385942977556537456704441712880968868985953281427703177858920055171636570835662530389462105982979571864000
-3949406768462841815170556845580917215200329685769555285432116308836458012456741068177517063479771146720187435073902138483918200683294820764390500171361243264433687687421509458544717367283878359150000
53322834288047233110691709648202388863690360846700715417881959689389941421525929198020046727492210621690537996985952676390156888074588005520892368806845280960716357953383685708632319128450265841200000
-704549277164539286368258490410733343817054368831371882744932545179940357008479949900519075405681829723334909500375694117875503946440723858146998779807966012805849166002263300899587969412300517533191480
9111829922337353099891344586109913595049147021976789505614494737819740360691573652629710869534437058302139784390311202194204439235960378115637413491079829441961579136589216033828138577455737935214085440
-115364840111484797874201015532999650933088128745664417303639880751567214437917871913941624787526309256521468963746034516439021506954717493971774153413349724456208094172165944065360587669680611256831546000
1430180391315155115130070464973146770734258713604466411893177219007080784510788812717655056278203430428664680753311194231507221094795404355468728123001579391128333353334269484727705202216645677490666880000
-17363283813310555069626011738814610013445609694854225031890604674507840149451295429400280917627563522548007139770668717466892356104000456003112527368316049795417422117823865463022295970661463928285127590000
206475824132450522616621192109346996027462422987226151345214134716251780041148538410530106977291980776429381229251133926057093465275181476991570502321606112687383737808179597067036289427446763433459715878400
-2405325742984055380638785840047059127004506846926574637596040738288923482104490533834951699232705521517370149273795716712654960390731962359189893001101992604840665681107694197124918212177535529200413188899200
27454622071198913192582455548724752093366141563137808860254223397641411533008544236313345100509211071000954765228371408857520327003306213739098193500219092811649767770735739163270531222583661713329548041344000
-307087385846962123599988860010663132875601308216287228476771884051207712247424530503311091266969669271102500295397760275771295392874343722176907220079396771576807866273065690152271078185389011096496869445640000
3366511053934443453804507115450622988871418162827622164350019725099040661964695753639867268356221318342105753596075034121594115169690894800614242201910720537356794122240069018681340240004254517068977716653120000
-36177195523309235359896384769828847654542283660687015075063530151644889110298134227275892647693479487826914796226780215850972000115680773556121429691921411632393932472789581357860825625414314925616702770139548800
381145150271059591234269127035300954170994623604127915986027653755760065386704018162018429738803277766077116781803902788668368914131668683854639278098282168750733835437697425282136032203861812504216618227925862400
-3937395910226024962539282910305283334362909622109448022405085579714617990524237898080768352814319415602447638565852897231313025010981527933458500546266413810392525834278860080929974309083022399024147837457411741000
39888913379813500599426864850582774855758946567160952007073527339015035104880211018539290008619340559349410801541133274793848611122293872149126136006345312124079970390971363463787413002034597661348873385033345040000
-396350804207098859103246332621599374072693139970544414860682194972993884902931385769239314918670460484031045324362200921356883094802645013252778187204323575755526224722784324266640505016292220668125890029971602420000
3863229040870462860782220435558007237464380832874333251659839520665315972743097720317430975446222838429757116558910030061745758673152374501953581810463979297481312096156203443120380163222694322344355366988541356396800
-36942127703323801106229982915023444208253141714360811718997215416362083989355871950535433702704505892484552427094577162465443817312019581174931126062561802032165046919493695424838635310817014457417898196827926720544400
346617494500322084453515889079232316028054169171780455635035601437471405332227934350702834741424993559114319069035538808317744458730060267814168590216629253635128835294014920035522997978036185032562995427027460587824000
-3191474855100100031410730002829860605887437859714745282583290669512426136212171956580857291584630228328515604441661968753258864430586568273133832527199292836993083333012724994481056158846174167056861449922583710475580000
28840241102849346855417576230642723113777533227312797424025036395464031339509866601210306185262478713278969343209561388137633667357764421211523923511096610815926197864485021685880361170484232456036469601277677583655040000
-255814941376794737812196638497483637541645176499405298762034296788626754094739982715693833245652162747806213558250976843432764631801381372008801335149226319646349814377278287146931434162831981067852932340388644450185736400
2227534679751711463301777545848452563548204375490484442905145033057062196983143973530385589291831358813763988396578139185544450336663787197230931262584834713412597850920733165206474604094742408467893903299738235343574835200
-19043446004098799055887844922163823330334000655689780498351597670743474822300467274380133990153122900581658069304124248902486131623809701821529820512470256188402715233835574550302194369661078860890698718447674802223406336000
159859715944249288128611032131324315087078992879410544205873018982379622078931809362567057753284857450847417198864682372305885300827803035979528534938444215475387985636665871365482099606514443474989671309594467571047168000000
-1317813382874702784740233751023787129957890451641774499852173697650465936353462775242811021813352987543396375663871948799225278325691110706263864489402485668844423344394140816414474022595247480084896319426705745839811504000000
10669354507979609669169825948128842693644350316447426645075160412644770739997341114836260192222490005516148166846877248697420454996046609202253050455511811011295675568591128949740583792280907982122222335536382954990048928129024
-84847443606446816550875411654642906059503663422930017398631533609072829442988429564841418370412322415371016283000679848815534435916847603402119827359519568884423842753926417440891781653240203796099580280201244470670108800899072
662829555112672756240951197748465879068600755861441018800147140848358640325906263573068306446273955256788892780586872152691260395903205284187928467189501251127621314836302845653937906150924773904677730504393130591136072224768000
-5087127832497743880219629416557668576872631960803033502748077528440970289781560248595915172978925689927058064129327163015146639311697299100354679266769032887148604872686212239181788452694582256753155592179865369029687829706021250
38361486535933951327504408162068908982308325190628632185136154851811818984682917641716495596825877469957734652452437175196485876686874026170621236213467483861697261478495727508589884583362642763982933053991163116927916974589820000
-284258615231270579336807664480930615558904689662558164491858907451925578676500419725119232372479752052386813774672559468205960346249736533924303360341794055415176707555653340838651044762717182881113533930074518696435864781710566200
2069997705741007036802178207263733882941856608458164949607751526510823128957805748628209325279648601741313171947630115472452797188400272430012956257513741595310518197646692308019610964507152316898024363858373780808589076979243985600
-14815143703766774708701540021626717967875587026961401517495101820106301555135627059382509407082103930219838103060675708792023994110391183045498491166968040957483825289114483716229659396743826313060613423723513678589020939204351539500
104222764571018002416802512312240871949937138879251331609310332437900851688680956033103028470648256717539524763687629894402140642608235559849727640952993556263739454970739236454724338025371798654376320563522756637662828066854514420000
-720742556531355447432703183412112151517016281246005546888109373457978528443895096541462594914558141088607452020571623238894910337190489762375820358657611320000964543444063444435981578615754753525833752134902609710876940830113923985000
4900021164579482324208595623456479781704493021207411318607643556045946314859389741666577852416648115963940616469514754775968997005171492099720913345355976570282552032422125488032694733432454155328664209850368886343840684587897703014400
-32753261064038448215229309186569796975101188672736585399730687487274463708099639485913928396833231862076658209124973922859935932457848566325951323509212556840059621292411583069958161114752087185648180269054425633939665622710616171971200
215272112784899726774505172425555445407239737581585868981340380863667635091436492460032085195447145959069559202816174709574388439874271359260981153396369599434693104727577009297780316219074936076592227502293885993009598338621216419328000
-1391344675600156630436881387733642722009562229585669853159435033533109161165168067341054883757698590651757860453614202065110460046309845108939186371864742288721865196145442984111388900536906033763251119624020319126737366703906344411520000
8843654930961339240758373244904155861733363609075976570923031809851150036973860566948929567026315849115526076630994924031472769389121653027203747215773783499474914394090862894920110144254249583064921251425220607179564335705881183400960000
-55285928318151119175045036496166393550118740288595425166256539011696508310222967418759458720314666054912055849159141686053690151044881991008686119520487036653426621724161190798554396727822905467518455919177594682505348902536016098006950400
339952425181698003969161793751991815236402382314783639440899823001955371857961738393868835050602449367782757580001345648442810401133480893155769867669659436487505540593292955723639549880936298354871294160636919407822236941664045870386483200
-2056253597365889558326662278067927085167021253671026908570191773082398677279126335211674889255441764389090658016507841797873803341313479326212233282599187322515305160606078920096890383913330471575673348160190531421098945079848014014168192000
12235558595896202330538816861230640506778969443331730365045769228258901220173313730185172894743124548430952675800707818962554862857402521610519074078276155968686113352366750598923645259649569748218882732854026302671001987251988182563645440000
-71629589343732045211762085032569981820959656521719171691936779703223032205849685264678274171081795828881107165001703523694127240878118456108494500365749295983155543893897422620328803482091060013770005381430787758494451400389689498743663720000
412586434619896580419749609787603095288727621565102428945555851090564665505694187124546859225431143974355177270409812296478172907457962307184928322106715944862975932828849154293093908056844505679315230997041337488928040066244611512763503027200
-2338422073828746742834078138828565056817275762063460299690347111925520216444897346081717006173860611605074687163164789499644281453777387887874495467192656851507351818955327119422572448586580749889055685984497800058634983323475804592395247289600
13042094883513376715551996727827232201750107586833645023771605994227576310145727620425217899212072789608200346934361628511135582433673505865455791277063214574652507807880791542080079203278944512778425252202863383917195991954523761834211449088000
-71584452947881469851499215056748949573384162008175446173435962867787178683677415228525466669684598755051400963759296328878345297575255535184186564384812133502446938970163813145844481474352223523045387871899618806220091678813578308369159581200000
386693404492298946729903962133497951643476229958851624192055680140893687904872080245331388980763684496004883328756582592213062242583903690084641515857022185788093171335246420564606863396068351095526655407467117886237698971071340001175468233600000
-2055988679378188031037852492714143398095885240610998264465396842647776488460975203896388832550212391669891919454925387507726952134136436201828247995575986980606391021940630846476593531609256034364744811543994837582787986231568592577805337302992640
10759923561810465390451509243041678146045602999501302614013721961294411333497269818453062874898107287977933553998392028442701712392536847466855014114121809325108522778217253526089160692069176968934532207882190078464932451253919434021505867711569920
-55431955589702676726908365982212419552158842495483143335915134021947165381298153572601099752629294492363813247258423268065814201762538879403671141574331213422829030630077415207010143324685499858354947024029504591814776013266004182583523887827632000
281126138135311281174700380597558992235135963990933349431408633905146203343488264861344037021322988685267713644945107026561299587049793488094486647345234809584273677491682290289044564718982551291550229001357716482560135345163826586198297918018560000
-1403651096096163549407142695551473812933848663520761962650589921007340081654261928952029492992322443042191169499025339784795208635576285895839620820209617536992013787013938903693566960788871683508447346379565326439930566142135444322461589280078080000
6900179357058951085918051234772581194702986995065809400078471260380890447604368401954234807091165444872214188658184754628239472245415261995514779494278321314834746984453454330148804675838039596631911150751807838246058671535931925754838857037849804800
-33398784804653395186700567434975618699360985663617146887879822697815837791529477612236817087100988299138425621491352597054742445521211372297734731302166596919720962834472622695234144854577177769808625500513958772621547875420448279521685301079036902400
159182491738029164125667680727856533116999821321828164079196785692701717057441804125343067523738249234564576332216483553166097711867901822286416334673963722914877630483745535893387453345601316256120626548759782409330173410864305402986230239391669248000
-747100490485746956208294095997408696629277522238903895382915053504462292863129665932776017722271750182973825747642376842922041275877372096145968989427774378918508154767987730850374177665333208586299199230309241547395039564329287876176961464441793280000
3453075357473144271944414719714616169603173130753191818666305058023393457397688984016178636874016433898189375062715733133252429848649941643545120227706838361926737109621052583932776468962416627383880733818408063618132810530151047417251121126422794240000
-15718102278554219877555105581000957329206568818497605056147103988531563132699035141344581264698916446317269909636062565089248921790364416007057395117751959667068779244024673302855566763739119030172509298090830986146773370244842632987689683349254757421600
70466773256673306721612735209172456668818214932293109384851767304474205799339897214820844088118964638464461311638731475016065688183892135926396580835759412406571069726847700134186169610763301734434896821594046805221412746784949372872707176522904087436800
-311158436932235411882109884915216816836838852211125856617266691589658334821540313547458981753988196049704850598203566414503763613595120415021737074003657198092344475510430792945060366763576635478394605173389198065199032775536269550196375215339000921072000
1353361773942908058154112623764630033259253180831710037663869128687602738980661621948299143042300272328800200802755246146262746930146114462716396412053996229122335337799141195857246263811167751736357430608485668576702180268018040167890892389046443089280000
-5798331993484649177025314543957079588881749025385947455759987779077131410654319626783475429439075969707935512310525553211343512678521981256774186040683304114755133402015483247405489988018749759660755346568546588604220788921197308992659547987321117508440000
24472049196670711810355068589856538956138420202495754139821694610361017726715296323082771744509369521517745531920243458813451422619389889231529148680208425197495825470162978404403321270277554541195938745348476665453788265572130600275208547362172476995033600
-101750475127382546967913023426681421027059341626525839710472892168416783422955133024552271994617215640472225969977429736051443237181425380277398357952443021489065510654412212393950563503393462637844472705429344498150561872238195647602390364963209000099868800
416794229931233897436780945758689287465712617426738568199807207189929123964229423669721092641007949900231169809251732691975935867747356859080282133188249516831397466282765647527158104436432613996462854956013063052412068854548082426121305005320986631697408000
-1682077195306023139439361310467811199290745312074569749532278909260518596412469972473766335646046291574044479773342496183372979556964380776415091283333601233513333630843906642629710313415244362856685852245063348461770007896729709777046033398210281401767760000
6688496303228683726054738465292125005463792010142667879796990692444192288693371724866100458900255076554780416613527558788323326995740022968940481315977396620834084023237309253533522666361208354081023033779186805717807368678120502782100203808268101195194880000
-26205250793020090990223251961472734333690647249703949528080742529922610680154387094631961552277404223640873072412910448236784151986181559195507327298505350933578633213395753960842464982332638779385472563729534353793135313081484650848249964602297191357464396800
101168166325448925539630055997631203907584206652459883530863474666321386904048030174714027417444396839997636175183770550957699440833626204796772722002451080886078613802326181496241037821058340225275032549307468080127200137585672147496913306796078292054356582400
-384869229282640931748839394681361676709676329695142563276806035570617242060440966604015353424022432475579163173879713921631093955131843605288425703007228802674544266846362902125961587397613943369847841342002737800091797575871399129260414687444721179666629312000
1442825604781727172381963315956055335187466477055531277344971004411215027537888885461275774472094521158741759100180557386047269931029865766091796046557221145380195353675763226921477166160322244181126258764833679079498135187035015613719754349670811465755481600000
-5330439039888047609077808917282093321664806706899601663524476210741433296181645049065268833466349203169795943342333725898452413911860337413616913172003067009321277278857680810571012863870079402113605344881191092154812554996546029906242425791839386804041084800000
19407845704609856672738351200412164366984901454567614167824757400898376432895939577174652604304711887354936387475708727267952259945406532668340907308768326001872969851485611138021558150954100690719198379612484295171598992076240604691123443118147232202377048801280
-69642312551798146911960419388539944017415830041953577530869875367447612204470634420896634843952790560923400189730354214941073655401335625183500028089215061340592272013887530178993745259329840976094752630716246993195013648187318308794952352560415137557813019931840
246301134116608722839708080955352095410950683668436796272475412260627387795823240251375630907784135917211297552495235948018480035062338002181103869012257933433484111817764318804701936695513625719023862602807627656356969970926453720657560747668102947473768157568000
-858563589114658830767313438994882659312664065703841117419314067261866931104333347101476504090715152486314914726213114956410207911641835647358036132213698632055963663985386320868113413657871556386112564864508535428176541738384426877225864688050865737714313980640000
2949893835974362890094316715210781255217145584257809086309960582900796064773691505124913248098956015945614566723240516816618924770663412588444539237949553853056300609869330211033640319676906585294914641890203665560285232261641796013234324514782425871024418635520000
-9990398170605890912566644408745796801040807648611886828139063728429674425665197381662086598785504465237541382468347489807740061609880419750537989075338475146358481778405917738472540698698372922772397800616362901798288217618447303541240407243288913839556741742499200
33351541989646991157949658609191120678130431028154965923503956590180294636493126193877448403161474080586655655132573128576445012611013148172425713170892779518541388698168505577401936178237649944072879419364805037815548542000987292625328312914258475895260881258009600
-109753798894501578045293519402695269578541469454897719493163530615644336941520746913525276632852810112134657640614845244550035883337262655975584617322580830558465284236319827027674738953894307213913302170868873721382800048931820427261922254233146515063486063323552000
356046842602008165034509479169542658395674557065904871621645494523085215005727670121096062987641592480584944491516521465792227249716629787249171752692680624440015183476179820486923576098153947138449674455588236169817772919942457858333638917253099148869692314475520000
-1138653703598984819611928309254604567948808817261245219904608418847412732877928639739527233809691580300400924354027892505485639798220955132172423593433796350720515239854572829146404665491358173396779347894905041789185956030273208284952684501646526587475431119010160000
3589928100311025799135296195231814501094178717830749575123064041703761096521841108618084635120553989210648980029131503664336668423293906284351590808645153000091935031154647963658543433898597877054962125792602881788760303856555157539212110108565867199268047318208102400
-11158392253750304580252509127120554652160952713160307378359013920584187246857530926495216067418734308064189986399369811063045293258239785653693479431900775741672044447483892920455953031489707639997434451175163767123099831038471087861720887857105254871629406066275635200
34194095167487850348018498614837102477210320362099532118875344783373888454724270470508946603694459905978397979426248075538789602949840585394200384795747294131304191798231975903115900564912839106126142462979511832906613797766094591645800861985398470417907493896368128000
-103310786907542725764292535496417496266096199068209555718484147031818149576667361424663248728935969360001788938236529559371028965340615858740371437596589938994208864904204434891756208743328924964567681159723493975694113693822216245158919337005171334981220341096753920000
307748781200352911820129338963153129606751332562079516387907984585025773638868469373073737318345472625600357138374419455041920722935087267905306232518068985428621172327946740235771525432102803606554066707087078944196949971507919325183233638813198718196066573036124160000
-903886302545490827905166029942497594988206012194590832218656390514285256320099305793840312856699504626586710997914163999962321671248874457859604280544552256399204273705259416079186123823834575168956264235061936104550094419086237621325570068967441742149882068488842342400
2617630549911625640375126250140209586231572291777476830192061904691571194860498655697695824475332070524098375688923976817193041855324719408019283271592633337465067654626058682325973948349564847384937129023486840425797219790784869718971624315294873637637420596247614259200
-7474633242091126113120867641086403051613130894475805624190738834563754389838063991753959173269201128573112400089371267894472264293097780720625809830300524855367305410813044357504439227241128028970687035770869744396200747104952509520604059069811058850529054879123402642000
21045921620191610694088877505359659374833825558071961498701299067600380155338831954016355824115380664306371406517577883346458994310185380600264032188835110924613358519317890204168315556204180184124289412109018196254222512184687352640901868915723478542873292591008147040000
-58432125833209745357036589360387578038434236742470333533951398753075951843230432760416385086865991916127262923297939891713294178245674380249319521615154300293485590173214058377727702131322228716646279454232852544935499866237499615780257173679739968205453793248810030520000
159974175614476458399709062426661102540779954814941002030729162808421272601910873690739969837819782312597306492229026547979507616885935192149248112510822439914609437985332710936356731168419968397573813972477498523023412967121332281425059639940976979620264607294519905779200
-431887798716789799302608964792177814655662001606673681372683612618434908511088672508530677108231025692065921705241280465706962553886167133053284295419484790474382773890379306782131550907703565764722328418564108817115973267884598472080310559069099997067797355693891685445600
1149801524476763690482763231269236821619289288721727556995173048925164130674989864299038613693278094630221109293862998214765734006738611873201199036376643782416790646457110205795816224066168476765984976995182656677173396841913904355570555462985890172306548037576152153888000
-3018654267594401154038832914457356388765568565495454770016533671580005054324133552264527836812076519993253435212499976820088847378929997629048908550634273576809717816717632586764982778849362066909983770973093942926692987194010524584152112565754074736880202447901373850600000
7815372964014008775568633646965577531561228602386757573300047076582782207766085827291672181325435757730064599516860625322847133760938733792356922700927522064673789760673352537962176570032761647335845460223968480098683836040188658482461245855953985369633428362375497036800000
-19954405636044667556001224643273686693020417898328929105089012697108074102423564486386779705164635712530344187101436470089926373096772798586990503963075672523576736861695220533738478273021897857019064025180341922599962037273710687553882114450568114295382310130526178421783680
50244344856403354895593984815003232590965101654939365362305266791698476827092011783647789060839782722315953898800894265718869089438095672252106878224691517895062357057165203694367662131085161882102803028478152102726391379613871954245719653939936960249514904209256381735383040
-124767381692360306214980406611611669009889690353561689916076393433703758565461672727627493054347392028689933065287731876138721950968411037911595172927087247591343822390384870707082721434962357310657448212443602632309371790495431226447101851177926489983386375575995071055232000
305552771491494627465258138640681638391566588620967403876105453307029612813375525047251003398401776396791672812949547451768298655432843358150845321454091218591046095649922132343876052493785364842426403785576169711778053364478607085176575962068391404040946225900396092380160000
-737986008288268922780072358929037714332264814543908512730656176188232109590321370364146965219712556491991575582660463836495266309917372752254323236142711232560597275376312554985582796624083246261216962795550210165319768306032252834302988746524899682678960688291198395650880000
1757890574031858946959580331189348991208019916599724396392376106154593387232112562972815414785344574778687083453340703673730449463128344604203849452250564312296157755009408495045253546062039959160805778552903229943823202534373649916122936001954278592145025121729973211141836800
-4129733834408476623603578140193698015376122385370353573606022036734609259905056973806411705773290524399369672229095456012470772417938874036829445834744450654768141555993801515141541657261828392134466266407639308671636500383149031037045052758102269198009095802163875467488998400
9568484097180180615448744142417100491646046125220394940082752638498261507231768684438389557496610965538738851756274285815727281515390590547654026522752667763667322310417153595725740524468583228806035401735173062730053717893977357729651399981899070829618964998922484921755648000
-21865481237696897109521544231695327295363035090835668124798477709068292897385096407798663637248114901719383704208673660946095545650404279181162521546134025944317904498414198646482649245367660893951291835996391569129224316281159196374398706989886548575496462985818959684480680000
49280302577523044954057301493142134602548020389244519483303050147715375086691421239325171991479188110264643366954408199739502627645681199533597855387326356680621072366930267813212239942033274872088935204555132831153908461098591162397078910870638285161980627458801422655565440000
-109544190053786997138351093153542637481931516796763061234211217753523594203475585774825562021603476899345413256670605020686251770645770573902019595595560440341147462654372045883478065062983671257052295445971317830049580329547251543279438742715142867486253943971855888015927993600
240165074970688915717979683756676394495549774072874573368722367927178881494414882332139292868638893402917883631479625679098485272774474386860769719613024493178920543895418940603187865831129358820744378021391442033096278987588960909153421010285924956977567326951436614574216652800
-519322775254236433651919178664395590046502420640626455429852334616475605153851689645980713275157325902513673031446854343698520185888823720342290521551081020149372398061505200750285082342432955166296777723587737940247015695283756807495443682908455343179620876418996248384550672000
1107577238502059056187257813210935160415692967030064930401651169245303611600138629684257837212727255490031144669770055022069448592356070955505301656754228647527017858811771104159174426755137048246398999592989696116253416180115416004171551737050015186714719654440302342870442880000
-2329815663302883550084878743122740344316642296115539456292738712702153743040356245378932881304342184975132549992858736798869250398450462559103245359859051190108747737638971652043098743396860364851086444837790994758647924292057349330287756430370318651886389389274121006108358240000
4833718580279064229039269031486063601543391298359430957626799643114923798216167125079960606784459338190483765808872348165684296164694281476868310286466683511869969562585785555814847850443104303530093983898831964550208123987138302437467106386116496268047859123611580334663407001600
-9891324031528272872493701394098700064946677756950230448763362532731291147700019803085542674286966014983283105561352659817009105103992136819295442986536215597752949332320659815893153481339045292586776897393115229584662641920097203974029000514439734400705873930653472421367443772800
19963716281009302677946046433246415387299204782869670238282188517717129492607825226385142512353909619316851628884685527172132458728862636354686633851651169708646187104074316908460262627502449926892634719960960551715397173184523737299405725517474407132092128912682495252113271808000
-39741338666040002521822357604942284481850039316627075854151301336558981475636800470123861783125191893263840340683353133114207374338103899342124589587060409693764677446783746130899822108300422425167866923699744823563571028724894120175285722215736602279513000921309811112830908160000
78029281697705530691081665748049562041801766067599476220965362362358711611471116671266733729349535460162826404817872809972658619016921415175855139639171507267205273989465019612905786958037450823235705937552544161825949347031251006206424092275212868027296767597796173826089134080000
-151107573228186811697198211754110276872232184540289903031298810926890902492387939968619001771037243990611602398701950425742299993839608002541688561637188144724129816647904273208637324499791161739897923178116991978177363767518432346295907515389740225358068155582104082160031166284800
288620693501588650715755753938646618800941750402214624475006725369009613065045477033486813071323732466496901467416874169583908638752469264370284034684179432137438265708107815955597934684722218963403645655088510629598286504049047249672460029394936347396725335229485997758952262246400
-543725920951120003970950876033472228767418164436604512811094866830730004160054932943228698149643940038387809770763730262864580747605166156368375562053661216151295669581796732659635789420563152740386565231042382302675369500617518705783612357543479936166889127290431528730012230912000
1010281226163475806207964385881333506366696261616808240337532741361367660407188477627829469907440327767440198331327166769665331317314189966587663173073222794996475293477810092657209011692574459836548465228504818612222327854110453224766349249673581735040329694175146760535163187200000
-1851450685375679424590261263850172590699474277432445155527685510331669333494543249428248629751252799330345754088817900310328368355807392179480934944068918520175201145192224797714212776071574045466959124345438129501149547854931012941983022013616766208589035323032670401616108509100000
3346471970659084840843600329626591461518314948783772079237636245676821149473277738186320249219923677035534970511470481975235299121576288671431574738213971758421957641277419020050199029365991337410540794352690777320951866210718171027026458199189897780755181989111732788730476899095040
-5965743447889843605868359715198724104190365945485331645603110914668564416222694766525942079493729159783784275784731024263667861440145779082149329913043244782668856392654726956547708752072629204425600496283881927860533915617599687260628085566818814367434834083612471720813613303573120
10489168359153483100616611814648147719529724129344079005834420401501522174111202349109246296301730324213760317221305105829500053299641126061882227291849598814450084208397567627223940168405756096973731393260488320444106673037600800826969367780352511822266994662719826464820069578368000
-18189175164202268661609042629106211068348087520000807979011692580281523476170635883357437045631722839263031390349233394217456954153126910373352827393501502099272907836372705712451948416453848941245325801120858718960333872748817409020990182720834817986654705945500129975977323256040000
31108307281077269154333285317199860000724686285422331115379201085797167817753131921713197951004327873378134652993688996406919763240320480874988432395804098325348268683446067579534912560304204798581468325373802497780637752504642088828866106822261840079081010408650019207975709238720000
-52471893201951675791531280067456073875324442959583160360948407063981011100383633426135102834974766952999198052022190462389282486846324313572671887225807256889839332067206222382879408560366425141259467622018507052447420151573472758867880791032960335130743279352616872663676078632547200
87288937908788185316291836154268862385727406769668446598089769649284428578153602293269631537172094092761245341764693370914559843188368221495454322169008425246851779931818405736088891495410633738860224168800038118319607803730702757804089916950840933057585491680686166912336690617753600
-143208413756605616534541293690597352351584026731487295199991028330857265636033253762395489240672966870936418138832700061656699742730916613390979747308529447670616201450639571910770837609658070977817555276937562537868106552995684212022335019997473405797601197288625742590552383044752000
231712263338433888198237345277718717061709386949360717831737772450818807004534270487369812943703391293688499867653933088027491856572854819949965204803573959428004331179874007564002106792027205413463022997774788508285923108090790052939673012149386873312481150322033657447256743109120000
-369738395512254074686693541693149928150937509422282379996939593694670750683161166178920349666341522527274550714744084587994485462494339326895469169393357213037895800061712536761077435837895262959136984227930758206122908169391785362252502923707509300933804798507689508951332519096960000
581833327724706710847848176501611613508901282369108699886899745594235706969116124682895320369465707083934224632215842952196881206566012944581690406463744956846451726728167791664729261820850157215044644225334442936077957656004050975485586493107784305809893566491846973035882322129510400
-902930192746868269511492053999637255645196504937682638920647904893467661240692581239526918010162838630883489615705112645203121109722784344280186133687892628826295642349463637190418419401061865099252257510922362580688489551878018851697531193600709582448767068238110625905099410166259200
1381827687310096253221667769798444310834465480326215521757889474703884351871137714457258165040388784003823190146985196157696599380294656166823778241588977022448474664251809614785528802928933716532815682238225467561038696823504682306822620687602004588069860905227936929672993026364928000
-2085402511293404035849415106652425886443123394987757465529856326266887116370740193495846236820804236998920016413301135045912961620374420634505520143037809843302165395691793392414747011481885085054158403293106138239802856400630212679166932587381847366202105421287518332622975228776320000
3103515286497604913770541121239288873702439270340492754499431497755563452818471006612189858364925799247285459905497153200801264708684875077432910073691954607927565623097774421007909769647801812123105294850236631002418746466356911108534910197443253460305466950032551223186111557007360000
-4554462563408959127710244278424233493145720296573116528560459115864236512209939856213920078780014112579406122228329320536641147648618468844102889854498389428012312405465829410301694529836094433627673046326313405937559969098171585748148392779161124509481958607973984762928799024345054400
6590683175726936464003557292625815268881587773736287219442665721495107700938706720529390933029779551558580702140917386623226445439491142876485592301972773103864927137180696445946812586623234189451604900012637336516933941956287347651734235228438459957179450372462551804456529680930995200
-9404249019527720879968193175983133886757903871188321178415517400053593931919661005072033216970041804282371360808786309220167985676372470365301525181243678444513227174006299066073789252803267622456173817866881343932067223201576944992097045401005052699981230284386878313288195867546592000
13231468924831293513992743129615721914204248228053408584442771013843631286963122767555496615791479501765981009940794366881937987942099355415828391878909461721115665186818461386465654136782934072950582072319268777691004841802350803399607487542811898225447350709188332575792702885328640000
-18355729523457925040331944257329201156608967245021754488290812052310988962714075496182328876445607136679616862974335345738375171964892032750932450457786367440407587590279783346082332909824524218745085748103086639274273765435728969114212933664059780807148163079884304495304466363342320000
25107518813727438192609978364077579871090756296297644823100855189386779471798025065198732695904875107870774892422237887988397419725206088412870602455411776965051638009368285411857457080020537050493069891915965438250311923987256830989643293720182661280967809771109053499083347043662771200
-33860465545388614799614617030660709994370577923354810082420022714181757436576314026803889409592249523740127425726355025983162777051246686721521721167848525240411780898581761473295040066622316251931570379551485347873664932453764157372558631277435183011494908104460360619021237396299321600
45022225655918379788961263641875736280603538513047946923993382002236131771625015880514866804998004906912080787669391724298942196633236591762688161109604687300270511998114253482497560199387013298967184992201420961161659743982844308971823110839803013422486304404822640158255384903666688000
-59019201084619201523234291771693405918698951167639352249397867194496099832324188757910235694474573127272803614494093193476883041811178138183967432841146558168319296791232467596032222149381795447925814418513260356946846007716844797262832308654056938689970705850657280221763469170430000000
76274423711042844142089923244500076280277891633370526556664445776045281323921752823242066510650773302722782020002624141657645592397640068005434468132697721212739933441200547790114190035413372456111992673128345121553472958602850597814167952578704769009370376581046540372082115735040000000
-97178497370986090179047655968580745185955971725978586546890130443211355304681044088991080226825766837160198551532623324416906574032506895603275860207017389479188290559829734719664045413278902964923869833096591898946903971529382244053510078334234912823154459468354479412616428701848002560
122054255328826325672412865216137159808166920060526556662312062375365916771936979677682674817673834991362235376988832215591196701481630539758035781439356073629136220939639168408399495015347899776328883226508581193629793455011459472190380239653836291199672482481420187726568034956902727680
-151116714305066922650438736577519277367049699070277470987249400104924811133055319777617162817139160937828416422835521116006201824357413724938201740294617209767744321166841925171806662502861687766343197966808975755057043814567208380589705315299554018574802357884568881645272923729000960000
184430903802775047219176586127510286802073497342093706096391493949237236102958671140424827122356406950009465715007435041672334929756771082069276507238286747598871820674494074183654431013194317178939377668251608148620604333671676150098701420600246214298982333702175022795680619939532800000
-221871097663289412546065354006982080252485125383035507645533402874979068845851127522192822051079543254558321385995288856862095153190096627079216900556220927233418665416478215940479436949393182144104127952229091438385686715686958289999542956120139336449670095257407620500978981266150400000
263085722633298990618251796314561265909844107766760012018473010307918279496970478069529494062690305314870662239842841245974548015249045910562336638223557991132726071176811016714720899754648395479261894373374423164402767989639788265930407690714144150674592280272620640847481482069131264000
-307472606714664758124141843187274033200572048128958886726850941139440685753043515423270760173700539474210947157841228325697762392150423788874832918265639911114942748560264376880350004194759896163072300350034594626329058969581303446234248600080390059396652931563123058234117876527724775750
354169115639172353829500998193580651423935584515302156008097315657900155522287251183249397175053930312313113896782095883648287828654548015225019128550771161374507476426061163576390684478755664735068518987882208045104616366723880243296668132660843854091619177176375149819856289212997940000
-402061012308065304325554998625351870753706094043308806843817583944613082928334176667000791682184818280901695385048060144340527458870874958994029361951490637721060294695861303792590019719926263531420176631802762017431800008285109226980240482010045457521080510836680310620417049672198025000
449812537852680862822919329420184660281214277452068981321310386545748015795912751606342711261975913333807045739584782840334340643898293464954069193299674563284538587622948362830403479374801005135672119018254553210062785692249383242146257326126472346805236209616302439609443191720444200000
-495918322982580651262268560685753587960038740890906051906744701166687187414993808645992839166328444450522267927892223081468610559897868545111861285612891206021203792854300570020519836010718108162078511217625644914094221225704945024466248702054435762352772921101973439669411118871789730500
538775462005766633470118930127732293092387767881478179849302885218129290031104384701819380822677816193159994785858217668756021349024844839133873989307832421356369552730598150145749945295594981706949493668531564844941869973605372372259628219515930210951160704407082255443310845194043164000
-576771674516254312985136203898904602847941773829765515503554899485085817812710589560823920513875638409101483259116472312052564373187616150045928706140173438077221848703572126674733913088497133481953026371307645863157061287372396549960648850753571055762281399151483589844002352122316035000
608383255110033608630969616973847819453596724235129783734611827067499331602529523548955648349583868182683633109993462676738930686691559431354377805085906317022280300154876062429536154909522341783794659515832321447121386625897295786915076698390616377689659397737313575662773953806534400000
-632274797942278816201317468237297966977765890819030584613882266844297794507088225711970622085993576734336598901746965135219108218967081673141810829255444390795380351542673006054272731699974629568778675572633760034712801272291362857748217264900819503058928764295036074179030443584548700000
647391770327399302244777945690774980670263846400164829563212396086470468013352392760320905809487819743762745566838216889751438339289555580286062881691469896415108989637940332179799594163830199565873433796719941353307073872308126093606661647781111079358479371560986456073606336995420288000
-653037096833872327422643116029561912705335823239286624179082457259874169166106059252676578810851011342805959061308497570131570588926924224542896235725101488450952200766418612254350676045212460195814978099006336907252894220818699243583417120626960838191146308248378742853489528667167904000
648924068786369786006537310658505041395530723088710242209123445023628977033300414334043244300813388370216641275696025584145105984367620699780032955137064476172557532049728492363453013663297993803693880522010533273152871082534425429104760465502586735365355166664073702026135844390890240000
-635200025841302737318857284833011207052138386705721953365343392214109980373220450403136977759087286552796850146020955094304434119945499739613989988178203915088433633475664981839114559556668598997113754039039186647485695609511901032986330259066041440602880582985042626711788267708586800000
612438128313539190686447603657073919564594062598427457365062364920247441448830784313733373838061964431330836237580879134056076611439278421157651960244011701716253751887483512568252851551936192352657265540770387004350161154274074588098427184733759611226790294684988515642791612353238400000
-581597794033168787819370111846029771982678770365247386089518552277967217065310101059745510801580133547552845842132876290419315881115635196410467593357101318218306323585988972449760996709039652405790258383017738297999414355956651710006392531850938876894642871203663510966184095083708384000
543957588765816065926892256947482917960624710704485402645890583173826775313272153450957906972112800930193078460320842671482168941627575201468419521146397453000082035300096819755030341933668055234118833727927484759371247304393329239211327327075847136832821306044814738923016477486822912000
-501027112435750105598346572903414568615197487442651894508329014251465527731981656803032095731707218038873368994357750646736489004747122514382372516605228893202457156892369941909149852009485964856307146469366598844714447009595093817664034124994371798489843856785573913061053171744425110000
454446360485941138864713444810353350217866201762042534701432212472984605652591071930187841933521286203059745119598866799760987759407820874723240377873223485897920323711900174067256101595905637057874962784005985346679770530244983054570552494325960814956774473274896973298007412013084000000
-405881930439338952318925230631208684428560158063165833013681258231006403681911518276611505210298934463393961978587868500244732167824239612030708043283249698970553192309846587081513711176810973968268020133677251524467455023769471585568214294875041964479948302473515727403581583964427000000
356929215232235341289491617030054907097348294239111147884189863106047601592883882465689541057926880496575894841970348518879678255722092312839539936667890750153225381836350908129176698817886109259976150888860455343909866167282842159690955682199931118092885711176181023937160855007871116800
-309028467394082354863288182865774145239857856148289455161809153032886440189239008352494516663955203074336667618573702949297303875231557896302065971474708551838580046317118927796728507891409926538846973844426244634752250096235104087351627810703266869244645181017678364205623422998505090400
263400562597883277614188209926124791130950537503396764816201418086392018511595761006309757586084404606623546015909501920838844158533851430595408705110791738328964733401185703943828857617044522874540161991235079293523923891798092081387695119446280457826894587946619466160744592841067040000
-221005764215875745780394835576051473537685518404944920222899707000311713166818838601187260373035081216247914722344232338605595588480508203728576128084846672945780732588891451946555331920931267607778541539279006221062041881419792984545120465044434246257763308775406801966687582459228200000
182526156779977389097391133072714856319815092396257743750591286900682666153678003828228396280387961372928738603949923672412694199615047486559816833318156535891604061313121024431085792558328250304709174836874767178474538462670259264275082597304461515440694333250515184604956402167737600000
-148370018436622181502393361219273534163335408460728440707671328098132724889129406963892442175418933550196117123611284256622303426623308179476665395032306095355051469686529206198579929514664554383530752591571327009145457419483583579757483913821633009152040933210740844383791665226374356000
118694511526000810034614351914224371601544700315944506055168785264913665807126636935894400873049520579764546123583510896801176059737606300340446545426232082058077927548519862934257380068417707112357626926006225662209195099782664955688513872269663681084536944428972247793662085194204928000
-93441852699628800264285391851390986169140208783256699884108467902896233185644121339113587931407691211409881420287532061946552326591630733273145917916720229078592231957334716802464454494030614075865766733346156601561876404882723951899796425902146455840971724334487797056513943508666560000
72383629980209151923438496053893752973984673961633253765312207028376959468058800682723058038738567877684439102930970409459028160443316444109253115253696799960492228278952737959331428246196847223297983095516182691267200391550951990608739905142643385738040002718371098769944999379161600000
-55168107589930038635557610939310289086611781670842603262188024482436729187908880360655556273747470530957343842671041757348180397080589066761655881199049089763580375285063252090036462117864248033101032965069756727091209701321807078440426852172606090699694171383485748793454038717952800000
41366062476541693728039405806682103373727349349104314054543545005581121015209633111546518920237807882024328339723448780419003741505647233266259030945483358115864563574779837553605179302264132498713269457736022944989387942743038944971816029605668222197281302726251967307067094787050752000
-30511744430011125332458817919391551455414594457913719250975300758248884715764130208310138955629953334468357886944775236796661850656024922057963789354416443899511671892967772740985638452289866326530242141346611965622337800742282858171360170597569329182705423705107339521948249667308096000
22136748620688181838649722090383992946078939465149799832926027671975541169785531222287679879426070624480436418116278796039389967041047594874089961658147199643492303079116586324968152507725508524729537451794650063319827932503233298987731838372576371109986476958773502286438191554083840000
-15795759393270520376645493368048039912636019871779645340370936387995182341504589426493734732636863304276073367648195897757418200223336249790497376310974175478637296944173359877064526742980013286507977359235946711004822725998310460076544522256955687260616194526487868113701345089800975000
11084132930889221372282887840358227549954764102983219239573997435706249286657259576728544979231346422301123165804114715769288752274150105095981492449007728313262229850027086309730460403402409198832144455527356770615421873843811489854840355843867517378505931787315776564071412375606800000
-7648051722313562746875192609847177009468787231058421275306058230637312007793509107942696035669629031387774984404839153880809239069163572516227229789815332536150938596518689553714017678347662347194179674313876171724641092952229927999839845532268586991169092933247885829209274539168692000
5188475281863340686606039903290001592328419466584525282221306234381411417244972440489507703701525118918823553147567928013896023500493722486888698727758425426445118981740953430896693326551605513888726325031394980140021746412060614585737053720879132101282248093778114867755628815509536000
-3460342546715599410581868773463430528098090319095151883251015422899452995890825645388861132142372230804547069686344180738766623385667755784585825825131155726623213676307695121598100793000059199043939088864119388553930575737964754743126496057395757259094284080651769820263227535583010000
2268495597259769302234709484915629420509971265345841512299119943165106344963082474140468782594703597592050100548025608824538265607582864046832115428699011570249559874926872548818752840802377799650466422687190755720104052493711707730353984299295661202131956202857128277375559944817200000
-1461651687933133552563256922386576765658543080208546801615934182455160669975808138186694524376958992326045238671632077285679689324854371411914260314805567719259437481076198723464329700157420829237047370062447530639082731680460527310687727886305165201193195390875584769677877967591100000
925513985772679015000812518830105442055137694821163607655782099281920983146761639145528469649732241460895108667183154113761489233631430994336379205826440719357334593016062676906388093047681900307707650444367810724918297575640297580329061274886065190997412683927701501273539644080896000
-575837106309647223620563513958472630144627935055082310812404692957397719072765445064145743540173640416793451638675073961416636945226330781983416723511878685791709056212160161456787962430472555600279254344798010249811349020052040061135844106988039533382509560342298118367928992624428000
351995111294949248915879158279096738625291503794057728791901745221722103327364699722916465345782887134799203169261186364198495211221119792362976904077367374507011215533105192279132593434355680236337078917927974613359497774163702117657435343885488914282952028632641958784236657056640000
-211365921690500075429476781622819170163434861490677541415118244267694373676092547776277200515335710738966347337967352403843123700941018568169854324241313626025701241704234430636961685789908299723015570619549899174106968366371778471961654201530265487524643224706495568354684695932000000
124661942471523673977309557403250625880891638535144410059578246146541861222950614189411127714148850190089792758876774952739233638362188645120972682728336202873381450683782877804786476307091473560644344108316764730286151475062372180060559755911990230827388820620844267158150520096000000
-72205582212200640008479665754156131961611113613317143911063937704145340929902139634220140851231837906213231185860971127903816781490917020905679833088282643550961129363276862634285713593470793613809211266916051429167631002705848881937521327954845986031121687001599897807635871800937600
41065873889143327097459633083301036056090964363163825911957953908005442847606510425625494396113444041802578079105574113736359103284334303740884432173740113871744517983586606967025466054948213080786757741764994845996729509690036326182675676723847462701423144201702404324807244976972800
-22929691985051356655827944111739674369067500988927216290584391065799495384131853245745562717886026246971583359046219044581642113665570856738789304289808728771968220454301872284063986873911645883284347594396982177671850470165399542902205592267465594031730775168541894437094962396960000
12567636078029215729626312754770669697431370015606503978283246287739008242432820914353894672243732539812110736716506468029803517734116758826431807250522010171175384257104098871941746664218475539945630286247057948354164794940832652559541933828915124788165567716466012352542980620800000
-6760462391220853548810951415100353863707644754001970787227266087066842502987175663470342428164524278822708849705545425523346847700789326864811336065672618287305681673881319979449879370653275131117091395647939661817548849234911851375221911318785249292266218705512842712105795485650000
3568564850938014433333114305692961850292934028492478081548053468845259169757401491846790589546797099567968775661823193495280017301795851721254456825249000251328763159519143630969168251723283225352041450060697975317268677160237694704959921885489179051302772408658990900674474405024000
-1848118408694702186291839805480464767891144963942134858478680815762240515603460960999256867645914303786465780663086762806683475148617905907116839408206242996151968387100707335817291170391913083076984771218264630239013947216149841186377264000950774912798766953021278629441745560712000
938873721825190088803629639427523401697928050945361935128852692959034853283257231510619941037956655935829362413909900404078608686732223523143526943149687685341555309598848446550434500507854708460843413149534854437118566697888087894871493600627307481509670783887986299882977829440000
-467784053614306897741014029637606400544490737560428949484158611619885123339023792453928271137196632471822554546439655112569314382467517127902879922499261979757005942277255564030678515206018645591602335158888144026927064586942153760658428329330933632500786279310019316747859536900000
228539610320379846941515300997424234901178286001601257166735066817947039028903990012576805772959526099910752133747206582368569425470457357824211546011725608568247224006340712297767004716439477797227361783934124512396117644889324458553998855339066328263179882460948053410146015200000
-109463576726709302548085408840899480835237620461682666661057735593790679078682848660654503568403267709186181165080646948801694922840579414394283384509612050330778891506637426080685925703361006488330678829892859700115305921712910671204807630722184016895170726428667824666135389528000
51390309157333112872111146955134496394438331592147377795363051021420861608180548091758766948584646355380177152262507797181453490517519773873467188343921836844325512613945185052592368920278084207381225011194828147587760789209580626317634276897808457720411413712357694631361087744000
-23643110983842491165120579762344863792580135194303915131547237015063417232930286882493182710720366812805116224565216260856050651019345034854980564081839039520392813963012975762043364173391826935687542756886509477622841335313435531205161603086665349472064278878081231036997722660000
10657246486607849522315475326941677317113972482932977699161224332035649082936454069459716323586148663898518230019699599663191384509531349092018308953383335394058800892186844916778113095948545738753706663782505267297049815425709286182567305906022740179917714330615471859402662400000
-4705484109918247324992490439853057311107170312178195040139413149078136146775453923138766590071359992144652867331814502334148551075636214653970070222601695197670917473726823803826743452127145539830876629827212075553191504877757742255118894559686883324398128300891347888914115200000
2034609123224313260080401207674029436893343764915024237864866533112102325434659361233012262841235869014605055379230732256430430187443649821254037720639991239716533568080379425340212658806379967154486580258067088833803258506176046094367559104951434035273139799661802870506134528000
-861330630768921190948754208580398237319663525218843330468489654645168058034563322959092366879181660499663510515604678183344852340508386165016342899421310183429508727802654617122724820999460226241003156618022653083153392353304558529754845237578232364335657734648928384322482624000
356912771201005865230086131270962817840667030123820878710186281278794673412604531521028233506643755467822235049306678338469679780461236552371707533480314820905817984313731236821843799285668320121360262730990091197867500498478458509677594121672596957387741823192402928909514240000
-144725368686931346700681161868259071491995486434746203982350267630206237720856065968709334232624571743187084650496621427840564251788032562299769267536492911981755730061949184821404463724821303217597974499468461389665725821171128428358547396851240439833119273960726257860988800000
57411716503906649930848725369226739104262672304692709017791841704544623228108191458661554075751896228702314572097833293688818876742360024713958056543402146901853512751847610507664580651168781441691758479127984683503759003439786483976944421891401166214791116943098019647334400000
-22274512548669016553737197365175870291730973710870474966482930459764192736616311899034813299565889504590959527684324403564092628457980677947859761996218983342419318438653844900966856686428559745087615943528083041903523842262297629120312743528549579419408557471018957251649886500
8449705908350797440363346343785429275367866193170729374616752417108362357594146014785112549892096242810642618162914493129077286334231507260468574420941252713856487409187619389262453723848948897196113508221248919769071922306156672849203564785317941017127567613155821479338232000
-3133067239367177265487142183816508125569206587288768670259066458428793168065535121507789552685097411894363213757891744997756416352759637905836140037161823044869147201556826775782136428121724088120679987496295616686489429931910355384510927897954826611661098500132860969611110000
1135158408957042630864035642518034363853923731651941988668469094198241924612305567895737954849530640278416638518995753442620868005389817911037258033765462250151480069959915767663494876621084938329339910546060772275678866388312084209898619506970185144310685651209367909702000000
-401754118731719677492869953384321470814898914057161643661404818784743962668809906683721538604296333240588452321447275831177536856083751570347196004119877105051420696532738440367339440930338065022004702946557269017282968706418218113191238097683882874814956790117566357540375000
138846223433682320541535855889621500313629064698155064049381505372007513498340703749894163741644812767947369122292178527254956737462544542711990939023829527505770992721714404990952510785524835271604825338330192172372993984938136179918891886559549921536049066664630933165953600
-46840807414353308727988304426310734791905442965702073011427557605692587051225199024661781141830624714603645462207285527660732092930149887931922646099037977056573519910907698465698938322795569262983625680823068048817126663987984083505514234717335459904700658541222974583150800
15419544005697579395909325962144393613286120625767686689319548744684595050950883349400954803584041653377926664138787892654544320728158647842995605894435904126957026633223456555215167344335063809228774457490222440295549931004470627607048612275904648772975181481647155639040000
-4951183704610563654741296711056273027317900775367570797540004195652971966417852703980666118473106771601171889989909538144624047809657946253497575899978512679076168250341168823430137900710651949079863303409426440734772571818759646701047500660610556326799781048143785242700000
1550112373147354340147199886773726964364233714356447549330065891688804741253020504545383111970664002328327648561802407855110537893900541224106631055685662897317404584839030765499214837069895633359063641558546606402564397167377674886642748148915572960362441035832046953600000
-472990670774228075011490404385713253433049789663456341751044623644878721277287588113301519078725382308246092140129772365633315552584215650466843373272533447336639457755887541843649309651015261716146241922396190855379360454313983092821413023327048428832723169693875924896000
140600762732861693001836597786017919130051437553138855415230066381891459502548371862925711460792875667572938626151152567099112101172522478841961601123938895344690846744678722015717004378513020541720601372099553160139055058607513635025308087218219195062331743874098914048000
-40697736745100452852587427895584461731059398271999702261058528704404186161170033788345957542428116364620360419394619344727982758636134867972971266546843432065361096180405126160468237631518162291185184594796380494032484319611633786883822529782055481732324124403969424560000
11465495188133522234981208663240344709378708456359699326673235728752056341701628254812720050009057302624607125160186387552436953888959709939449560974698922505585591399289885752897291377942152873383520157467728328631106873943019050602409759582928994303472893130788489600000
-3142229771476264614095884510570897654987945548749373296948445945849049970730788847165453136442028298909445602545110782267566558421305579368019572480901701009029261409968891651935609821953327833536110668850271237685456904667251617430415877045868336466349427746491416800000
837293286578090594964787974195697246377897292847415986384017175893695614388358295260732551500667536204839040307498265385870442085370657566685295571119487342160935916272753272082713086350566411530976640154141332962761445998391555960250892289415430908351198817830958592000
-216806571061307064578068725638311522138650364599352603546307877186972115003320560917632109888915586786742308543341631165188763405981083764233553406945648858005515161213872913148330779241834147430245891100003663429177343314829403658110246016656757473637955242361575366000
54521882463620616227576564064402936296699402239673769754797109884386792209976624077059523799869939496071642191071832860003971883831148925380255926373990537775603492187729137348363788138900432781901950794812885801031134597218675593477345281156979399722635593532095840000
-13307855926771304256730966080808409007330475398736940842517046051662456678470625699282280217423875764573699647229071630030555267503165048354648266052823134220376592028069981749230806276506762439369558995775334552026830190149528806100239602649262723305081172977508600000
3150687377029382325398631452272736856374792898154686144770788532762785925181896990333118230398872371477112277145243958109234584786297670883765978565842725314503061371722557786941218551624124332805727074747481334930482642977248542532481610052828814365387079423012800000
-723050046930903838326127108973559135491062982656969452721663053509203700771198488378436795278993816115193006923755856095846749998232620336292626690079945154571381618775326431918370129377477460423902539498061698394210848058334140007302808244736121248264306488002652000
160726151418288477163541193425826717470377757120400980503689739571433830613203692156120383247232412508883728579606654297481504235036822614636026648250242278234286530749689438620462767813736013596692777332031017793909254311640086092386228081199329744542408425296416000
-34580499986673074859106341545782713870439248469057921021642148834813552438196974394760519855824045524999649718766470498581803410234787123365442448986161100268166449046851464748845333196818395251195015060707230966654067787972562211577061571623586171996594747294760000
7195391713263664566217504960014626860817795327818663198240527360846550023264642565459438890858168233066081523135795440720129771460425407610655688966172459898211754223724161336277688349736201036551555633164013413320058644353698908952957248028843334754027993555200000
-1446727581071545185100164747106780835075022007122003899707078720732676148454702208626085295516059329108143571524895052402092749901618287953626375807633698437991416544796756444987620326065385269593962641798534437053171945351436233612068278481191433408283092640100000
280824986625305439668592365613569119206665057362291771466770399191831545758432596749397812792296028058933409590516070495256886315706691240332566995669556552920425858861451467380751774949923640148699120992340597636433393198064127211705318261116965994244676096256000
-52575515597188102002173148873140805479459587111673005061017115148238501412373866408368582128652234261793532269305996592019384150772946563279543453456027356582290627607518725470319669316988861527722220912838132036030118294532153456479929985853307484621988083008000
9483844220705475300743306509684643963606227375574397843394528158358098237480257940766600535128823660740937312736807431160968231235110326922669267322749247854955629825306303658491833812796369643316750726497556061611459021810980683127873159753289526247951408640000
-1646500732761367239712379602375806243681636697148332958922661138603836499562544781383090370682087441100857172350140179021001429033873320646296747799088411085929796844671233274043721148054925285298047001128047927363100524619961924154144645790501653862491564000000
274793038608657344758033616777328505690103618029665703803580066054784347937269893645827711227538965219482800629991950469527483759579780642998992530930527832733564669078881372031106177269977432037000512630692344623091004708291278349155198722747084340167392000000
-44031939223259877716370953989568826434212603414729045713963045849709077270699352998971037907635611006475329743396832618500856969116665422378997750119472088397772578688566224094682311458223567456769657652472326796789006787094281654820958332480020559290985612800
6764852116605084093598829693870656461772032349039304691308451488569844518955181805054535316399435435837087697202256863199034266860173562834633399195309840741495924297831847871885348262443126961808232725757065296626020247125596084142588934482527164116036198400
-995039948872737422567783696820059998190496590596278796480311599134696348446847465756706047757777883023396527000832348687713064255606462928244396470933318113327763593814448504205759879285785679872764732590735690784875540772404350412405437523760795180258585000
139902413984947793846251638070183142215229239198186363058326920341547400466970825542757665631826501380878645627960923761596135798844587714393357030156342907378298663528550408025783956897872265336940655289663582105233325637253522773036805250152790982658800000
-18769983771656670001731852204618637445056091789070089390817218166095601870879859633649211850584913081463760963826702186502248964106531115277342970953578100974746524226000814023249271181045727577563784651481964042383158606555774828298603583507444179445900000
2398506793562856684847369552891716226266084524270459984524661625445773239663949688873532296304855705327454128636899123280557169751807792742918716161368155033503812942951931037733832676846343161349630533842218202249858251933935313111848538851845912047584000
-291315925019829037920208618921712756209079023182798814399918858102565865090796439534388671230121227371113980259024966896995459174895667795194323616588341200848410811694065415224063300046520012329999864343464089029416014960382734777258904798529732074142000
33554737811133004391314663322354379093984888546190920253519516331596692791099904529379011947195973431003407089914291316902395002608638774988055384440182730570303970338479551000708120461383877323512918960227642640992295738832148910781259346424189023440000
-3656189831251150138297098040765573047404099189690991240445055129137260188724682178714599277820540627352162697876572814835226321052944980592898110574788176339801308836934450623614188869286428691542538569953957659572558674766634620791019996042678128900000
375828887767904012477866829432284911911061413746217456051831459647352386932321983097671582565052430002571763265871902382330043228322367943255516087668420947615922746345137001277463506182498640649556963204429132874646048085508146710837384157272211200000
-36333025731821522934685135076829457263377225716252766256739169428408009690393997887582772052141526971467759428689113155464607342651627684884632415604920108431172037723443067044794292198769486641190580185094850353290434694933113967130259152056045788000
3292027899121005385262253013614093134383240469744037138754123376974100708436647409524001292130102980172737343436292294716324180308855976420666965135802339149908912772603154792128137462750209853048843784390850231134302628722694037982167878296497024000
-278472339532953395009554612617992600917540830615004515148266670994153920461984039975684154354737275535047720246568328858478476990351855091595901441732310746594581194746085062045880801674140565161674196071339205244984468112932018337599057804376160000
21894174180280621180239553967339839761292284263912200721991080690446422269169187397248881293134790235511344715027418337953820865454281498295756505220095313273378876500310704663428614509817151644733925819419394291055097099089889958772748057990400000
-1591795826882647203155171653237717941828648218167086021879453570606436312937045512299982440954952861510391133618064853652254833330221996687319031629522235786457392806782793578846213044718849035395196137381256982895587416643014958737304386869200000
106386564402800455596874823797550313785267657981307817142538221750269911280851591229266606524773130260000170041172823846272674317675336149400552881435661380691436483780026226504384919873722137820670492829744508731111355659894202984402013591168000
-6490917845143839197895263630575552528942283799764316562945779855810534689736928955155394122898345677797048207967582559165595921036463632454318721818908152411173149257473755182450490833765796473531159021600390201703343708443931746181713824544000
358547682200255133175988844014597411929189402774142767622572014991798722179559959806340029804688518311146705872631129789307468705768766754969828941730034775958899616714094978486971109765589808841641285633621922359456801897874749917156938240000
-17752113430061958500302791226945560956589784274579300987338620632384292534661134883783597440929499315307764228467566496612908920665314723328750465606538598570448531501565504125968375553655774960739638617774065080193745988342171241393972050000
778083393560636072956331534304324349769227844615486580536547821579376310741384485913150678442926035456237372782914614697202873352359326597380915083906715992600207372164885162592660639274224373834608759269362155085496405420245723581930400000
-29719489152144382947324014557175398283004327242471726293832056676687792029705620721985864847173559089851462544060339811918727719207355140815959130560615178417140134032506826261482998413184216587152441214167236734419727567147296483637064000
969050408779535099771072408167647630387191466672089766906069197150375328785164491686870637630611033015259725646739017268773475954131471523615961653548295353391249130258357874917616821138837730350260141739616527517787122451573779749952000
-26224807643075492460419312699357153831368019732678461217071548324431694461068049928946486139486055603553500928915464357668203458840778997976223959363353900006143976130315283859163450942052168604475403448482945250564463908986181965860000
565478246298230256677313414874479522558949314650686655199237002877150582432161158254853110555370676211720797150460314334212208644655945158296774059254804534054236919628156973582001975333370510917394722490989195291372695318435020000000
-9108227922659446712044862047186096001639400654207991608023399064044012283877570773743773471369285177621657439303290687430153179075823189408065943803805331974207124738498653532273230936158338536252754652493627620116836930941935000000
97413509658167522523843360134882761859311349930160493357988922256513382932991050266386739917791323784127806497508616489919647156124715213295866165197676226056586777647658488266943568554539670460616127981158513355774028402749655040
-518846004785820397100314411085097326845160752160273677983290363704975224568118074146879351220128358486930159946695253910914825066219942250536068515121733520686749119855469398377436814746267908675050534530700830104811590278905120
