-373
51894744
-1804964064750
27900733409780000
-242584670427170321250
1349779919804044014686400
-5215137177369552614854873200
14802475074052191381102362544000
-32164159315204187412703125737208750
55214345980993973473599311450708670000
-76763953073916111380610386716805756814300
88188459412387857940461889559749873084646400
-85117173829380044693438164725429417435205416000
69987470268228704204734718167134152939622157440000
-49610046973346013067736778566910455461023087753120000
30626817621269575996270708844702799579368671027819468800
-16614211107494413388008211521056296429631505670493644885400
7981719965967212300315086808247253274359993935264144138024000
-3419452592210120072053196371662839477615860982050430639130930000
1314433787578431972738720094467891713655949575504637559365431840000
-455875212292420722865174749963590373859440571650457159933017484328400
143366035016805544700057495970409119659451460319860776863470133484211200
-41068148605175629638304693241358207428067453958774994645115323671319136000
10760010201658491999752420573255666445236576783905887065809043215207622400000
-2588249467830536531322390846677590890602193442952278421230972855202537684700000
573572646867841010774842274925172877939145920996259792726679462939155647170702080
-117474635616557975539658635340554675250456464792448457222465904855495439079475170240
22302454827615396179271269041334385534517386457167169382152649152264154689436712704000
-3935501419804147939312861882045160161700009986501010265527944192563755714936380126320000
647125588991529144151839529065708809085815673024080508441531922118022176346161872661760000
-99390581156344535629960695848026514412359127407161805112627240069391208237948454995736025600
14289904076180865555588355279844045206375479620804091871801748705418984869740751435848964812800
-1927253127383748474174345513596544788307114856475731550737480961876844634214400856492110630343500
244295704044125472337030904221181857279994614130312197671076099152873859786001739421644583482660000
-29157622122906681483353948917049415566170153023703775821169016114549710256275102070261737125305405000
3282410384683528982269749364454516411622145944963955510891830202661929178107234021140713956349482915200
-349092955672904977016347503202823580681416081814982160441939531113813028091091347867197551501171511304600
35128594283052877745633332389496695744829714704771323902470116732095604638297110359521646964792832284384000
-3349501733976548111085543885074690134090636612968448567528807494638908119545663185492200804949793014595160000
303036314667353604516935912516343168949338805415754286969430730915365462534148336376864410498048071763583680000
-26047675824929046172256049445287599801521010356264544582886774370037060435536804095983615944616283288483687454200
2129804251507940236932926522400886387578500792057019109951589151465112363321631558230074981770148069860503196433600
-165850658168020527577262727749205078588277075567410674625000024824832857022492017571584041876902715202034025837926000
12313671364686780976639603713039953049539576492100669233380207359628477345618011991469473915014172386660481918350720000
-872597890255926416595101834815645805126799131033454087879716316265242609750708635922350999391807516654499739578662360000
59079832664517795269557946647192248131409712622820093464029938679125838403585756454073092059562655685628904837132308249600
-3825475006079195029899783999986650044058997616063539445078985816750032371073012877619053195820821428854004318738189484972800
237113643201613120640053610356800418303557244722236224907295037586878421116938398915165578801171059320366804581997693201664000
-14081195412786768763704572585533514424645928823402765396241598749055833320019573103978962812270065187286973974362775335207325000
801871589504168812796251062255237967618904021726869349061774807897087037975691874785854072218268002052217150173541668484892600000
-43823565360946032289415594553948363311121295033808172917184492091268441964632322064046582413243895540956950804424329849368956418160
2300324387389173355020889001638393750919172690648120812009751763259014934466482763075798463558386224688877577634157979882600877300480
-116058341179573955236214786260546548620247091095292116042318929105995233888531771802002886609080192567744128523942308581909698478446000
5632279483659495043716909812402173552122493221114354310747211255154599602593325429707737095959349181500491135772095231714464256526080000
-263096599899763648281828338915204823750089564172719322266738644272418887403307488599718790484194386165886968133375997187078984833397440000
11837520539754522838264450988335549531134608278401253103402378988447371983847855348223512813243237267676654515975208833438082033641231462400
-513335437105496436334214758691554970467981117220861483830038177862220490497264474608086791457712871729321198211421101685505449617656884651200
21468765525975640433700554450910584606706455588787521829124526810685909587186302496074740912057256082049912100020898521707134654985293162944000
-866440829855553752521211585917917811869649804700278805330288758160752828509021509625323186660360693216262281884464116468361812257454912683440000
33763563828855545941395377537085238536194845362822010739857227654981269658601479384560712330969436171617220917283478446050084202556519389739520000
-1271095011711378690525381700617673692658875332549417859322808390792210137655722194308369105973321309695308426027364597309644961635634032325557612800
46255424172484376706976857112936834016542056175719315639662144203276428465381894890327235662895859151631906302476050898281216061585039787460119654400
-1627904541928862877940521361738725179481761724696198651485872314916818841035169003703933422646947530002217077037063617527048469014446437993377286016000
55436527560369137460932443248326050707673195946066568338329680545265113266392905653974210482479573735222892449566520167537382482235470032548469130240000
-1827578277846515072939963527624807520803035807662404033796306580339058603442586237591088760761880927780359579136307597115008634942310113502225935562426250
58354466270912726485181737214366161842937927241867207994143655127588251322797314507926210220549298149415770097941879309160502932131929834770245588429242800
-1805465216420964390860284267583051131785645837504171079659027280190645407604995975247185291564299944786779518689146212151856855296652107351122660397009719900
54151890563359021070489791442945423119540956908345198076473921364417130247256996682397199299669713648049007439587134329277346178913174367065082422778656424000
-1575194645377293496774703589540089562433792475985504080293279583287397513820783377760777528503908917437463612816104563788808271581902361211524418528512798942500
44456155032567984157660863667154537770448188912669651808621590222046004859708258958823809063224791728258162303481272427467882763267602703480385017609579451440000
-1217817394666646519489522463097650295997855091746680549514177027329594527819138753425298176887265422222931605680405656462568660291968784343973183781370661262722400
32393314583626522218867504072969199144963379000620690641391979615268928991512135919319853589061623871261347578352357402053740631071118896075119275317680862407443200
-836983511169725022879283918413167318571010763934826081782648285024536399260820417768768863616292285770852855204939527819847277937658375874765017618137878687338923500
21014898441454158014871118086635726632539170616340726166732659136101139091968056276498644014235298899632222185479622597540920583234882847071412902478297648407946700000
-512911654747200982681075519655428190580489001166140809781285626646699332187510340672548076777682688793379362994139517718980397865429473549969968709812256318967731975000
12173468009843612442996321097969472916490240642077237807829467786638390692330912092648508167489377721719345507052373719743068273178008255433811680468404527574660993704960
-281054099639313582082910042828518546023670889948567502317777530774167124999031184260899672724932650160048455921391134461374200732878624461022349208016473158875306006498880
6314118075890802687374534947673919772365148008289625789969297874703838935717819825190055052616129027039712317208517306502790274518372875393519466100150822189608831179904000
-138077225412046654099563609814805499032597159231244783567795074907950731624355249612493569111655635503369251354866401223481875751692458778226626786208837300824540917871520000
2940042674340018549909118567708680204365289424118195289017329260433865858692087872216799457155855486423927747804115738789626583062154696702608553175087321139556416198383360000
-60973269394136925329826155995844596069562578120903741018122046157519778368490957998666183617006178571493985318483199670907554178633864177912582914746275788676903682124253904600
1231992741509212607395883836009316630353569860742564721733029022254242033036748867545675755180502222354186045679116112478718585940121034344995472007633636450742229436343254324800
-24259666707246772052684711378169775199578289323560273941264382464540885839415635604905591666370374293695122453620370147641989049881279826360667083755314044357603344515025072706000
465684181356700992342433768710868206182643777057281263752765559168367940688681035330630779788186717462366525368958883484421052686355123274486081456786577039606541773648848252960000
-8716596780658102347171521419352394642171245970420395173982285387761317889820885824719727746451981906945455513754890393769549559445150254567913865680580157221082028298061838904930000
159135499204972502699143579418444050225737858613471530107814445922113339091893996377000826113218300547229531361429074394433033230318768052391157167990483745064305032612809522341299200
-2834423569060119348034921734387491896753261942770206202770784262392882165845385590147572988963302648186612744028547357653034987362031134646517618606123633746424566638883617740209081600
49266318502516752731863430225395486053224883233035847276591937846532907615090359127997714681993935314497393658923991329479889409082945709353396472958333367113174261726982263165795584000
-835854242827113062716409708182281241619699287651396538537581579799422271049670303981402342909836414165191124209417432957607860280522058629054234968960566817944783106534034690862351860000
13845570444749381483764005175000726821163679350355313347865042787820047637910003944551425149414697163209998361983239811072063139968026545714044699129829320925249223815442194636872549280000
-223971759235193420547668374577181510450648856987371154649062801412996669376260482327238109370698562296079367329913818420365600144058092624489575664479309394014133400902910533466021390075200
3538975576911796726460730766414086013699613771172991286501699002449920081456941382870963909544398681236250821927854523930442947427812257424128969514042830043226823721935036527347176288921600
-54633771710441861916705031379193826675337905648667167586335597844413847760346319209928461630507898592123666546219649263867122840932784571871905931185303212145348880154376364348513562120976000
824212571716782765971982020390474101583777307091928780976421413659280709419584660713546730668131646236593364660739950971139112993977307311578943912713419253176681914966242111249167485899520000
-12153590833713759271931581414976917396746842086116871509705848262778255033092569510904271636367460002614809785167699234029269856193332424348976385153821812443882912714655566251809391041229760000
175205626795511904300873846915696051078820071221290797883520186413352032446036084614591618501712134756808555378333334198797133005005797422437587104050175411213179221698343245609463602440792985600
-2469779578329572268168340285846226246072347212735628409878662974991081010325725462297682393056958394385988482515778911216181851137078793461494602153696879144633002628960163418713351235231199993300
34050356775524722566351057697945846385429363421837147128224057935576897508710076200367239879620431812068277814002214939203221355032613570817842469059151786868083016370359485458124765887362234364000
-459222455367538493378448641016913343718527519493279517053646512297542445836700605982149806893777220997307755503814753227852691171449320362367872324540465971895923854161892165135736183002977239275000
6059618580529845757743904279709761138295044081320972694777471292971795677499113964948420592384289402830304806019523967498391270668421355353975328230605997675069486808595978974867308343578108397200000
-78247248768523845285171261573464174602690074717689588310392009059015500403978308717982460267399090629807442929649511039909976639014258119550348015908992187378404776210719016904564065909789755922203880
988948268721521647380311774545984619466290163043062762639174683262498817379091793588083779762300750585218508188790526355603712196336660213448413782483535411657971864257972886135833338850835570192912640
-12235905987233551908788027025993067103114013959796064409912318445113913904952286729106697861390058066040201121357368368428016902390757072854300948111321904639145754347040326775070659990731815529900296000
148228733856089743738093810291321423705553122265339824485053366628903781229566207034102442185488760735930497513134978104474383287327749929610213766732688395157226161625188311540397890659709014224034880000
-1758475732921268795142939264044963557685894764906855482539816256680337544462770776920006163475094245220918077607515573735153618966982764119644541332356827482230876523355472246549840471913761348199758465000
20432451273482650134511663626414150711455225665635175939707992902111379664023472798780994971955870584107073869735435379389398567269511112451967739033128256488317841827476591081362427556829068820841891918400
-232570976390131414529467799588197310158432108940466318659404978304532812332765575529948183512669291261410288218411715644023527141669596360343495020306503391514812544040714103165600297928581354459232118469200
2593646804567383964287051153063239807933322706744583768576541849063040394676173349957532017721863490982344798648511472917191365660614382329343824280962036250206242084297176757112747492315596762805027241344000
-28343551949946981910823814748388705599984651818861314305693493380557308291100688961963033148055326635636538045244557175530675362133934520199743703872841731021308183065409776692847767413237957936466289207640000
303565381577885157325857148312681256643956483010391761869445808070798448398786336927183910615583217215005318843639374755654185546740080786665851934215248261004917404150093701255070508189521393106595603829120000
-3186909657558444103301347743224098128117780833084880588306928227555822818318134677150681403436935578479744681602369102135206242629491382004080702921605683582412698589403491965019037321058406036771713467670188800
32799743515597044059040443521042239707033483636216827988152337852438826389520819912354809464088217420327851926356076706725203572385402416132900395753832767122683993403545005202510679702035090715927882591374182400
-330991353070938442459632855796486919109919764516143747678592449541690755621611367076326016901435507186878279344529972091901298964477532274089859422552528764845739262196089324263378060433841833408460699763161741000
3275437964918457325491362491850895692593739638519846813115118014260164764691582139851558892291126218821672752601989762200066421579715011211057611138987981417958149672730663874533671526072539280248499805941978040000
-31789844323565695432148509170870192858873973670777457531444227492511339047771878273768596318971731560375042267155030369004384268476007503007412254985685677146146144403703972490501353539405016700183443061163397670000
302644125498239343492569066060434084060768905939173157885743214988064093116874900731989516139419046531376886321654967378383969522737485720880546884817978789822940201512585629674410768697561377891863607952568349356800
-2826560284166188541523605249629379655630871783300662029650342379399151216875521655744004047398127960369926236229291373018998855665204224360896326445877664124064979484593577128275284225217644994337408977573061992324400
25901360365680962133736652970524463730172880159049970414152892692806598629912005003764180561445041372547559870889203727920462886598233465105620219838621826848032071484214940095759489605617750609225259854391474637824000
-232905761604789203099288827576451844393586287009038462058604778052488522081164362718780108244450330727507701352677589252677503283290133654018182966453220757721046790446791983244007964383177999499285310260635204110080000
2055346883428239328642887239924725237637009470725620967907614003507053571600801361502754930237445726315597939597585832478539808650956953779771505469368412658066787324945604163691631049575382264065156885294192513751040000
-17802872321050059945992964065872989872585177380148331785149221322460505898069191181866466645387942222056820514449116895778874430085084019999800007339503662668611966406468073731464822859894989889901593968462454031087046400
151372445154216232672411181656471331415776488060918347603965320947371317412665628840119711751318499510922032115479930614146610207802195169847353549189272041410434155727641388066566004247155761315078862778905401094321715200
-1263589723742649545040562165070430030351595657022897077267849455865771925015899022792305400869562414118147532933875569682521202987663513764961330403051673258871230292823219850868751222634229210198331987769759578000806336000
10356608218923163697866991107722474966197227937790947027643157679116644768456043282850543308072294226363295266296554342034016073135717873412334256724066857300550767156459730418912363778613551593931731540977605107548416000000
-83354665512252749551387470769639662102744897826836828011961738570741554372446717246527268860813646422680598275884332042776768411730261055436823703978501937533497599370015674982548241070158874245826845303759206872687248000000
658856615003216869158051724155748917013593975117161958834516643868215355597738199476166644056699429618351655005748386855110528379029386329002846383114297810760773600806042619074856829768249702710822316953310533478679416127488
-5115019801523777322646595436972066091501417121133507364086084650207177325742506065761902707226025119598809305519243255546292388151959495666955645329931125476801311956421464533184261075801592378950427250657998436813282569662464
39007219020858367579238095278539533092855992677749482657485796514072962432037215331930933907173481909024337812565374197544420840888524891005985763257581278048642902265474619479302133568330080142036242286002468084074261024768000
-292232733075882588410252685849873961760413136061423355028875371894524278181177245844596098781494692195019064013875540519872432624198119369295027008731189817753947329014629038573421654348429912538710849572471493223858347746896250
2151012740159768432738118561647699166402829409884719903297691638279940495514454569377614743557942542971185332187463926879282166172272053681041359788802714884745237692226661960025315281403189900068602520427431540292287801143070000
-15557167823490434068943638678795066355636179641467421837880091790255553066641199263932335650316198762415681181535001675652531354382878156768047595599145978559025186856992465367570074646782869721626344228954114185703316310409248700
110569118646668682624609155782021831668564393596556057731050581870164285090151727278322889959662381600974057592766219006817082001711490182663319686500590683112125400068390945513186111795280756028630147014572309247821343962938945600
-772314886644445134230260405443696454500839619069608299251464133752774582007398758517463689310187680942754113827342325770470211490949088193356251288197565948585928708409292930652107193299164624223165291690112654786851277950498414500
5302160655441314777597536527620696333008195112206073371083600226295265150035530851623087253650810784876932533393207758582503391003496934264298895157369687873609315526554612103476278905209483405826287128885029159212799999678247920000
-35780725835475074378805206820081456714168078989270802438979343407266438183629727104239493862031058990637811643398037632586193105261012141657824126916014546040814301085943529316915300945697746309544925944998086339345768231288278860000
237368059062402106595065279855974125792580379814474463543613637054164139487164253816788574260356826129167296512120512588762748488256648119341430356140127444418030850946223125845395201401297136889394772370592517463498532907307438534400
-1548141277512692113153249886725006851034620942807066282474953713167981327787364047939049312216134569984852859004467657608143200604663939910278696375013624243213684885499336847972943302911044415786027226177643120630093994388366037668700
9927768350014791557308602289212095721163992576922505075320231707437702201102197070165910555614788046426388731939779810843205052201894176972728642745838340556939587235265607279131730829472710633704845060618100378232090850049748856828000
-62601137487477748590600898230415590982775574910719335327128230654676353120109080821826999006038743045322037958148942374769285795718570796144198648610270800555560298947010630650836688545328211323694933790397216126864137246808658447395000
388184725433452414633958512250382026006126809114614260487168317285620025599815162522718756633481172132598867744418430103843413519665158632805970275487776205836166259315948948657701049699222728754683640989592136521263834960180723112960000
-2367312859506894574937878929121220060535016906462282037845446010042493675506138089856022972532825052236602554215438292442974457887349833990850245972386653168744444735192656218576854529056040487006050047134946861543374741273236819029030400
14199352339946590426648165914181743864930320208330275562043848186989954520233185198890952539036986159102177022538231753797083554858945375169302858594394830092371487640574109388504237658109487248855563403286964606675939396778378562223923200
-83774347903280407166544289723300493894635763915096768113397460799705412591724899681911434675983686690021349409157941905895161927385163487255312168849542797160234776193260212428258611039327273882171300350725736184943618842379478558568192000
486201751144863745049903482046129522979870529680849158379285571309552465469505163785478461897684186824379370525642551977682909557536857678490901667517420860040914628520520417183516649134302942165195849460811304730261073119154800495421440000
-2775987843523044626142612989481453154617853569661688580632656088158364440795289586036562091987486686472740490675269996927749455596328182442591305995485629238176311999152680061323692449891856106855904330884154745415210225202357942469831720000
15593591832173396552958248014730917639618881236210419411511972158661378069711623365957770716389542336227183967215794897367653826575445596156946663652358371250681338993956153434605154487611309091277513678703553486445564253854900472649560307200
-86185392875016155380637552700295252386771404347985463601447737658490004434553175249276733036686111430753106808481630899023053118330501595986036652508692850073021232449566349436626809234797858790142508867944349169572680683027180961918870729600
468717079488726853641192336218182149127371717292574930928878621390427383088004496056967081608188801672548711746622299192613688854930841203215281938211929461825232784371004553000711861783212752326232016389505294757192902673393229980318649088000
-2508462365004839546114352246766636341830540063898013891441645196881521639083789584106919564532502386599001220530396230042646990322282133858971485811125521875568978869060035095211306062707136362830649567259850172475891983924786403599472865200000
13211543958167914888881535944774075680264915480900273334466406449302399090797232038667352409425541149508941701462914750976380671339300272413937115126493627398159072167985756660189522782767444738212791883273715641964825813988443070135541785600000
-68482184902096255358905095809024696556160747894307465721132556345586200158248461130565984184839619498936816075551923755183302280783611176505114302226125567547550863461333813934277504561394858327689764646859119182520696438207027858970582351677440
349387991986801157554085872780677378228370136443533128915745274969051861409970044576837849579142285736253758187658619647952422600719087800556420181104369765434476419662735840855516580440241264836783252569616578933567281051872599306097535362744320
-1754576773297636959193767892545796953295820857031723133762523611854407990828071953861998420075310928953810694846047928698653039830697375435403334985830786964791167182798170270743650936875822054738910010361399046518661001733185523480348274777632000
8673571028493423423380017109889342707308829491892477296723449628937250318194903092866438428429876573050321398077007403520360962416519299644789351299087473517264038036370808822694488718666757579323621957325007375929747153682952231071207755874560000
-42209599136090043749475371677502897195084918963897220536631113679563791152547999268721296101382077286450360242716379467975013482685855200282681455619901441265305887244546473210222593459583677369812665751423135279059702658458870207649742820406080000
202226584764225115327351225039221372684414339746947998861535388510822502261098227172815653130217799125060656207185271270834378851657551590981800885230931758393413895750105192607261660668966476585844623461053426146134776890707587778618772012487884800
-953903531592689581844700409924693418579962824727621697621311302322602214910348816233112560395179643941612750985840682322193082327347358636734626438951115604094968825396195980233620472270408807804029497902888968918197297978919959067676885915085542400
4430316698313566608364692398400701957849573782904707369211234447234837176475180838263894109864098569452546867331698702269652483461184048713269505242854627545003530817938111721252175409368185334796758364230708311158879738432664891641350557814069248000
-20260659584320154295944364190971644729125804795918759686188134139904069309897813667697383073731565982276478653618145423193994382885197761630764823988563473548923573779438572530714412979110674521193395235234690528098602200695609171376173146644897280000
91239886569189546548185355579832277565029651691221033691434147998884477781466171846050855115627994302053421215818939920880893655421620773155306897727541408037571734806436557314852042595063172852688804269649105938964821935239654797786264799621386240000
-404623948527871876174567782563389790612509817455180966170110444850209213986409102480871387907114475199914955359793298057722147492435983779513626437191798770042870370345309996695228029053708084015347939840976302661903799589289951935073314704539701501600
1767164382737676762392286930613642660995370989331666479618296487041490864433216375666621198340674183420083031764649499884981631623922412395786374819706383054628033983490291813814026261066786959423228639848664992544608824655851891465058439530555554476800
-7601217472387693999491438430205801394088647086217999182735535701100392327066896455080267260123723715720777055355603520595799096397899768453678742627745581890020028053128394734125756534084904965496538828277570022991852125105770491084938345770719546072000
32202681271103874311519301054008995630946520984030185103267413094804477411067404305161461959408571697900962224804348386400058199049553913852462616966353370376779493306489973701426292125281226350870955267828043275545292453683071492209742941019691825280000
-134376990150944420196488166091411050217430877810851418972896028177765872742278702683714543429889285669635584970868026191658154813129408998118807141953626480424490365566154417698995279747794760449037028650139231891146445863853813309978289689896753146440000
552335085614372246011673525740799344849637647402957472497445624874369594980788097157700358787082851187324168983655302220433945131622897503231845524818314698454441501131862037031712315331394853013371520810474953371785192945773999068496254525553949094553600
-2236379826798241929317043485537748777141407360781324360536997412690812847321507851799103720821280118867880661417236646633781265792225342688637200636542089775390383277899014481700509441082512626479202376665231600107061595751881347004983764195806022729228800
8920179710030350038266984019908177918505868077497024700280956369454839583206444599452554695548754004190291684035046239432816809735994374867653992570868158292316907592007112874049434193625397273819300526381023457130393055019515975504119686225445945297408000
-35051464382827238201318022347219262756940663943268407184830621674971265021808061872955129624072936608373168197913364625293953666516810379276401858208338049015355960760046373770424195693169808838326584639961997112848860606821833165507525290562396632766760000
135694489474473655454757574835871973828276857633811884934433394396492518851975553557960252521777824828073402937813273340901994643024778194595189267125784160342070581188221961942798307811435153658348580598414554699536879646198538196976158269209869083426880000
-517559442224282234156486945210495910142461236682264715032444935326331275451017761008318362464465323632308066866166758030944151124774334796264121720623116339458342494595035247162377670302653479328930992760644911763849505415945282592196711067707081633116316800
1944994083209942414657092350989739563412153496000160904397431997987069224607962782452107937980751871800111790013656602253835056215560415242018802627674601016052745803702309539351573387853287696607420024365847545019181780758092924779977161718415778752432742400
-7202013819809124588075012898498209183139006041080909487297751765126199912441836229168339780492883443629774406336060454769346985976661901287417175968382036516478435609335096622778126919023404567497966014371172570278740811693661757876642718376279626941429312000
26277520435803281266256520716228555675056950104782495773761719160405661079175666284379120720031503626728970736472912615216435259068177340391792429274192869377508275202625966494282183152038350054154094315524476082543302370174341406666757487610335636406297600000
-94477042277661995497285673455001551423469883397935295694982309940799227951232289670151949654432199242975579719159927232928875256154984411205832385512740005626565870016892731232728844056309635303370181943710721198741118143103038219708566283486849816017132800000
334731003928014274593877051838742476266193509492557430990640344745027899742710477008005457805861594992973789448089101860627418148370299707868657539842427479853221327683687474601665648832190062659816431726380019361574082710179659069102311053827172324477484974080
-1168716498832209705583406017158946120726292182081242375837123101924360874253401543770881142758178883111928404254234911981289939146458323356957609727097690445137055986989083530494380969723264845262368496271409421294302743006006607286306245073752910911970991490240
4021438238504650843049288794718452290666612315374187753048034421381024043043719442641035053443508685226655238871541495470109337673982803724345824270839510676554458661221973398043163475890323671974315295670399170593566206902470945943496862936913524093027957568000
-13637275329381776601168755035618107132012187862182161441934290443292643867719746102593296658163040988643415356033101122989076435626217723335511207195440955202701483741162572015930681090362196279992434886482326691214042453624415818296270055493519555490954074640000
45578744123867410276394608135022997301985617608232055943755166661194177663193164090837082254903521531532912944254946258189638817088742659609663373682013077330510798379376970507848842938881647739828028685859348981265546589486328177950468702683749638226500107520000
-150141166098649531833003707766755230834679721657685157371019913042672635426387136118856510863691294738857292148993399975009937077440259732020980315114431287975558240747917428559635776482219116716793384988058100537700324751521182719273937474343639356119633641219200
487476437092309557156769890654565501462812876080847801325986572770153624279904364784058159016791784096418682314463232762792863070515721350862538816217204213527797654280225910107485677264451115867399614615236532401151007086774065611053697422880383108932364431769600
-1560045275750823409201889634670849413795600740518967249715046692624687083135830883617138182181349265582081343398885249034532588147265397953090913754773117155386251368855674061132230987151857883634938296923322926493902080250980703571420939358544711129766190423552000
4921113886061601867720374481370854073676946526573612238642465663617066602838817956502567337502993114637375649217899540386635092474457781354012485564042882626982101424524871086566003209493334134408160341813127712228367994198501045874314193730379028449595400171520000
-15301879197996308288649780918518251444299184537215970025951331752302677589811285525014613992230405073169318487716089860441937502660195948029328815949417721608881343432892449016306204391333641432288228487231019424900076318917143212497834301647512744032793494868160000
46902215789236076689920134915302809335654102401522399404014565555692040610126021817856335025301341527998661406438822227021212908080794615984476555393943511107613979590479166445773150196302828949971200035777439349882179873182877766658080630534132268809822316600422400
-141716652881726639051549932451767503997107477348200398222333639184679040383232264963752349092375567520704245369385749909157372208359628384573513925453667968742404096673937990116661021779110984467202550969474016289780145354475250363685661421887630028196819176239795200
422122639027728751854769680693645892543072859978511066339851635948301891570175661832607300221963427977824764725191447011290911642390085290891281148310047631450965446811672654366765192842580575426915774228042367146429693160288886667662743964763520367667954056368128000
-1239531408202037927547738549988400830624230895565577496041237608558581705992832759826198185081950949883390199383318083071152876437456286835535072826430463259114374402935418923535953076594817367040585491971971963396678522652800534823545096264796909273382147231217920000
3588294388716898687378756137207820416371055358154733565987298749358243527709382436888874945352996383795011722455422757879728357174896551302847367398323712793552790466637154616192319244828444732536403363675084034347407202219445080065875852147199652701265392371036160000
-10240952425903417032186866095855527137902865997100389046263307558106107269151522523274900186835841119834245505619383693118851327184831489866511396556285146964181452880530731383703004417601934414085681500168427506226565557824576375460031112766588172248162662343365222400
28815363740416489447107190894092216486704130612383452614260464192990205832182930401280720220891023252343566038782338678524817056354501871434929465576863511569839033340114539488345878606891350668486802297889003773447671428403199358247341730305220325784090374831330099200
-79937152043014656394000023784297431613845429608164978884476626809248681625113589884086720198280720836070821966039384357620996535050269473803522726704045871600737541897971283115660028096075954213129417236155028507259823096399012108592784343795121435989312125166177642000
218636662733021911821007877342860810567225223992049398608029174993322120968793055850915596493888153743158080536392721371162370184190755563668901054970823200587482637616186053956440271213407560343462241349283854716089848776104898215346260810916990305742197624417573040000
-589597481421048806898967809946832082232420811420583207910636227484250239756767818510919774549744669674097753955789841378557297191626962334558608108517211156797358256445413199442049964030778337813237678320301473767140690345233670809069456065532949758228633847779061020000
1567670315886751310262018184269941113531273470555335822553503356832810946492261762596397972020444052142800244995297202438860143991117748846106864278856650014381067959491309825546062315933407312722408474132695863346561271707153321590536707062449529319025583078128972659200
-4109870380151561451229139873812436988938857378176789272616383370905427135934901054153764810393975994987969623964269240660790339488167478122083523066339280323260112906191386049047807528753676871257078421889998919336272005347837684229168142919108690293289867465316618685600
10623880969280441258143917960804547366083799432572225510290798004824459539719891616705034548138928388188129368860199701695237879292250802783050813832233672654009495909431313572637173111509414407083668924321798850468056573900257066192639544890231230132774343686272853888000
-27078647736336804732170977508249015293233436850825926796138352990309257206063416227916808928241567676504918558906118130596282141829358266199784526379602840015097920588458422833021363207008933645236088594604013624452110834276685729499528275766665535940655960944057109600000
68055949392745877664289110109366126969140615208934189595365217959634851423072136823113157723543010219620250355566983795913910482361363842285097708176791279538967850315095323545490018869906950527589137285516736143392078157467992658913387294020471388629115590031567788800000
-168657955183837652674582879900783870008098501126160932009973967278016079667942946278459605299427376501518394937424988417628750805149990908046986267846428568735458600847127108193522002013875152471234589749399713428957832891791116107135629226723882707085389983105982083398880
412149763604611860430588811337456744094441940030781824595448376065542227010635162500427214969972674618002230028516478713290545023411507199565923126950872496574697575417320490525730556541319919140121496417879134363361028829503064553483488089304608596448760729984094431568640
-993153257191046494873974239651883010564797660854980465232513027562112525017662541732538621505797550039581150562540014936876111151527704278926560912102846246096145944096364014090345480147173832208912021745122191115514977935028154647124398744752368401279884295061417630232000
2359910867629577829553242193373107437562304034335210443242196502193260172528562112316488675237149557132562941665265312495302210778169642626428422056179735116545769391295978166413323046325105235504299186325374674319474547778348343882317482226847337082999496958732655836160000
-5529651779007185286746090590215105381560288189641709341404178861937028527580201779563575552393314224448952569458982516756882076115235879503818596692720456324964619633156591670065897015962610217938550715016970891409912571547243417363428120059269616997657870697253399378880000
12776949585930130162622067356864904056419517534014718474425018065664086094994596397447743972387873514595861756210470869890785892185457818996759096091610403116701116593885489054850181174016259431355265404664079510754744803034468168938925024871750550599418676411328830298316800
-29113054630793243373890459961762139879521453693007945457808895084910393929289106170666761898437662686087700555972736823035860125202386485348610313846405992755282803912069224082868992559599259430578628470477515320327282006782256354491739971484686963641945284151206960788838400
65415876679800543117416357093945222236232480607780928112157586379499468540968403979364648780171723107109239644543749009822693945120907624667184788842959438551159382031179838378926616808752052509419364492463655512173229517911634852866221486021742884535146490188293920155648000
-144949450303002012434151235965492296821293147962854074368342895207810571183430474470270711337628564988513019104201795923323145225800106542130169882175256716362492930806653457983445823788161416277170103944850876841588541229072644119129537785629492918499487293867899330984680000
316731190506649025498840850036269974290853881247189755049325625828051175529774316687768110980837693070753660572282068114039229081572504503863017213751148166556791860525937118142989789357671089508558230840139339593323025645761904166174678294058374123416109137270283540757440000
-682509031806266445445109912428496584736633865783201705954248637115960887968683073481222580916054991719289106814589402512676505677840216111056659020534191816773817998048056199546716024781635509408362360963891185991244757462383401156630691691747692393970735492191786271987273600
1450345106379624354140090262910428896223432914220640753732385954050152235775053754765425438227041860168875447935012110979521997465670294149611383316068794937250676605631735606269304590475078553359231514253314555474038858381464226244390657882187410031418506849470598495545292800
-3039354615618656990803764716363001637388840090465268987857884725040352178855318571835653143899384514062066884651101719308612480671594799183008814026876545282239119261779659533563422322309880596923709953941536832665591622389155574689122777514992462037405483882551359899050672000
6281158693389875894504198457232802872480716940686892378089780947778955240130368077218163035817547048391178802814417271757709144741315179338290603785843745413448385946008527361566410477193114346085808487768266733468356598452847245538851454072289299755937714492891963766778880000
-12801104557825078322599361398569944765858213691700797587655112350402944131083230931762660726307081812112278172833391720345931251771796000375156715065598617579556690660730497952595811622584176374863017809172758298427856721185247444490296592779478059527490058231397625431146240000
25727935485996345624289260602979819329957630823445557578875296004366362824319231724921108320537222902595545513659565697934416376735682760818897987159640323799051050062617764884542158636767124325154652386011594093177752316387111489084402696713566893290252814925468144792973721600
-50993213695913495990117043804427144052194187138556263845836232154744741714962112382086540846301410611105064306512367515112510408219281377340662585018291745170388540647300509520067451895099586070816747472814860694839383786721222580806369396716256672737258842476912203220178732800
99671162873959484612762486180625503590306716732840334778202272452647243038610138751029863014580514189006139836721916075749229288634344708327519894775501119698497765532874745614198820795195606234109312947777183171293017132022793568294468756477399480956004669064431166182871808000
-192121388668232021461832075300399782349761105679484868011051661645163511037620607699017140843587408515358712224200638038023065166765195417185894705010305952150090224131785857082499010582945322554405849940685314039354785674163538524190194647696157298480237515984496611778932160000
365199281960454889027174300806631374601509986918272689202300992240909634375384073782948535193765285534668232023017113251401905821889646500156453127882645754792840548646747420164243235062362318688936271708104474684428954782889044852554610321743985083460442731746097602273966080000
-684590199441944455093935891278612768310338834774957909475941461260857235893475653517626810942048152712291612049923960086496766804012928456873860244621168733194207234259726171158711249462253529180340888343070472802552781787122730380731967766146901294158729516706439862742038604800
1265540835101948792234419519497213194349089345307454796805221077666720135016689457726080332227752167484027457848191775522401672390014931809631807165421594205332376134125881053655283906788312005131643867380257301209985167420727198063420648751456182798202399021403964749437013606400
-2307087824237776747794444885342649124387101944427162491254059892114407729294993594866481767896323218237205724989262033759641633306567883054061555774233080338001934375670395732198258716934418718063723384156708408960537240624040968874442581508696143647116600521021816673021030912000
4147552765727387264027496485946486591731322042103970052044339406684792595848949855839921777030129214550990203182047212252648595741059919665247704281534665531528342278850034757556442504251785344464937371425319868910937869488412447814658786359617833498606931299228828461623603200000
-7352863145124128653081909576578400466244345695377759248236211002129152498775343521335470380902445073779381209017311975277221192142747589165791992963874224789262608233628570268433478756391682512479862364484942568144823347907420927743489776447845287452199903536756656133346707100000
12854475057700066811108371855120884046705966842937544780363409748788908893859022281723940159829925902415216879464062796245633271889416940869713670030118012656768353167586429294566648965050656179447263974446920633107939665840955689659453218266471097692237042224535527791125273386240
-22160605612335812963398180494928326473580556394807338682460241965112964892140506088429753757019039577989018166799458089862494057672465147905100199451052967508544596316577019709344450256864386963913970059166236637697811328144210027049569939463105559658049735276784141839454023366720
37673330583566869444267899849710287393228215959656171642832525299227536427089761752536366494883810418052708017070630687029720729144907662801272632341249392647800396618062584690923049981589402046204346623900373177479249982445473391091275334218945584545501694390465385028550378368000
-63154862913683726487394700915724126555918607260007638462116043728862412702730403353431472341425239667613174056394662034880059497948079760595893035268124390625818820469395659104541574150615736405749418793086296178659380573257363393864442693915628134911083124762563596074042450040000
104398633822036476835668119085873516578239778535030647070115283819294537334800884916425458597919017110773075124439664813403302716540934350728185493055494120527277929651436297867212676721812645783673187321657955476356751075199449245577330871839933863945614574844436853158150910720000
-170173720148211405691168738008616020057184080591628689342324589951870485063186115415093589214365953240923468712765743992343164271164616788826856462772820463496155928089105870109487370530154681158418814169361887386971007343352992608636817840224681609719591666810225811171534874867200
273522978011502705034016609912163917622693806791154765231395502913963901780314213506526245005486011835751280233812940738278677558689808150973591669929335385640042383769914961630226434954935377777689039817054222323527095778278133281939292601720179387613236972301483243802781116313600
-433503226056614860525542265691088417672486162089763994650419763972868806505828329057190497365357168542820358210935881942606691980232500080239340023099768784780466251997112734130991119831873558288602919545069308028174771577103451241376177084381315076180647665022629832650792269752000
677456090527421849122050614696014687235604376424240220047184747839492153916161200928586671268155651774261437687483656431519308655582628282110659757221248939946854000247472680721201101632672414028718003540379820831298193383585197799155535446202928237086079093380241209123270205120000
-1043885651363689160566417863133662926549230185770370737198500962989653581385935221819483585632772605872411430382169233400843352859914403828740643869092490992953026381818978970167468415297930264972697496396969585488332282678669623309009971367566653227914087065267205265858676254960000
1585987898452131739758528282270110533077168121446395406680000449048146565733010572232538719220138573528633927655690853042360537408026403600663738944179925111321516080400898352429719690668312194699306667952762989602771061038860951998536399051594612447893228811664637222754302806630400
-2375821034393075040277098717585502228279003301433444196450956576153296689507366257416643977317829316382047444809272747448349373699437426953716204598710207049211578051136314138147601316998155905995892940737267927885808638603405734847994243429899692982711070084810680792266226408819200
3509019441564733310925743908755599438445158608608280911847662546203021121286316379413640697863360930175980630265400258653617903863435862131786151320283408584852721521164140734225729588530452989396629428395801016528809212528949060210963386119469432068324349271589205407367162364928000
-5109834556836858752060412158634729533227683564562072788181527524955091398723638983050881875631299454939018471284540998782636692327086842171110456388206640723140610385446369402983710633252143472042599011390926609144460629465616185853776479487049574609062459389644721559682938840320000
7336134037168066254774431125248453275694330872404307788960114656019977511362339344935080283201827798894260023338223039305447556316586505011614402890076332564613980436086305596888852464273065630070717594687542398815128014236729962176721372696100584978204061021795562501820319119360000
-10383813748546445723706677000180228248508387182226576557745298399143276849372572299534933340436837128750870233380937259922462392689843423039790115507379050653826618246070840434179709245828450829063116923216677851267336317234485366081699944349659454734166647413992541930744944400734400
14489890612974851208053903299023900054839065517899133569534631715255665399837265882693260745781318772249109531086899382624192627584346511777154478773472517645896932828421505750751486285633929904683244096914056343546341726885221844496300289073039367216382955520897841607462272581235200
-19933372673217657393225577475682339114782277738022397650938419577548881274125560512246133323951095329660704688409535700449390052614795381485664411283122966056650611183009675070167568687283955378232456127789784668359589871363088209511721070780162157977390424348424537413858308696592000
27032879196451591120078311982466116552554061902163179797916114409560101143659924568081937993564729529699558526780057560534253847032004168561228912522692799570129569400589591349879234203419179777622907868268826842829446000757948548115948167590905614165005761009023640639160245904640000
-36139948163853323905206817482202795195636849116146095969758420018142252256236972187371433934456421618136538595505326548904912430240834247989349180905984412728186690696404315780551899488590815238516865526053492591059595799824096324747928354324491913266516116903910552092728457610320000
47627063049620213814202083966883297145450350895187351530058643183925443106661715083878882298229750531962894611559406102866708752715884254109945482821940707779266638581397201091291586124872767157478352862522873434788475904194674146986424398841892683165922380867420913165234350867251200
-61869692437038037355011375948321049614900000577093054164725033323714899513252650669062240962898000174651315918079839909522449850903129897355164654654657030548144098400412753146105252495780006024040679383659043051904065970263333973115271684614940007629761651912396064621894507646361600
79222088104728998642388642480336350307593765593314255132002157112042615843159157997461723090389807629099981962012114503301050375396294113678071478333062453513760542986120806369121643117742203127375598247003629681108453401907450539752577881986577609795882250936687711128889162866688000
-99987229922112196273663800281869621368154364824743415950534395255955841161960679623324763509552367605503481071169198561373959992685635577755272803486016729871319949097581093821589938004271893173818464066136458669290512736132053982640053623979059686531044480504688858877146547664000000
124382107860077570913294004744117678051692873505311368936514198759719393512035342945884620570067499051261632684265381955801532012642662228691612728621627043781796503830554904022057527110747932722218520612457424626135685977845406680102934725411798446843863787557711041877978724992000000
-152500424691358146904236900632591896822770771261416078243778344588136598486940100713603081434619238156786042415401151262257849545548713022758553468504746539807284548672505467844899939919512053385134128256191999866818423692741050695833724561177291250931175010828157430849082107478591488
184275683416195187497432529187758224811096542508675786170733128312338898900236123031780057196785659948251739448574766167095213888724503182434614664058179149258725387237353315917152785292179705085688971855802043870115600686988947911500290207985664169630458107400294739697448019525566464
-219448358502610245882044202252207982982791257672250666558983573139024773704496674292617265455828223947885767759487066820776258981084507325075865047389137663181706780829945271419669302527731956996492008323806840004999563837766742028962103914382020862123699205910608618191287265000960000
257541294047963281267621123173082905242501511917690794605615554284609054987295383037719835976844134152465729414499030754686256224266403009884531587118561784408595875204197672031207455293524732609109338769303845102650677803012664800506698215069402852141609529097547522981604139212800000
-297847488573387753506432743246841633220577303439684159865906028765539330085049761525720598328170862755253355273172797161935111222970877422290820188940375262261742266051999517999635468129080551710637285225278501373985910827022505405794008833792754588115225863267333891317292293990400000
339433914544287982865677693280491386208037839201758631029651677902983875688158823961583994133191443500427445431191033616117485306682566712824897182333526619525477107012954591031833705962897119630373939013210889132146896361794321270141625999529077831567715453618800625639010044657664000
-381163941544460838669339271264514199603395518499374739583818907652500799003885991391065229495910002159529983392603175917220063723368684876967203648978747932597937572271795154080287749068107417678193806362903273985322365477806541217552683749135489270913129934359258948404719027961600750
421739327591170162908678616542426042892642500142837983448432009133291319947372227450211917993627503184279113784182048116253724612087745322544826457135867294194571875147584215660909759449761390542209622689230287556925289847205893082086785998074483427732918524171064572505516609841690000
-459760746148868200100178231617708458062986043850505352276537899506599432605929116112682949179850666555002912862045104283936535161290596107963243372724959590818296798871528883622287072508742493009666505475091578279074028870898618344775368456677406555096437003582616740338062808622712500
493803643930973838804097154657692326985614682061108355880502714384870170695010225811877895715774672768069197923176841034705199464836017179030362673753937606763116944665343584729186192813313443991002703991732353898283055292713341400759913337110266505889716808546687898330030101454200000
-522504154537553664435181440466125361789260837176760644789592879544902047923718734350559378737479978822887894352765033467032961723672418236669568220280257441925428874777623687457011230558335759396929473577287330502814921035983618299629524276481660545854815881635148501178235549214755500
544648126207815660430900364419468734897195189827621729939657538655104954697779244120968869590742624686302661472983947628882085496022240926431389735700599234248482164680634500358882774173695418494402138250701234044477942380809512018615305997040703337297731479619333608896876879062864000
-559255334417543948858924482636592473912196302007457572909456931590598926808941349890252473240246691641134594340703827699751672341167875585623164523058923387710568518406772955506611682559771015275594876676776943092259014170376995143524559221511187791058659217717043433120103240206660000
565650843526021406441763749732626024301309160005807974681513494977205119628063682261158366145060049259260307653365521922749020471426572250143801269834785528260223128102731512198276009655793494610022084637732437056115320900397209447020748646603575270171085296469290557635391905114400000
-563516342667330181265366483516778907617550489363568427256392425630628487590899702284765393086403156568787605333105605539230841632124672736516221211668369254816518486764763502732766560181799668722131304560544024077669523015342048948791776296769198257199680977240476516418419509696512500
552916056605905572230812562196370720547948720813204968482370433544362054951418342274538620793528274833972818196828887776079201307510408689738892223122781276381308505689416367280862186725051254875467930358700255394058252956199765621467405538662653424194899509516237720004197620450388000
-534294328937695484342491764868738414777897250949195309373694296635319503408803865627466633494204148555927744623378675220671932147074582697488796398490218839533314580523241354515438836182824487670308790808064511307280582980584636989606406790872598826565632090058139544771425799975329000
508444883153547695405948201387243670952496871949296662709694638495982200777865508622190470005846756695060082133989946933894203549741751044307536193151488253081682463531494248626399173037113905982041386026162471728961196669933114132263022860368319157152049839239492582548408958890240000
-476454706792291262520847400511924082109849102898020325847571809478337074283724633239815793937173033517501375974997123223236653067433845985145894457006862843529497635998931003617172481917784465389302955648402555687760822870765318649364596146372935521164495355730870576247781590806800000
439628085061119981979131565862552301851970051578820374458488337298401207498178940481143446464216485425803013655126489730228505023512983910341497230627468088290342838827222194960149421272323947777296882889022288776556634394705142211699331898412517224431821366640023861402024312198400000
-399398195411699798168668099801247961582361104883589774760099095897610611404621303828884078407113766985809434723804832487562464460936096178299136078014082085313869902231661162551656186851093864709774969229863609922943337988023688114384568618655179742892936862705104805442999563409984000
357234632701130653750677007934864395915389717699830409777118903763868218596516444573354629463194797534944379136140464269862926233438682558245580134973502866520029494938703972517983028579058751719825413308251260312608787812765349394176189640966509809931117994544912575536005164979712000
-314555176082871383523300357941132421495297133968904790832212518729687433775817254835250693884891666920063143096127142961454102636750689003796879296778341860935436330122484189685391495414992192646896985158494111606089147411096976187873160063807894701124063064373760944708221459675110000
272649094647096987422415477505362401596642848480339860829488235585313209917183843367778915924861485905299669175888760553743308381087825002955606576928187473552968467655710913250899523726448706476533231912929458462522761914917208895015445532906519578856746688652000657839916090314000000
-232617513711845374492087732173410649334937455028387355555852868479221948889463699707447691695550545536418558656870408382824339758828633050699497416910613141929355443267505609335338419644762893547090722783830659636900880027388139769732329009527163122496019975068285445903086809804500000
195334116902572279824734404547970510748639578765258983500414949552456339071424830231031513566072619421417839986061466630649611531168972076054491027616417546645709594304260181358430823155319309643827428226967037482072773358800084997515131522922485513137021520618001969674441319270412800
-161427072324191776042408435327509813631053184756476433368798864723479624994268632345281018608550850798631029203981930119713361094329976621296187429919349057629533660079763852093274727080666043110794319591108169378924166420612026764972827068401323651918122713025954079984707839372378400
131280862685940997863210603089270189505633055673918980336157765105046704631135068335903446691258495351621632268483525648322195418762013595496905936829196017100221564062834969445976657715251874651221383603137663324751632168361251549405106401337728836289940665104713140938182032567040000
-105054926670617734755580194452356436907715391648381545195508475013218951502413802355389843442638601069057500228305517878480489825492168247159905642347725631146980004004270336491206800843638426942249190892501019464821498517834242560852942464038246466025974075273031729741238390923200000
82714846235130840144653832268290763289269933882478490023796243838210751399390258588110799256335794533991033953731177396697270852439768342286665086627964806229828888187635312789829041380569518768214288246805699836332780940134698398910023480376357567474722821203910132865469591897600000
-64071299706801795805416869640574359232067268045268319141009210357789550022111875175986999082117556967534968124695671838316690836706820046667434745482521361193001001922792154469560304260211815118302111108931930425518538950426531875859780815558365034632301558786891051770243658754456000
48822101553410550145265665487190866963121330577724499766672688653987179059667776568037205212356089305133470474369488521774529885170855847416904722156410699715815203501609127925488587869054653462316857957754035407892496948737523206478277784102477266039643877219002555728929730625728000
-36593246857439714317797897381469891169167130791776932857911141381481135353497030108368009867241143592280072778341046267043544763915407459198287384489372513411814863496723153639137207383117079367504103397363428405103267952184247154596571441595344266413824421578877412280856805416560000
26975805597063775716050741817253085625087432755391003957235997292545121443275164599358804611893232749668687295799115628940939240864109383199526616392420347261590849440579043200123122075431487043881709904984914445645431206494748991838849004379991328260712380601792036622529758041600000
-19556589474770756762604580270286645454222096998437539357164506914389393053866156263865148061783785441521736166525263937847941135576362179674493154139977124645742433784702668035121991136638382041223160375845354373886943301643615574784182427012388823365758716412028686736624461192800000
13941579032897825787403577912843064553786104088612216422742426695854766579145163586369314045792900119493685576934181385745117679463387819659856590918082307485220928111658027576555294241623993520652334606376723910933204862276046983592530615619887502963014991875926242866081905828352000
-9772024924117695802596818089845853343222391140305200794233111029310006996456179567427647833481396921009969621770837466244374198208646069056659958031033460499904292036599463238381396214424035656016923810301197026572612772860196118518149515689459267047025997961055299553047507296896000
6733845678506724784268297475745130276697579442796722032326134614037271268545845551690481747118504403799073386003383974359658117620983026134298330899263791207548563367254495421949131944429436606435923654198739127927515217952685254004421159787465041430504141658506219604838914083840000
-4561404314319303771268739073046153363670108760049356522307145463079717474720875920159742922476046126633040825045815593646284135543679245314375382445687887116561969916922186358051359692054493341683574104349394264836605933167819504680729201179816784249287172056847655629073524158475000
3036967602287662313821817774858424782353748254077712401581108283077752054384866897765148698327941152641971889694181266166384121470204086079450512649989966915838867148863267190269752634137118398299112663817017472001460503724765113160594214858625396469562877165469575726123017341800000
-1987173486162755879516061954015270598669969235120599711612447178471886061840009994258244562666923587262010358121059463684541638767941268167254248045378096188010666115752636506698623278286938030202162553830994702339695244464567174935961225320514826900399233858961061624647128671842000
1277708364031952056870969181660861982692486920488024622971794428188581290904274443704879488292399186113082509405598017013213390815376131235704104788261198866862752549810459873132422152031355343801411730269954293796621753056845733292157825205788680991874652934574602134348754288736000
-807184286786698929716583258704287046088980202337298816808684871392122481170936654510266157309885557327608244618274267996067968852859768589453950136278962715372984683987854441103841236854580545058442517955890974330960671894433705007765073826114272162076939626581686807640922895510000
500958413027470546835718016794189959296216207300391163083632074313880019531823375371955187148023884895746802796324395145319122884138061834687724530989797591993763747543627585900973349714173157995012374712458748644172728844080045228409453033295302458915763064267169950856834347200000
-305393605183679317927882936032859590045762420881108699573856088803522604808070354001509031843107299815025987779938004458701241868363724515886902086068830169315185722954745342032023563289473439472340078910680605792810791811063790818878468562675614008834840843461404810732786943600000
182846634926635187375057885654192658198729160328518100345833928767810879642857773339783126632039790285114783881481066180019184214986768195067752327406266327400154402859339859824608511825736559497464032996979055262609750031872079940555515380518818641957259951826636440774732903296000
-107502952713839463194523338930154611050391883172057077509986111813096259165478137304285155704394924636563160405482265363989776256238739385871588815304042610063962675247593752272930266956710730795663631434593933456706720843131693457562959548446241607733111896211257338541234660878000
62057730528502822454229482460105803202461820121769279629159074624163764657871042087929804537720522423945358499100510745324846749965157858365714410947656698346619726145942861451071990312051042547984810083432791343462755788323933281854526184480978388438481988856887887613731806640000
-35167957398843571686062550164461336720912246043286777592647070294818267830360796732974499046898622708268210513797049719139598584433095009484421622122210974103572335911609550273920070182131083242053686404314616733027376976796112139197885570852723271453612518458885668935645389500000
19561662459365030959435783655421453366936881816093386831547225552518683489761654790632720983033463943767536967484700265471012163249728175653978349513912677936739467346142881131324003646681966728122120753836727339738765811368072666502974839961121495764535556849738443024482656000000
-10678276832957162288956895724524450916269356297142800018300929379663226679650003757877721657505011667703948040839509326025837295203287728241158914814100177270600814347207262301120188612864870482065685227947161971933620283852244911473607232360554866282398526360786666303886760073600
5719533097313994012853061618742867673256579092810739387954961876097361666097011979584001022013037452239348246993517826220260618112660421806458646351570660396548783331765367103550297601628088373789291208064148035606612787218482589198697716051622019083147379027121724289963871180800
-3005445196359514528595050415313494290171720023496279605803929081092562364015824954185816948598469583555225261360952829060194620006241510406062569913589578302537174259625183308162449153085677550478616959195586757230460482297331017141217359345796075441426232839292231005180896960000
1549060186819726034409674276515750632409957536971799616014137220940213389376083356011642192025613836266959223688312560545571887491371742121304891767812075562047937413167158711479779693973513072668781432203108250303841562617060459553229045564629505711730759925010711054092300800000
-782994811579270496941861955493423858333690556013717056168503202927850026596314294163043647378078461884721976888765415520746403007968838617907239105239411852167863793945609904013968888986590159318481507991081584319201771495528320281228233265457692394304871325063033949422325650000
388059046418174544380624601946453249821192898623557228246091606211078716755672928977081046156613054627607869094110623135377502437832790493308200502101132427114723916754296146354851079364017766247990018214682347363101085439718760314385879779313748456297036146957335309907733424000
-188538277998868112131100805420457918899947974465819652533207798724428681931797904203023922773322201868659113895279321823846904165110931029861057343778961270309818180453065002628489471501423173137680057869201418563261541286568473268639805510704433749010221126847900970285280412000
89779179795957526047425480877995006846010727901898014893424503249396378158909802126618994939646048444709450833644239869433617958070415438043525698827571452339066090236857232628108600419992488094505840880749500420367091140926620763048461748351865660702805591284085725539829440000
-41892344763746625595476565515521683441966023682087152441995231450650728191981598827108173922704422482765473110466165013287222749557123243432668505002977423867734445989358296111098279617040895234264853333049171826062039228296475671238195303706309384708737661264442303097281900000
19150585606015989715140825207334343365433258990539898302156532319079219783240779061861706259655875331508335379034856887757362182765883425281984006308793986206458594888443888403527588826306814917996170110083998406635413205105566239337719008139556477453807369412452505164275200000
-8574719542572965884004105804853168165153253913672646035832397806011027555182804185773645771558092191877962154261091124071920263915017668121316231087004125207884566903796587659889579808607241822127546344087454395828461964646070860691599492208501307683245341294988749684844928000
3759645851070960155590266012264277205031163780058411028500329051160716458268549331688968992051732029995147062560399007347339197817517077673812085565054858219166145028031199940867002000841760436645454300100916719412469008764493471533682977487599626308982211036257719591762944000
-1613831380331608215209353070784669039819888011071465162987818965758038884869651276140528120201364469030933801868489814698477239283417068238414673686470837963180651812092000426622366849576480932006392874031443182123705801397357409886946737490953221413963076184973175677410160000
678023656610243996958394720712643567648813303552159418883306235958322331566463335605590925981567246223940586153855206983732845786988195538314650235637188197945427927055565919421210990502791241733437420971268476520243452372844787544495990722857583453936655633654481630742400000
-278736793311929692165144764642029917314184648797919567990557950242389945488493025904716388117275195659002229082054171616207994627408744064206536958913973682779443691096426360216438243722358284323719207515806170217808307183136412973559332954375293421015198008021797070255200000
112095873019090374766015990811545092673270085418313756020108082101006080975286729208382995731234561930731417982265453909530499547615203055057673477535935558958235535898330032532897472184398941573733345998596416390742481127093730645471520506035693712997636294402638350128128000
-44086897342961227048807743221657290744245073552249600826967880831926091753549468396499212779930849930956727471734409263228962793757930115178657371447572476435735300846570214785936572915978004650949664490895660360054773486864605868847170173385072496300234038916788334447424000
16952280481764390263271912329556844175557818687208794753197254578567048984039561134459787457498114632767446680809019633304810699189029840584574638345830891833701320788459165673144216555776155596261232930253145282692796699464104237998732751839496872862114691794571557514240000
-6371102999381508365527956054792214141965061698581644758862996521680715721672634794066138822853287514520062607335022261419142148477899203862750278176627734703332727112904855340056227504868011485264706276593793624349706682519810149570248785982161293591280693620235473708800000
2339554219012079329045986791162384981053158140668811247424774265407818172850728835061206901783410617452518150479015652997813541576066837491212275772685264397894452164925940530726124049507255757916800583167980662087635138337872718125225347968095864023731851683856872294400000
-839155145606393180434863758326203495792006302232663752994770839786755406939789251786748713824246958675913468251403964052311460630345301506003278094286690195998684898101219431182029396624531218091075865421648063845866708945427022109584002007033134665309054497034951782236500
293896904092968013659935009466872718200928983947868998923489582459646442927020453202901637061843579203388604946154115883190341623508130169045780804404247588757878326129179713245184701869994299341725583324467302608375673687392109683433463033450876484134210253093403013532000
-100470427120628556423135646874670185338450752633310989804049691854887621711626094322912392709164824513561485883226270567104680170954493208612975006868066006168000822399297624859916397494135526601669141824541332712413446181181410128171165244595755535860278176197828689235000
33512933736524588211572242724827444428472296213317701168236341540224570690456038900376225845919503619050692604513358852622404795878579912198252932923815018016528756333287555187197142048672146054674022903450031902845689377882593262279486533101364842449728076869177682000000
-10903132391246801756495073214649364707796204204517598765420436791488433192264375634093023560772831953031533917485375179980309699299279261367426196636822267092654574522279091147579865801595600939312622925445139265907339099630622310686550293067090701343026625222079574125000
3458447788272973690410517708720589966106546988574273410997834927924529852531367017700853598865164134952601300557917254722464342393591028382052045369184314666719989252491727051441569929625174095817563252015279961798433033789579833346671536273796988002809600487011162617600
-1069106714480522457102795911443764746099762770669112540663102402114349234495210589714762912449821571432852295224032289222374958039977474269219351937538223961625877967858318988492320908746808729815710089939948742754374651464950376989519740874732323825287965343066898692800
321944806425504990402136261897981135374055319095338250702352938380439781076656295194150939229622035183512834742809151053133141139328663612947499110519417665594490461568310481061758112968860095016935208372530833699846288445336645241819671521910621320448825707214639040000
-94398320555961434063014838466424514011140829871193161793628452569257258459093571831308478751472589789038447835755453134026295148350337351933641242576359219411605829957729347533956347352791230083555372063796523173163771276473680790388919710725298832108475302406359575000
26937808458278626170659937829019691140844208322737358131221955109054962530690609350666164315513394678576690687916911673061078561194420045329646905522847937188178979090495690973188012463234961935134175888125082064769196212042747685752468584223011893147389484028488600000
-7477529953033100004709635083869937956809729783177480247462887796066321968229994766403007172577175461328694056979249981312794709149183870985031187392563547229214530385000865403383842320947012528348677712783591420899063657427366572934907004889599876197910346305759246000
2018013760839009327582392367355777379787972820885093563923135662818785954460295956161445369052508867576663464889536089004816622339364086648400454074199021225375957087135984412767804690955369761486420374143949317121453019074418587166412594997998276206130038239598848000
-529201333258197530608298114552354706441168478622474501607619359974025693258045930222515771451433161718894772940848097081254758208006594975431985094123990315353208372075642595542290196255488486679534229520166706083934528926060288703414465619258420795273159704924560000
134771218526738434509990519843794216828527607213507921663998870272673444413848236249617594042587384564218167607693732124688962582349071973831482464970028465452611209654845357953577678058734363767641936004919403906702297765079877652286741778606153931034764765369600000
-33311043856339048143927431995167789635815121676091415289553595055652989375946048783666552408980798474211943198455836314264125329727768668063174244385049615241895092005925732859317269506915653233938032032913000859832751768408220682944013150897374254548581599156800000
7985745813418986422492525109360607817883448728657281683672532157516489429008264615511382722309818687014463085865500736903203634404062269953857339014795053227604772157072184600998635052920995630259468156056951438030210323700198433984635596451262703892849537480192000
-1855602235007620029241482525455789619530687628426750907098405046132104478379870018944073332574701261483581438948321294210439173587388087511510944359190038897035820471907548705339402577091096924325012650030488299619530429967645492477314923484498782164302738066166000
417624467300009403511629875676020592549061590597678531865519930431161588702810429643745338786194861656969257275480917151853281061677390104643166161724567392582796108638421971739428275941924621910444957116636414323232552809067780712343768495485465858813390845840000
-90968321038835597548990839398110819347916719320255157955546579853466756546246958629640092746178872696453905389345108918839229186826807996516623979679596824029470967083322807033504364752764208328152224693178610434102815698449386602593350014094007719412583866100000
19162390822461796760087105404142556319335612649600480885024248005958208181894922377166291323600544288996407459605001668165609942088072397383197442591725445446049313625473834309369685800984293168419253707959970774608304508558598958202415721592987694777628372800000
-3900275896727539930519805389741091761571346280557523483942348886956666784704200939553163222776792444427305113469256784171874016672926085104059278778033806279412580452368285877726291844388922439098067651337285054980612428908955665117168161880288991958674896052000
766363410087897698957839316352666941016865350471515523267900924219656888889170054152532858454985369667229102196795512635417458853492962671954544607635954333657421575112964248108378119044367522540334617846030640742658153745769463941633269086444413861867407616000
-145227975997727954733084611050894828730539486450541547597833726491302408794402160068832211686114964593158006311275029389932184052252586416537331839097935499859074152836589485305924908592544767083089812288886060258378800124610821861994300890026336592868669760000
26515286355440305210130621130423725838145570034234310894282726117801050080355620517628844333719363865915001194792880783480890729563239434480717115350097786950785070871235132847463786658346960849176526515017319096209713866472647056886480829567320674334835200000
-4659041620374782536457595365441628340932267760629343787392008553334887391164433624789215118231364359653618677691728384692047736443757077822112890240286838190133805254745741932271789784909143092017032144290453589503520318631403378970394435245346291757742600000
786938649325894796159995775902864912128563840031021445089090022736774426481577597922809331963229145864115521078046691416500127649361834005761458058313182902536862178881818070207032655625401493147745551176771929959073912923887700321955973334782120138606656000
-127609007980249888718751027411559996484611996947126694122043040290261969505219568883653793656672185912159399000034418293866458769563477593252758071486132343938555460244518144583256414711950943787607206931359830568140447990172006468225895539010034567232208000
19839386004287702055618925770867652203671956272788676211617451471515452076985194873323414505999579103519038853247218318075726134809094839635672010383114198095904444150996849625846573623298272286158068863249890192889146047023228837422358498868588287408640000
-2952874659196111024842541427367299436609748743369466646142196482148120819193900594461409585733273990462170327402737400773838713667045964496903388716769333966497205755563137588402401981437040543318133102623193872430529606764381851916848427319546042084000000
420090246340754278195347803822797552052723099359661398874820244847436700478583176663798370305548983232719661030981959759025601024807452096471637504488296639366372865020796611947659063015418908995957425655410903206674961831292097191444647815642677952000000
-57025964950207370547840315345055514229263121789810688995015394706677754222517221589733086529069175854505267292115910276186422199522637721732464163772537835232844198958618994776143857623537967654643069642643493138153452573816785993441086110418955850316800
7372582769027061453121326473129635560131029811999128694674598476375705304796668091016051835902418267794578756899880836024848278780176894925809767782477274044762156159551329524877390315238616154115265405865419588351622085825226802570836434499339524710400
-905923720448387547002293675372858837511258142494889062309697522298070387279904375046159843117367624347659975253427538485265326740284359062221185066569412588225592616293009039387414995072862304254946699092047175495976290165685353734673494925526571085000
105562298236167429178256018156103574546489163937001253398525050548258809743310768288568569863045028092096259826174416445088657675359957094459080862269883160775189631475852396310902629251963828116603343826019990435695461268493859482280245779346963800000
-11635641303075271308047259558159043340121411643060728982682391101081258091419704126927109511301357951387896493496019776852194679607927857143248140305578665930828420788853371877832822766904276850319528139015082893551193834001290186638075225431067150000
1209866642614547551840121319183623121832580663921188594239794112188603896290131345996848585884491129498012264636158247616513859008786245903631213097118054658659596318326796945741887002876521673053656788205940458140010664556658651900062192057517984000
-118307957501594557268294908381538326512365643289793667532617160336079472973137843792915545108465618039616730807630895426015151611979926346765730525758932358483527783526574884394167447502278224767658507261048321690199723565921842830746360514524842000
10842273722183967146809190577378933170636338563855267885828593654916148767948355934540510846431736762961838977419429407652135135057360510715845024604856295044194968274293204730706994851482629642337337796365953419340542265925720282333462724773440000
-927604720231478416441143961494335400081360228712220376768129345418023557633607899427582639673574432803880687146188036070235493242282996785362821812617031890075199175490972424957103387429442230487725952195255135943549248976900868385712202936400000
73758685709547495842590011851195670269735489512362834095947343144791749122285005185666365805470090916226358283021818527539151114182200254935934683434325795186960383225079611509535117778236698799964428877002619727884581152499438235401483971200000
-5423198426900293887994137522608360663582634873173653133489832043416053837856896716159064812965466792752476605547182937877473541412362548065466987642327858814325196695615614336993519578000135052969606811488873174282501341066104528897690900938000
366537486238885433394866240276965651927439537472192024307505625635228414483034555259160402948103770770357915774584198378041811778301956886155210803735574316008750182203806992581693820973021919311210754948120371383585698483822627899807870224000
-22614202681857915883195671321382644728742625839127869391396652904832130666763334294361526341041321897060100035388978082830713716214182422885175050732594535766084255846263694141074711872095496303769260353435130205398876501340816417157188660000
1263123585505500238298235100254052661882124977619782488450844776689240122543072652949486099690095008403815284782178499416661376737596723299371539386288852334300025977494712632548701738486463832887414765242830698508266216256239394928070400000
-63234352302393906839694733576750477797549623962625416962734372386937943280009969410502515541936361782563298393613316527523207582874041975944416591816009219398412573275588915074383669177791892612171100545342470891236941586369670832009200000
2802293983811849322436162184553460843811093862828601701992747116325626700132699263648766010580538787496743957334531963058712835948871036411903438229174092184861909045742743138293572398766622885961780278624146730282326163452253980800768000
-108216629178675808063560176331743654222541644662518712147335549230735964942118705327533418232353363400823079901546282696577394818921958489046974274832912141839788105748359239260597883027410046500942767635064581174045755647664231857344000
3567342793794003874126373964562375730372078657511623680732426839492962931961830971009127523046788776363730332565135201633419455159764314022441073734738025449507080678620488847025774938129324640202138914831105290059048289582884938240000
-97597213573715030966728316536977212909296368635401152950094823962675948597874702767521395564215740315066907506452518918742756685424494797474186098381412336738124216640247749130364604100965469872023604969940668564425610769912192050000
2127397198072768354442532321896492886471101285315697020115021463717380273635564646367193998535500747314712593761437387730910479816833752388006729827160727487597422720075905137439664404430530875802660523577117561557385835629140400000
-34638191048241056698702735905823832315150363513284796624078764372724913293890968566489959260304099092509089638380160242894079324409952038516194308142741136375855772410877958738882483254022303302878964989433126696211928616635164000
374464209645256081891803103928813816267999657861885465643443460790132816394168606933523146296034607781500609425314248235819196567316487335256915675680929453631355405347145128293583562179766111221829977290752701040847928898752000
-2015954418037603921041401552397432456928978387003589084752322365942948232553298157051933344827044909796059905927412959125948819535862405081269526667694910126570700203662440170675220790148613660974269663267507531762571590860000
