68
-314364
363090420
-186184698700
53621193225600
-9864154705781376
1257131716392359808
-117375053112143798400
8362972534240245636000
-469049187938931307708000
21219785262357252360709920
-789691677986733118845262560
24568185537365030364074835200
-647640630585569291550020064000
14631391388943371545834126752000
-286059958755386184133885882586880
4880898046263776766784427871638640
-73213470693956651501766418074579600
971660259209918523017270363335470000
-11474204113606323167929705149305010000
121167595439682772653337686376660905600
-1149306239737399179158529573953679292800
9830842629158745044868414124314529488000
-76100757214376296708385927862132321840000
534819210423255640756156659697763261820000
-3421987235972158891814192771410168454429088
19985215395884738616689989735987196831488224
-106779717375817636367637187958395242330105120
523002697350943525065978063469690982841331200
-2352579315194553335701064226047373350878425600
9734450410871685135723070197556020398523618816
-37104361971928181740014158307645892528399600128
130445022557560013929737275300317590920154844200
-423437240349838980019854240759065825438702823000
1270311721049516940059562722277197476316108469000
-3524726154977394350418329545322607528162002192760
9051148644880222529469290684285214393304894519680
-21520444732713750426166940231810352702854223273600
47392669148220032101946585829056039885787001392000
-96686030484501485609691160964865806552003330256000
182736597615707807802316294223596374383286294183840
-319924929674615156669968384235600315175497658407520
518699149018933870791445339520304365874106180864800
-778469517862380471306793302957730997999266983180000
1080850239676693546938357643776023203833693001440000
-1387224579219618038761872353666115707043836104070400
1644215143989982061065584056235641868273128992915200
-1797546207666730048652505883118639706600093489312000
1810029167442193451768148285084741371229260805210000
-1675841249156183275002329711679875080484234389830000
1423794725283093310441979323043221868379405537599568
-1107395897442405908121539473478061453183982084799664
786316613568572242453164123179688605811111539502720
-508068584416859601300282265422262306709564771875200
297592984288064540130618007318663929993119557737600
-157306175826980231295490311967783016217850635643776
74640175264842660767758158229611329123776066912608
-31588255152095616668411039570857364587624528164000
11831510550428203627288320410011973656482433260000
-3884922883981452670494268953933836796713421780000
1105044731443613204051703169118958022176262195200
-268168608571239646132407407071867534003000473600
54415066255350396457668516523427855494885632000
-8980062584342280090645723941256045691395840000
1157586192512872042934800351802537139906495000
-109319974156836910090174045057801732265725800
6725838630402270868725124902546112086137400
-202269595701560830313631512997042800541000
