-131
2247960
-9642062430
18375628311040
-19690634212048800
13496748314306729472
-6420328191180631728000
2242135836887407553664000
-598965568801000108515522000
126300394013840516709198960000
-21548110222701330555756434565600
3034543786734137790661897892544000
-358602997353158491553427197482092000
36055515568194491647786005559856256000
-3120825620481732402064742777157966240000
234908012037682755383859927439765849958400
-15512187279285261639703719036598600365417000
905611154934605309290938226939417250399016000
-47061033998870214791763971996848667422741458000
2190097981110857641278766563842264855130350400000
-91770580653497712313683515941400503092099507636000
3479374395751659296790903370839492997051935981120000
-119887452061881037381367552717955009735196562721360000
3769315884108138778311729937249579814585612913386880000
-108531430447801183399826460085562988237677760709238550000
2871481174215744589919248550359791317597183121740749860480
-70024211770630990480501201705149644778978644618189735872800
1578378392064483450720981819504827109750585855097522276902400
-32970794549540874327114182727079787724981306822617502970447200
639813753922124933434605781338813478801064122883611948249344000
-11560012725030748380644582900389384420871226335789348767202869760
194872222836106268227307224751621256626549288907166961528289792000
-3070950253814694189828180357243078338068970581147415291193371458500
45322600991101712597721317448678379292419187493297758090045790708000
-627498467874206669659627755853025484926616864905043787397217024465000
8163114762484373459343532993692909492073931721736145139560857552550400
-99928870144147056275065702889612661336229110158444400184516207616676000
1152722218638692704671904733405962854508203146546496689345419978584768000
-12546630962842336038316015716718502897718441034813911680361472163031024000
129013351912461627639225828934567643208623548839243641473276413300332160000
-1254735480693634617308745702531754434980869402179668940603533917104042963600
11554613468850365184972863459364401340573383905854417132981978011166320688000
-100853958945515347365661665920540639138780267572812052492360269522634829724000
835195142982007030212553503826564773657654654989128257308285801476789893312000
-6568102299535669956087875565991450763914148823455308738387733123700478370700000
49093726620134271829800535588566221611162743995960273118141594350780464503168000
-349061964555727844839011842121918149404510152844623019405690116733219323464160000
2362686507033609205990450458762752453551940156329924574990438490445946276340480000
-15235431178384692696788247598020057813550857162584066584476104449893847147391715000
93658877214892988006911509598823845617663744989479726275246689579522358973553400000
-549253119539018438867731856891342560240227266116304906768556686370150921964506558960
3074634917527146662788994938999595416031414453922875602672120474259668367475284697600
-16438608358982973115362610885028532148508194807826557909700756544516281652585129760800
83989642993280039213842716775339798289565543567791655080108671387290022882841503142400
-410299199053249025583398319775279638763669810741835434367677648803822488328558714768000
1917351893493133297734518561435819164814293039552590314122807022641598246285125947755520
-8574891679286095185180683298513189982946575216749068608282005259103448789588294457038000
36717110816321377721216887057222375821099647403943688051221685800137636060557818555344000
-150590362048985151135442743973988442093850129379373086814121759507877219003423371762212000
591805846834276606588008255548452136697463306495209373058657187609238826764387166247360000
-2229299746922118072761105542636822062709527749828203974457902811435802147153292878189013600
8052079709388139451198403249943264854290796279949223707797423753210744654055430336699904000
-27895303197170097052968037481658287737926777851218473495509441238685610446944892246054272000
92717268777290985216113466983632182373073835579056211225185323462015765436154451627600896000
-295740018695143242638799425327430288746144936972746435463146057380672845562343239871729908750
905489439488845677343315826280624429637900805841289441219232520302102705371472698456969964400
-2661798042390878994118723405767538067381386551606453465292073558877048930735010997185835719500
7513990820489467278563703051433780884352178744031405282285844539561141468094020796689443136000
-20372600111694734271486406824356684893409010578270269901387896408407878586828446956768068468000
53060332153962340887719270031930874328559489848887071366773769263654210140027881172846891200000
-132769945416271890127413463237041724518871001028000894291431262232992708270792214502097088368000
319216770173619382730460459121790458474254420245858131087511783031912641190637103702721029760000
-737511430626820861682624405652331080468006402639784497691961540388352180466871255989099107530000
1637499577252119428678703690688380811427557094395558299247755478677985175320701951747611304240000
-3494189656718593046769658989352397695677685289994904807653400797726854779697297718438794391900000
7166039445316567002228406417985646189748938223178883886415934507124799420193426929761765707548160
-14124889038249500574856372414952663066186229513658516801739164536637091654934585456256527455061600
26758433745592577240139445937721084762928610203645211792399105426801790094151672093889916744012800
-48718469855346643341391295636445834306206478505223210227548469890316145442622957229457364854278400
85243661403682958706616399351063693418326349187155496825000687582479139277911022744059353342208000
-143329225057036299787796730221374438261657788062965672083411312355477815276500080585753547080546920
231563753330983810051919728752715903913057849941691224521286375700055607671224028990853162483432000
-359433505876781383925027693187402719979266029125733389400455964185229086446247053922893286264066000
535941496932254082693843005431993139733926644096317807507836211948130813757562743198716771157568000
-767529595592464215649274882354066139032217791750749921324643554667780877695602539685803992707940000
1055525821703352864593937056203460367809566225444353109796769323069767584883530357691093214054822400
-1393619476599951422763628360441696929645810463962156316544815094615505741804715243760617257334416000
1766098298262218793387332967810378775156905003345884976654494171958241653506517190930352851413888000
-2147643036510242042526925950138214995564640291387938897876468442320604552049441165675507851467534000
2505267220976472222313949725953428425579759663227440401007267820608810258923978837374282609210960000
-2802497072749112939060086230477038884466444729444918206608253545992151821741996573512145027414877600
3005213622269305989476339297987695362161819731611022059495386002706232118955310901194040314387648000
-3087942210878562640651668581592507864451954891992091074129415414170144227144888812344585138732204000
3039029263382856422387212737485885876079898258831850991211652677236243225974944336995850237124352000
-2863277344687899469938155957398143947302529765139787177663762849478465918542486600892989273886400000
2581232628961855965364746467522581623850790268052887365924916846909340577646722546799485953721856000
-2225248832150818754863597079477746419433000073750020629586964447558019844770313653897777333151057500
1833364751496774044819067335541661201343885277044336265337246083268123056292854867150129651034860000
-1442600731680666540680725932391538285980397859082054264593249547194627856768544797069297144197255000
1083312048277696739048070897092309130171995535439640790471004659458469648588561341335580755156800000
-775759757771658634832323569407802568116166002928326770056286436638210115354268776530409378767784480
529290061179369091111947068236281332623126691538197659013013782864615469352584127502367344007820800
-343753647000095823591255895816277678252063346282545326984903318994252857210247111642973485530646400
212298415981207261397861120688872782345887364015763689547090823456531692001276187716539002469299200
-124540814478620568932084764309439515900948162414942733929021012835770486848011964780088754684514000
69313599786015039543516745016119806763557181367627085296006615397758522204027339309807219840741760
-36550647804569162450635165024965277240483828729369035277575578162310363479784797562353842787148000
18235417963114600045246577222692083465599059280474795135427696957211703746749127755800956415424000
-8593972268796378296358061985008434740260462008296463379582137360578938228384769827986784757852000
3819221747264108863291858200559257253478262722313384954481414465436982900923456332949265509760000
-1597444732471376442737197880415735616516817160134548864019044513188146319138315082731920061561600
627516638678797336486327225161282394606070534457529137395680175621347957522071666295145937664000
-230966543429528643379892601926788968103972230356378509833853266170580637745488271945526849027000
79442795735178150342586600960330264540108546928123926320799087244200028269886795393903510136000
-25460083428517774405730470375482883334068336253896287559720544657748008444450484981194838390000
7577382863867369380790558139727835826305706729325957492254069094358877976359705775877722790400
-2086370653286905733934974576968759790165178614161167695362762038837666684186438012754679172000
529175170444308328455126870570204835375374399033353366812733567013249961830324551120187456000
-123020685631156712094889807529140552435369644475076475752141522294016814596722247340997328000
26061864055749603579173040222259844453506739172744116040987540913922070742897164184944000000
-4997000462355878852923386392615238231675840753885173915914347254398530369523546549627110000
860080675168145257111326665486674430969409104555060328399983271708510110730096120829200000
-131577781332831681701322951982878102614710059867768904042378521209370970312579203650100000
17672420627160683271669524649957585069276941083436209466198238819316664133462948100800000
-2051591494503240091046442605370336195932579333632520414747909488324677775639396615500000
201679650275646513910229493878325529404956278813411286851378494340269124056455244890112
-16323907193512583167967050871356028299657899866164871731167886446664514009356575313920
1044470966811642744704693192339228793182897430831554815956677959759301782978237071360
-49533321607217188271212561672825974872016070785895879638570481856260832847539685330
1547823281999455435432397816830088752686037906896572165858821619208919721213907600
-23904253053364370925908629005482435766334668266272505046695410805534203978510644
