-197
7645176
-74167763670
319745470044000
-775242876213555750
1202680788442661848320
-1295320616952425773469760
1024625043124000468973222400
-620298395247490596411992217000
296579212977096491578316476296000
-114802847551304280925050524809418640
36706550132767438185358303337411473920
-9855963617246201371089436100979268327200
2253458190357356337153229650543425610432000
-443942760736064286971926818859353536202096000
76129277689956908660110330572752430403651875840
-11464890792112924607707943650669236130281213942420
1528123160249791888888961901120342476603572183605600
-181511789574732224826826230754988827815087887302659000
19331759793820788310642146592985624520317171997264912000
-1856283904802156645558635521224962130502155648107370012520
161500908978342735094770357547300106628359881874339166984960
-12788269290485506864684037092975778071346885274450513584088000
925396877958006054404735236141990140966273664094453043476160000
-61424824366264662288292087297598453228408925346047262519486155000
3752712789762319783705832098194398940917706248661549875270494948032
-211689640254447544840317300888235229014814929556524972475872461321456
11057807271453172163949633494957472593805421834722182375694407856133120
-536317757011488356548705119446119764514606078144529317392576350420232000
24212737928908668158669721730238139380607091052308548302926681180446336000
-1019867424607776334696678312301775139754926905224405286239608396521711279360
40166433180598458601040458651402274182564488562885838994377417889233848596480
-1482117849344641365469056377093002861316600781590470142971240952094434540251950
51336533771606861621205515651008326840093830561609305594926729764005574709186000
-1672123275175011384622189689279772085216308825377400677825065878723271543706730500
51302107080961328881339083495421186980220204810599369041124306927294234856060211520
-1484950573246992538831537838860906625917438690632726952808407504447213450737181107060
40611066079158072062712035563880455861467424819057192924139354979184566541709321145600
-1050853520808685154171215518590300023035824327121933527431071328806946903622554559976000
25762147326702335324612941654960622786955830052414633379914390340929280829899943742528000
-599114837424541996933451841274643633299899675262685058395771593872273506499841879197327720
13232561382449967437326115385392604888256201750834604906673532264895758922859089405614743360
-277891290483480183512327632909222816374972218741308355310499434667269495066505083350905990800
5554819954715753154470324127812263544196307844607223803286132561007182551464590524959159232000
-105796940180905974207016664031416112430346311546592026497195023720050538336856325633687540476000
1921794887710837212459704182583511249203880851323378322307566297539920494905147201041759253762560
-33325340177114248505096373143448382923931001927036257457670855461073867069732781780635761955722880
552153667035935489038717635604441292447204468324819838366117387901902912970674428778301895690112000
-8748424312129698362568744482526097821521353783071852517168018769687051144962877613954822353371327500
132658322513960040809830424456397405033714889018775512888402010565083780960353372831681454494603620000
-1926676412863750048705653152634933351747661562153088038985995440643050801155788245658208772497825135432
26820876415598101408509915167476227143436881907896582743408274861516179703286728488578401858747117456256
-358124165305166217216808612101231205996223602546082144952202575397574581430165433461584023339520959969720
4589700943747235250909615534227242227078693375457086941359662767644245258627965683380927319410022982880000
-56494559661837968059293151704395886576315343390014136346441143936575752766781060450477237405892988657240000
668297957996433007945040046476066910825410991030831687610264427975678260167435856912356186225611473094438400
-7602102377425623307532976268475999652383573432092748339324286651523077351706932182281403772712448367250606200
83204296873270287724183636844261787515777122574705488133693946853850609611172209418875567299986046149409528000
-876687367025286964442238111755308875890820484441271113822467879380123322731271986579085755929847029062372390000
8897331600766830761222461365151264569799168651060392389865023051634874100962475363937357536768065453236280320000
-87018374536499817853300456168225242843905258065329265459654887951392300616885498635797339308907449039721164940800
820559184557029188077561517342297049424065491802277147661480975124550670262101149189158033235943179765046018662400
-7463801219572457221938589608187673343681698730714521453689823698030674866210813392663608385040258397628728939264000
65517469007282542104394170307195399167011938467647751939166907946432026288431528999848857680726279307983098071040000
-555250952551220430681112019988689914864376323248890725845776580943480207165606363811463231609143391996586250815432500
4545041169948262100514929727642331838028305506092221742639133082922915854346823783681809325910204750014186721467672800
-35948187196562781025950613844458507533422683563222065128362270915046652876448833750961748555000983528980435058476981400
274836663975503373760442206981914898317457451523675935666160200000980424753781237320785745245630152531657057519922032000
-2031853667388101823529566791885112629537690955955203689608063675829047538972320847277478525350749732762693882205565455000
14530677098767084832500460014724703803927599594279095825199611853523925773352148751964626933657283533103171875936797440000
-100555250967774097874542469110061220670894076457634665374835436396151591642571022863340517284364250474284786763498135590400
673586533362387569336947053542659650786500927161556711044920257136529844591616405484880497452571317202072739422694910259200
-4369087034010471068471227753736869359123474860302342671467099468791631177544965593061170279097745088911978368651257013400000
27449246368675280797976488120681250918268706759790285727288138527893378086733992879656217103432633810616069765893054008000000
-167086510081638629444658560724373290149497955154143461312581358939055875048412013268367546513644993208412244979275597014000000
985706444542061560798497720724907246279278247792906065812746633783756472463378533030668206846008080822747011091961139788902400
-5637264713046731221928112051368743259408483095454131937671824714989409202715163275900634154560973845882583451766058228990099200
31262146022090828567548713821724452415137615816922222653170787085318228130422426802430907573277925460047114841300049682778624000
-168154787733879415659604151843512936437438934518208372177023998581038628462865535356599515176778453431959538655743610432105600000
877498017451848230924849866566179989407869126644609880637929432108198373943054759733012820105322972499929218865607739873868800000
-4443567694937023330631790519616144886987442269597681503374164838311656422050072141904251951061470658710969695971168943995658428000
21840599150484549362324947519674049735645639126655392946320693142184773098349447711039219161382457826872633860033265676874255904000
-104217076701858531572010104278516044879266854755909917115214074876115176213643966360602817785983961834504529654843445752901621160000
482887079158560651441219702216610851001044854668115046351812058360516246877560662829212069056264778887702799620061371524549244800000
-2173060292590954700285296089070867963695603354631045502665687115805197333773126945410426704753908095807997023290222325682966577400000
9499506751722174844818102654285715400050094996908919191168589877590498628358538608144348379646703570657408717453063243511531678976000
-40347215466718317793438488193493398845561605481057311864815969960079817930317303041865659227939683513393885889853038895136255358528000
166527548048656394222092531531871288140486795511722872593057326139898733272970345756095018401484438229412735526358691383809831866880000
-668024054769048409931470104860224892314594822129606280617681538808878376694837782917496351580851507437591248595859084173302224553800000
2604964903889201778306179598399523604824290476699820577669353285030758149141541401181116943268443550275510476786882387570377365486400000
-9876032991794258939506724603364317330931992129503060508598539509877722469381184554181595087756868269803784102672638424678854137866896000
36408107133618540865265220225999985446044180138808046275388988546980692132021350328469476493061426704573109659025516945851474353435648000
-130529774452936510226426406871215685061461560292075870064588711892501075466232026904230418736052574828718219825511497131600069618975040000
455171464620252647523299853305106377783984351764251155179557816010848934681646193945148506079239872451629264647638658051688992913433600000
-1544007957114399344071510468890216552888112604734031221615763515085239375193863894422582183421577263127284285794892881143421704911084800000
5095482880298644882418378704202350117586653276387632787213728590947232083188259527034037423936648997782053758239899121548550920672770048000
-16361829956236740234961705836963991648192472917549828241321166470475416562260217467829673338385118683958801743445457324651287694820885854000
51125284378080578478889802487697029913578350916778079529688839858856121472042766877903326192849664077839172202922355759883925839912216400000
-155467922767788764522696447485755076908169068984225719769321383598281239857456164792707896861950691315419931714530133274407544164372790500000
460138098525458267653747428697763827257643949912704793293385847915410897437515399276285141533666529300857196120303041120703401807991624000000
-1325611848041992723283680967335387809946546455303511238998915289259507254427738113775049864244339904262839496302981031164634430268643069581600
3717586878618304855180820028774705858930575531156048380088321595445150821945763352502365112861687675830929547126328922611299066868477691852800
-10149755410145419974184082364220061507393598420077619592119259411632017406513783931932879760749350099190460763756571803803724528488957020096000
26979272557837764470920079429824275097417237764745864124588850542748882162662711554388463498268608992098312144211077845910550636571645580800000
-69825330687088807399636259567221794822670186459738440684136066313162856728866243023483381907085167484819531421311085626902186017894792413400000
175966166694791421749795359257658988422047025904523613239731198770513996494768226409475036998317849741335679003148045628829962478112373008064000
-431818717895646482013804507014189327853426721721736346374075146288659881216646876716665645706178183598954136450142493959036005287379179507952000
1031929436773944252589544179570986113203751865342537028281482749799784640587602283777445372217751341013833974432343316859046650769734854689280000
-2401553888994231544628187307480659983103210252462548665355011080531134608089031549480345904393935198201348014057438214689542295537075842810400000
5443063978018404766749249037609562496843973207500337552451791800062485710514387809477885238070859945893939847027918209339280778909382905075200000
-12014776511478807678934354755827587167620304165217067412267347701476771143977585454821887340796247792965391683823856814317590935858736199310208000
25829672935317803571107311806863170919237611941260423798079498897550256802343826274435691249331305213867972966571408107916918164842643003597824000
-54082936834033969291703885890247224505243612694292492909483262001288065602165226171719820684286250912168551496093593268051487212977680045399940000
110292088273024086487271453409197096571113139208973021799901647937468966111706671588345534546073613732701784083191884149115884331266253299570400000
-219065071913786606994147278151093001984467794890829533065624902909347985706485404255922074733594813118054105304665443639668230397274222562466200000
423785315678057962445237350791498174878686129639847468729750284766182144900924202834291898675560657755183079781819335355559319960972681288327808000
-798471247650550202279585504950717392070402009866160290926379233775045772865125692215948462182036961657785123492008443019433370910414713785892904000
1465234695082315806944494695329243983403352946733723902992961235475867471281463758380058833370791765420670779612773182018274985555527621469912320000
-2618670309330898366547956800723085070884260132107779325336098846941752515285781788802625974463670862000387270228659913424646151648183342450356800000
4557939819531670287315446594465263810970640755327487099137360665166324129423342244926708920173756048766721660659276149007180167066197516045222400000
-7726024517704759725214078883632126691804331263665877264086377533058667060770441726140002641147306346829646459377241077855295881799917720079710664000
12753402127169498875689765621174867692611643875437259867388810342118835156389593309019300855901106467466627664109634749648711896136903999650737472000
-20500211360691363921047946955563605854994193746293767960714679349314238854919445036165464456962776957413267056155805656096844404399047849478896400000
32087051690208969373416311977509827922946824503419685723426770242035902973394967179350796373909614538406118308531263000619556844217691392402688000000
-48900616692030877947923025401208883826639759273454311625719270751926854472916510530289230712137356755883882044993046689224640708282593808413904000000
72557561432834807958057434937704112808756235455728944686763236679211020422406168328590433589132318657818362965191602844350980491572713910673148821504
-104809936781254765110993396033406929896901407640856128023528678934514130218382505560567171422245620041556344033808202823727704435200116409263499743232
147379835464000128508731491229317947179721242810751874485314057798671986691854127727302588372281645640926150578880900244413437695476386642823248445440
-201720752580578789172870098316495054046951224977484789143870101692823443699025196184372591812037103484971247969446056395322957783267698392658163231750
268718565182757682734462132052164074160976789573996923606833268092452983589927921940698973336292200592202549425315797017698415247850389878519690074000
-348364203821836572250256263380524420165256833300396366822610063351334462572291765786909692711528155193761281382203774962174827199121549813519993481140
439449232814819539425065415165875686016985019945631405452821085684382521168053851509528642143182885824517465145501271509886408671206999030539060595520
-539349279370116841747303943028136567118527585602463705556047917663023428327527066949682622373276286349707644176798937743280581349504228321170673257300
643962732788561687924871913435142987028283261231501693783918368536551235585808788172157667732692360659496039629939146652613820911387263392115134784000
-747858925531291873373655269038930536227488908802656762111608918416835760507399791699376467210393951705974098596743207014198931135283949850511077392000
844659979321597361949153363944984700011337816120377876066137611889829755516286272282028268919547275825282350919910132959136943675648001301669136737280
-927637227506466652966757800703637230283861648943189651629079439355434246529104836119422590103955656025030298131278899805306484476829468557569483917840
990455007684457974609932672284132883738536280293117407355040330581432271322034254133583499690088515463882315229944544307013796628252040593195825974400
-1027953330544177266759363540626753121565436335853469100838708891721382526920815324141476468776233958629680422207511757940985490987051122785366283364000
1036838388574345353481003916967763823459822126862605757318190511974861688558193107855136557295753190092397498472128209655500504547158650216925528192000
-1016154520720642851786561440869070167593863430352234387363526609414546845689506704530067251484394032065554262660770958126148428155427066939638901583680
967444935777894869403754084440911429617053820718630475530246550123159936382022177121126348578874817108636943998947371631796058957090866809188930595840
-894565107497463292999057473933782662428584035275682662976663703979682454564709556259839355745542598938233278162089552870206185243749217003438187411200
803179391346932664651704006133515070770639292271579719900804225393269590973058215703978217589523307570343928165483113633771116488592871249602675968000
-700031883671542922851574387676071463832839695660892181605287170405698366013506999055651925467566297150792139937055184833292119420251686057777255149000
592122093660628743875976166964625679562578889304794604407535174244705814087239404100152858145788301000222944905616618648050751570499690123734159599040
-485925679508602862479942347941086367638778031085042785461672584118157196745546955147493617355239010574071119123379222650138478008198117814528131631920
386779660676013199808182164125442432476606142563873196813400363127970002500042002338696386621783098795595504138188839353157564984081060040255627936000
-298507585999269683288774629498749284195444979914274853548691249939660924592001919719487875084059682484456811425131589173901051682610040174421173770000
223305886594111567049230622346526197554972759173743379475549041889909852512227732205813009747131354745365466607296312463409245815269021540326420160000
-161862031309482913200262320882199811374402254638425812260743525519223990427640981535315750042931789535207350884373135998477395111165443213385937172864
113639199912381144445848832624983754242420564547691785565106019758420141167741626789059011740154032142432317571906721681664231434565870574092455693312
-77246521581715108791640231837576604067573362457648004341239181107426779650250270460620315935730569373134502573874440097408966182473034858298217480240
50817909024666268332319175116351817789765892684342742827762116666853449810494005087511336042131264400284990372833798005044986082706853638249927344000
-32340812148308651878044076152432871727986870394872028061199765004757088800378901112574152255181614673364031021132590373171866037539827203664452412000
19901209856424354187929391127474196696214688529356423011728504717183300762738883415121592796695317016899639318061361751382845681539596477792935045120
-11835560907792146538539697476493016468783497168202478231786104896934332344638390025766552126338400854108665345590979973198714889419895620607213548160
6799121362097318146201554475521973029249637709511424064347082856934972858942740182760127311815966412194356821516827312284222598652510121619463014400
-3770783338336699636843475473225513402898623381196349389956952497767372986382880861653339313895691995546822231769767430643128580289376807956315712000
2017766583640634179313260401162720830442331280440813834394907376678019926418559878819919079086306764596234767271129061419257285477421362210080256000
-1041120265754263159162064712459311697238779448568074606973528575724217390939951462473918402955118205216861915659544678604959745463721045837224613340
517648161145053956069622700288399720458832202968455905816706002235010753228428472989616927482950635732993185796080854051183256800911879894685807520
-247837568388492720546212819277691757642326879679113262329938687626997032247950151010308515996924048848691486798039777897924006313955866898213960200
114175612069522785934195675710751142818400429345189744849954817138561619734085206382106072332505941432044254522488873554540623933261312463176592000
-50571611636831683106561313382740123601859172917506150743512482769619444374336595167684028840613596084173973978525057653749347595067742986831601000
21517779584979181528242653966048176007490786375625022964659269068990693980984944661981700278775680332013638735251947396181173279752607337353802240
-8787181509281852581554455838290757897092967741504876739051776558040074008129756941547397054618331063149567306132608653259788899588332499899925120
3440640470485059707790693741408264055228054348927292265425271612958428346974683416461600481782501172849269424610709831603746809979009319047193600
-1290362081210471832729751036451476581086626817013725504164062500820754111845486960149023565039249394650280500974502677420835458603593170426394000
462996064852243105697086538340910052273231036054643008531680000994751169013429164511298396222899331129024704106533505066654591217731270282192000
-158748373931518233022575450118341789203302641393268428080983291690553264143739432219462138691097213569463868269606937775276136483615887793295520
51944339857623421003385722332762020419862510613549205563381831500127000831958513302411468246517497330208621169029758921850896818687350446504960
-16197489696679828919558994338822662194876678623918044257781145064517022129354288981028454386632095486451275361151281978572016061127325847384000
4805830749658086832359379522494745574209125135500425440512431694106423753171375126183055730338234084656598122457261651566023008547250276480000
-1354477268689141727458137979437431100037206526001622746858653046829505677295922313110054648796939868026646577451704771859323369399315847840000
361960554022920355837302897100928526455657084368890793805427478702128145730280104832414277412380600160982060077216387033361712821681661999104
-91530120727709683215185743575399443043877903598318749608661978327536472285165420362613024114513728081772096997186078242262470833297793725432
21853404291336092133473438729100444762622704807540114496881215419897628800569355686818775587365146862384860210633976994226540324717274635840
-4914326018677239504197647107209969351524011228182152373130875516562637457519778413981308422546921834190510320690793021205154015074188290000
1038049951449940918336184127261854267067647950823532575804430744861144480899280930864376748659454042439417429244882718002449435848509920000
-205335251198847881037549508383371111038165299902099391306499896414045524014922576725610820436988918456611922963902880854249951677564817200
37906889266219956183117103467617852921425589383959498141745104652243439737561482983928886236772655865986658224281451219636265918192729600
-6505876871104348837731576295538204741525917028372471529278496556816928961116925213248270687599702590210546794017632235950735773002224000
1033511450156025435717160437524657327030304834152753099100050813170475740486190753216901073726609268115503865274382737473735086517120000
-151198671214047553848862702240655356237627003885827803043553629419700092823372601626988156254959112268906269042533604049722645425310000
20251123706214579600969660396527805785048420330537170172436810438565528867855076869484695639816875694394925852183317486162998002326400
-2466122793799341653916209366706314191594663974232659785422484749036783822415118477602584770798603806812516551487117486680677262799200
270808759992835710230153678062062011945537752325013971689849336163494806201894676827873988957838045645001674560626015867019379712000
-26549127245789263692493280174429743984588284059703865207823900798056516056178277931433436275999004870980387119527194006881568320000
2295112257075592684483056162443354033325176259801392339569446702623065467973419620174867759029280452439389586660507127271080960000
-172228784055894198954698037231552522888584556448808084429186457545869372652077389225864730172031045586102670090396504370563942400
10990614546808522111963406449249041234742053326740638155509609746629311135496180535561335814272861876715194648459281877543731200
-579881328492365872064041491530745041275317212470446538966639294628743765151369117341221738247632279465360611741897332134943500
24285614981558988440492489108109271776141503166632570023033029064426971828401724155072778105890261643694127475029123953140000
-756908980055497221827444195021048352466095844788500495191246229476374693238261835314602208476173793922128056334604166145000
15605960298843124836626331331926414420339753907013396140169284520959309914498284783343803588305595119919747433697032643200
-159650728796474074885312063032254291628319535752193478839195356537302394741717667634686453826637309509799581982583658600
