186
-6434670
55647026160
-213851521532880
462186600912936900
-639130119206445662796
613564914438187836284160
-432588308144817860818548480
233408429013388287027908064240
-99457925029593786750225269595600
34309005818208672677357708999698176
-9775231203163173475635595188137145600
2338724065356789254045816148761812084800
-476421617739870909165889423393034938718400
83616855358426322833196919207757152509760000
-12773310824553205075999161378176982617390937600
1713419897324832274647700006744521808910956239000
-203398949541602148257227142323129099302104414157000
21515088884845027237875582165735433615067044697496000
-2040357529010164840688838103722860304187867798389960000
174430165155078992230488769487267327405020818084357680400
-13509438301296423990096017963350602193919469482247701982000
952136279615338047830899513978958144708638311938912417376000
-61316496479500418290085545827450221390905824901366596073248000
3621505573320493455258177550433778700900375283236964580576210000
-196841865330032773069720879305257433997258637994948678026807087856
9877035609459632636871201517802266510631676036669614140043337899520
-458855370350575279167238658166542331845765394147997012456581240936960
19789308395782718544901369272866236383123749371086830338242251171633280
-794278364922289731846784446855647811072939548181969034562862292863830400
29737781982690527560343609690275454046570856683932920654033564244821810176
-1040822369394168464612026339159640891629979983937652222891174748568763356160
34123524009083030951127879158464320325978210957768418385646990877881370500980
-1049932891618315076289661934768286484079478342113816707849287165606217705579740
30371761155464062414469113407137975802437504982946393348166230811307889337877600
-827376360423666307618978598783348073880115901049717626466657378289106591913725216
21258975927552537070765422329849915787197422457527466791157168747706211042227661800
-515976620266463220781828113772040286239012970048404046069962926208936650328779049400
11846022794372429844431555143885512167171577550584966021683802582879963872368201555200
-257598424670524731824177308602244125528731050286389054021822334272685604916882489440000
5312323512767896282044096546649779478716256084531058266565031088538458887398409138476400
-104018517800568296325687946361081196634113961345829733994044020392173333895727921947026000
1936018127226903801000559328189919414904325158110137089848329522401266949242936016646688000
-34288147978528620211663232190500427842007537021434645365745401227730821409874757023866464000
578435388935302033116178286850074366384280040867797271510973555835582968619064857644358840000
-9303811878030480257099774311601862808643153190669148113769836882528776726366203199177487297600
142810874195855386933176119868066400767830631206490515470342297705356648427398052887185627328000
-2093805243359514901133895425154851299985391875457043152801256675320681653516587025286229475904000
29345989113960701036204753068185962751357758004452620438480113090041428800068415026277309998217000
-393500258027473873328034995847666418483949612225469435658836835041184423247897801653893375840315000
5051913712659920575334644490690680547064338701595466802762410822992742099425811136753344716388300096
-62143782866802829222542080153651797040877938007515171224291939362419370807815773671827475663530819520
732947308871329818626224859563706771903727514399287662975265728604392963684489886812840922285992934960
-8294124637626543590128803706283925652724737095126435365964674871893143160070801008230606762799878043280
90109008408782201966831447673208081165404551156929174346282887497110691121756850459789308040294971334400
-940440166768153024229697730410199117511731267628235029185618856585547646084292735823473799715752905784576
9434390193407555530059403889893132728609395943744985337429709575312923770985921386800537544342342607137360
-91024878237225805848190869109412136547774310448930149391323209005027461203168875873202970268543986982436080
845091854074029835984154941743507683906090149804098224075447819157258522086019717976181678783342984968919040
-7553873323617764535089623962180190055943118359998424660186026685744929306149527010867248760512415104081561600
65038849316348952647121662314371436381670249079586436324201689764263841325947427563567011828011894046142245376
-539659895899562997307143596870792286558470556391354802878185211360291884154428063968054686963146258713959104000
4317279167196503978457148774966338292467764451130838423025481690882335073235424511744437495705170069711672832000
-33314514752765766527640991567370633127591388723805540030738580938940104884852946969311385029216992624101638656000
248069506826014618919201719434766677341683924823259026107794609042400683346683320938475889499784735115991205812500
-1783223430014885205016585898450484913028232539836023640691084040527041693236004530230165973964014719575803292717500
12379402324070277456313488881805019230939796144316197175045542099526570432382180209862309240741920367303097238700000
-83026657556423221959730498945088820224082076746920861739607069723868669193078703403502905838943416462106114628100000
538165004386054673135173554148400112404019897114773371120134752111546659397697858652636049698272508261731069989925000
-3372432872475938074561626336487611290395701245624714036414455015595041920422246505545346889886150028142983926307375000
20438319710417440216771848099660429567263417181647246535788501253695992830379394332382575763685532905251847076657920000
-119828315620191915414935919576564966447226799207217689221430104057326932771645109996740136222123770088220261922361600000
679859262928449964541685043708705399912390937168728139541030520936361833850236492134282578426910556681083013823398800000
-3733803912202466712749389411563648140220669085779164282219429584583318031768600378174901148962355275358464358335412400000
19855436435963446069258988251412241388463455766597747242189515979376592601369912894896479448097842516150197610432288000000
-102263439819786132635111493090073608047142182580285037396172883100181202534095599373874827749483128095179977772770456115200
510254905749002136867020988721593037382035613220882059861098076687538479403157059202748015190461175848872396019952310464000
-2467106996644736761269504247542909023887808217946201047400590076640523796432839166160427956057505570595315394957661137472000
11561826871849890620860635290260260040941681116055569405569629234907070099259222601177863557381919597109407058026435626496000
-52529338399503869340570952356245741621679437276999786972428591084087481599822986197147623965640815602633750541634286522880000
231424566486314234363552901974485145432011470853482186480405711594832911123220143564808500833626318239353317229987553562363200
-988871775864017613226978449452018145433080564758020591065108081780390285526516800006006145537374459966509716284514717896792000
4099023518275118815565488302071185269112257807991604686818365921383557114544181476764932077397040593127090840613027099526976000
-16485940574952637105947595352806841377746164477576337793246692492927016544153815673788064025031180681343055003754556807460288000
64345635407340649928826073698455273744774570537479073529763876311679426817743209134938107036473740924629781009552224274015920000
-243765313042812585356664147155767376839892701755202729630888174190585133761723097194794592068556783785196088029405388318905155200
896486819194767755773562033888165582753526431549690947263407022442389891606120638682857342383010345992067819686293477862928640000
-3201129510156822319367427809472248805004565842977077187434020556949461170622093077246873482968109475641117315716931407874405120000
11099784298389849292310714300096697431815935177636941714485836776240564482637453939854474014031466379121291601450289535671942960000
-37379970478418031798054324448312006564031065631039694512550144679487066983253892670826675208217316710397734309896032491358298000000
122274036764958539570524367973145052582786063575312067383275139929344361331888288914348590903324200439345477564815466282843143680000
-388557091833097931264140652483191892128488740850662607558372818166972209690694399562985529479649358116335737485583745348752243200000
1199642476817404907820714027728115610243580786378723447627055586524021477272829164624283773199692465299632028824819758205764841600000
-3598927430452214723462142083184346830730742359136170342881166759572064431818487493872851319599077395898896086474459274617294524800000
10492119806297991316929015398690445264783151105856467636104442703324624237623838596895048663747423462919371116747631384579165568000000
-29727866544802873791156991995558268793991130961535261376490493558638666634933980804565461427222755165685455825634757023276880081920000
81867757476898539151428434987767888670952137999540465900100773276719765537611158075072852758562665593000962332314467583633595538100000
-219152216768056489064409394413530642146378095418686971476866635829603649122734853697189918421715151269095040733766021365605204678300000
570288650715042458839829194625464161653715260381489461802358492571163515084901027030421745230685658112997007290533153474511169858400000
-1442741260532545430765591764181041106846635025115705663237371576706662519796971836059515067135481164464009876111495718845067284628000000
3548566404405848741511049503179688706399983507774589649298639130067707133692631927971983259126429472115678691283834870071327493271028800
-8486156007791459665636903502604500146321693723376248847626732827958211501463754130269241408331462304897753325543490996509169120512376000
19732515007736542890339097417820844630893350111103249915588804361203868958420909257927094208992189165713807040710124393266995325205248000
-44615311291410731860737480418632161387617946000097431965805320973908681751875044808172043433980171695539361814074253352935754252587264000
98090985808963313946776745964781138849625994441782260738429228250697896825035925068262869162356553524401444520958371369527758517615120000
-209714523945857076919680243005519838895649370973900196631792774521287993293689051227575881090785154024822353632971407850443428210313468800
436003139851835289857932580687873214364753409215940601042958278107626159072674994364201903015373905128146153512478825862082456656543488000
-881488748200753904650324521371491072836138279598338465572657460333411014416561105297247047698214672198550005708214462593206622781816064000
1733050409271235300192150370721110535174753346000437044968465438988835852417745136031933238838773907995297387765841397135409317012397632000
-3313377665734880047459363325555931807633576488039721191520805693681626663384317882751061654761615126682365134508971242818855537070668480000
6160144129617509218813705567909606772274788154953848588797689659922468877644100420691560577315478833871610418670563394913468939003451084800
-11136856625860727039126312111450896100350694436457834373465509063775098957026405070278752687257713742755468068816394742447652026321067520000
19578281434429269185811019984192854018250439549806135491363313606056160889695972944020013891853244854531535543171168435941934190404351160000
-33466610452602996203202845422114294357925628009524514008143711025091066155485472742511147561867082421478567335014260588245328340038826280000
55623175267484204215849604579691347963311293090622460955363508628960220757039566885060079050194596822402050972322870783787249318624088000000
-89884527685550467168009217351424105657763753847991880005827867138715227054721556438610128497671737519210149816976338111177111923502108480000
141212761242013739293379522503649345541403519347989621233888310888260991374614573655783153718845164324918442860499389690122186835823021200000
-215672087025113685981933353567375035958369740595253050707641384742557713979769661145551785725757604685592072823760737837050519408032135600000
320193434572188316332844461716803845398694288823978099987673276745055520208977192990580760882135966967865507714218757007146533841054316800000
-462054433689899600611657126981349239511497619667960770655187021416934507130177878593497482425425357318574369757789725262413630325679328000000
648031343250084189857849120591342308414875411584314980843899797537250646250074474727380219101659063639300553585300089680535116531765257520000
-883236490304994877987390151041611622458769130398538722951985551523518656233879936014266257234724855878849979290667528828295761928240947600000
1169736475201025197184052315058603083976569275625906698927004783098065019597033142885865121110648774461427760802045036835754236705824076800000
-1505139795276512493461692538650659411446352970362186906471809247972108648059716054766285697181637893610986464375266754714893762043246566400000
1881424744095640616827115673313324264307941212952733633089761559965135810074645068457857121477047367013733080469083443393617202554058208000000
-2284320564495257481076941532059332775563900976059283824214135459462309852987269861997696476898628198375521937253054848295699964777794448893952
2693529917318670952743785933493997830596890039797794985467914827483902774497461061765991310628767943662746955491130433364544176155222479421440
-3083974020901723385474579628856944506022243683114010787813006579400163217598401229315677446424543221254879287435966626135720584106794812293120
3428059989542369769059023693892985433574041867484885526589994862306870881280644725848212747453844064056021825121083019725570268417538276457660
-3698745094179030659422797333324232525678860749395536303703104245701572421933416023832982385706013470952819654470827811980807293398046977573300
3872958176721427606458332639674888684876515965757598250315392469345267785712055027085707473222107359880538260681406447385347092542712385511072
-3934795513731023268958745386208943780713364947438012091034838745005229522981742287584599370411248867753463351493521438736875855630918387121120
3877887314152268800192813118226583023554287355222999519470285292081600170376634444582342767946623367600004170790102740242747485818074526150360
-3706452644037108293564355892919715030766710176649627049334847274194336258723373766439802655756320949517398977644200747881967988169268246572680
3434805747203023056633486414467813439070954407409767994037194177021260600643625499752635118722721129425791879483153288302291563997361529459200
-3085388471191258735810524339712075380577810403495490361063533929877369398800372732864218904176113449099019964829558435270058446869728702264832
2685702551155885902170709443629131359607631244392160186695658319151473146663386732218529647341880759650422871634725930355100616057668258351200
-2264724507280313611468688708205991903058766034684571329044284949502390403976845959338412740608447268527212040564910613230868850250131361549600
1849453661899991455868569984773135164690712527379460896308376367079456813833643581161047833540357693768914180574747419500444883380069467276800
-1462160586176821566605890301610146454150956671793450918229410952183567249692505859025671841898916400409925164757479780180596014369368102720000
1118702048485082459837853620558456950328966645419111733151441155048202779407592748058621170465109711252410090341998305285113154667502248387200
-828011701798601096348977215759654646350321623024104881712361380037940943563338226833791586107041366182748075015467283450049799855756530608000
592633648103422486734201506538550677252918154308861419007776206938482627331189113750509827945686421183764144942631612514933481031455973504000
-409995022725762527254572287789176802342267745562495109526285392907169726091952290685532912902715330846824361020265510403871287405350269312000
274041812064962800335087379859085189065578267433264960360451174078576987057988944295017658797821879125047532973614967891476468144201134870000
-176885680453441624891675188207735795520045786793666529229568745941515733239665539264099150893947240028823784541494826599535179509391372238800
110200874292630173511045529151751330667395761335142217497122956750953693817918857263428256890205448845129473574359696811870293858356043504000
-66230679551963906862323489615150841379863425075639408516596595831581082956791716381144096081868580876102386658809263848200264072306443472000
38376542406570759034724695498333385627886531732104427177348611865158286380916748735823633467452338772803665607816251678294272808880267556000
-21425937711339334184739993725590843424064391730977630505978831767426555546662902598105217640154575878964976136610172494592924258640192620000
11518584113616026057716220626877637424777016994573574160014219958168516261885976436741365003347099992531571171041628733093156081444967552512
-5958585133112627838724741120741271585686808273803574721168708583246245748385820449601526258255297768164110432105434450543124248087513367040
2963818401563812288894768220202505759293317204057768381910959099665246543475149264491894899578855693894648419570448957134763844313612517920
-1416388417202544665550248711154061768089809029082585966441877032250634930234375446275826743628034458866223754527515591587278530750411518560
649785207419619074092878477709402598955014430613026451125300308268127341918957870445310970259445729147601385109604049437914927245930060800
-285905491264632392600866530192137143540206349469731638495132135637976030444341462995936826914156120824944609448225781752682567988209226752
120537078417781408123146392166803381522128416566380942264959554226069776148871770641778100104340968099273984752580396153128005734674008320
-48642229665368642403380955125286755487062816324629446740620418105672281364470262589710201701402880834252031576693464259611516614986504960
18767904027272502949421781756399696717328514935059719235925968081791195886179200819743977839605533896631772478237119361824151900158228480
-6915194257111797989551991497997040264305807389742545179488564245159803397008000302041657908149422421863255434309511762010678966416435200
2430042481913192762266004512343022430378712628051716266979653279275687162479842606139326349285632972932884604962826867619065155542275432
-813264092071947348198664756165877843583786584173011790287739369534994256954308653534148222678633773395809341771248141529855724097420600
258816556050331666367750649424531769151493124181260267965371102513194331431275181920332493362747648049146457189203798127471231811524800
-78193401912605377919151434488716794421281768519815430424857308889059087598285441125917758448672338849429734346710033782574111850318400
22385826692707518217484609070609730705081410529542638841143712018357933317474639227750101875921215390415264517759788077253891331330000
-6060823821926432204998312340108882461970801726841461557321223187780214012235282488438787912852719142066149302494302953808574214994800
1548417756799320754942231052197943552484919587638405042950406853025573619035287731115149764351979342435247898445343765234880333632000
-372377564446665147671036740904715386228131366283867568685445113243304609805646484728362776345825431163297631857467841565862612416000
84069934830433330532874366250171713472422515092148673032300746229674637672958453822602310476034568004979184743331387700456227548000
-17764155901462313986411428182479125058858929259518827833406918647669424682479754519078636732707839988447511639158465206829359380000
3501198339610011780851193596103844163849842943329385582667329017893600103508812516978266949117780504297474958361474664986160243200
-641185907069238845677580852472079802243969390975987818309344649321850434468372867836894070398608618053861988373369475428367296000
108627087825548441540563657131897781532138135058533360781721044564667197726997188128667965144599323745469046975639798906401328000
-16938842556778862530315432785411037669500774376630532084877280062257402913291318687443395814422300909489259321571417070272144000
2416957320824570158903510028833917384470978507961550356938494182486193043513624545176227702414597038214876478702223600990080000
-313395510889612019624680435085697499877036919350704211180498298731515839209554385923095516940028239632694677450662201454093312
36624862778292726983514436176724720737179547005731832530778791367771414577046322218543574745703196909554323746493968532535440
-3819254578718833638326842956665059933236476748945893481376817370439822893268547821123618969460000137365188026422668939187120
351018474095103003244784960541871434338613189399395335745779957793232049779005531344274032289721007448788900799861505836160
-27990768119377927445785886026793218524239465026542713486797159644259164420129182378347122514910183016499349007323309116800
1897152061424503971325487830704873699976230407354561691882918598110898921808755694532416081566134626673844766051913173472
-106262752440827959689333969333764025501553151536754699325574787934846296557463651886907710682636581299304207615923221920
4722218681104297689370233149960773020718700611704592362252327250334915726741531686315908408550931278606925299198133760
-156095914478857461916833828929098382571459332233180559139219632300777918406129641874995091172202243286388554636218880
3411831779133817397756883075600567199399808183263043884777366726801029643801274072173215012624930884685950213575200
-36984356174102154991024210987518201051200258173574558984730549470947611332367353711505121101062070364309350744672
