270
-19682730
358698071520
-2905095681240480
13233437101970696520
-38575469152244580355800
78076749564143030640139200
-116081005765252733166628180800
132107439623717938639445784011700
-118764588221722426836861759826518300
86460620225413926737235361153705322400
-52004276689135538628175639251285286437600
26275160797185730891885741731711890972597400
-11307803076568730139039892792243417410224742600
4194502626932923245044675334526864384658059622400
-1354824348499334208149430133052177196244553258035200
384452578017131383659403135099384219703083308112144800
-96593377655369989269525678348447707878410318634363135200
21636916594802877596373751950052286564763911374097342284800
-4347701642300293456962203857908151842441577194364673440435200
788020922666928189074399449245852521442535866478597061078880000
-129476662212070180617101836038333850002731760428962957933593120000
19372276799068748346214972228413190251648394965338391656444378880000
-2650266624244620768551840746961230608132412083244810477445247909120000
332774103006715195251290503790319518233625992202426515574218940588880000
-38481997271696545178859233858312549088536509738288602261002678289698083200
4111425696673093607985102523939002286050977632157035517305706267448453196800
-407031143970636267190525149869961226319046785583546516213264920477396866483200
37440635176768373781520295545946586476051502537172245616372210465749939315436800
-3208008002619206000383556452729328269771456862456712065243953762130172267694483200
256640640209536480030684516218346261581716548996536965219516300970413781415558656000
-19211728424592970693993146110542780137281068489346381624273447633205616047090399744000
1348498234615277696876417353360715688620326248769785669556912423910436385742841378906000
-88922871190043807796503587293100417185963497015984461631360365540341916709439102167694000
5518756462507355490097191493733733849991146306154661950934531198379144007268165178130656000
-322903566898134452859360163521114590773971764484600322721006141750061344261996521748991648000
17840422071121928520479649034541581140261939987774167830335589331690889270475307826631788552000
-932171827004691504016384057771945829469742022838184075289799153020585098908962194409640954648000
46128303372885897583791370659385153179078868409920554905753385234237485337700001775439961257152000
-2164754876037621619745854205322980176705766303899881189097811232501405303037270497520794868227648000
96466889163426513429924628024705304124450710917538455489171213048343873816598366545770421315394564000
-4087016882409323533590602072154364696275583093894212529139372172569900267307744834636064030732353036000
164815211421241291885204687644429074282460248847652325664885702306084141391838852923282908667900604064000
-6333307510378915646152340866319269960434333770078174900387124951081440957291261405652879363852355770336000
232147125086017236525596444854070595801788254989580373776380131729619512444843530160511844615918685375064000
-8125149378010603278395875569892470853062588924635313082173304610536682935569523555617914561557153988127240000
271800838172543734620970537022338684717950044632034972215763323984985144097992984575074888622524379912853760000
-8697995948961199250380728036507987307105752197864728031192632474342501050896886406788872318521897211597802240000
266512032123639245781196994993627548581787188437698932330761754409150696262637410058015290884710006749113909260000
-7825419305574528608216829217016138503734866721228378604908943325318915008671251466755526860508609231905781544740000
220363807644978725607385910751174460265173846869791141514235844040980646644182441303835636391922435970466808299878400
-5955922842612210469616925082620843284191255771280064381895142483751210487673733733647959016807287707146422974499481600
154616109415682960845129316974723637269633650192594452422896235868860936165956143922763362109395106468509728963744678400
-3858026958011617802988949432565095927328548300337891692692495574326924840444297644603206412819370739581457961124182361600
92592646992278827271734786381562302255885159208109400624619893783846196170663143470476953907664897749954991066980376678400
-2138813622672886960533047338317906072770239834600543592940600025833472052041351123966802365057218092653919008530662419968000
47580418868670690661552141106635969152022644075597041842445159503267329157720924685082908225718036675991073249723575595232000
-1020013467104272784015933573474392701572031142662175919165327117439850028674798438055004506257152038325470681106954990391968000
21084321179715431720966693509249515724290355985777962162627879440635378000573954871757667463465316330856102640146617779992832000
-420468972127166203573049955966271798926892336161080251470113405024265241431152936869447146695288363795374831708226963421235968000
8094027713447949418781211652350732129342677471100794840799683046717105897549694034736857573884301003060965510383369045858792384000
-150480178228598681225978350147264525121149444980726118326170726549003673444394056336753848455722133590635456340449096270751249216000
2703319247594721782190728654466571031937069737926384710492207516276794399941747126532485369135886487313975565308546511985691536384000
-46949483259247106870292042550021468330172374428068436502629971354113306823478098054676429574176314300085575634236185340812724438016000
788650450724911606714739671780194606198530285680864429962634899670022451826803481092274672954498810816183580551266234421210618221009000
-12819069752315575051156153126510027119688536655416181000635254848482554290936267234085671755065137475219268022333303822219322889071667000
201714948829825247085961285560951170544520444561259575414954753979427961735063246394207595220198526882789143095228185764509014717293008000
-3074074708041250830563086991871292164874401455308605215796941339827722497272758242163986588685453647266315007415383251578486568461735792000
45390468158785562653011532754542461905052905225486663000378885579169027081270510757350421351446373966426237769526969482001027021689764908000
-649624261682732504434688685226164421707288365712966967062133351077294336544988727682230699530813794517605002179751769278317156108153516292000
9015193835597104143175271550077383811448083442547296685760217933317554058175353771916670932264354699427987785351657206311340125582538593440000
-121357278018207476701394713770422770890905672352274748224360767454274132282031607143125049155430836252426864337666753890712404201925309742560000
1585229444112835164411968448626147444762455345101588898680712524871455852934037868307070954592815298547325915410771972697430779887649358512190000
-20100495171354547737752133616460388251087234025869668506803232504801865910791118934017093539649300532584229579699994927216756469842063202106810000
247490099786962934015741390970822720496951363579298124434386623156274836955657487766100897519597231393162727388913889330289004423416959338723440000
-2959981593452076690828267036011039737143538308408405568235264012949047049989663553682566734334382887462226219571410116390256492904066833691132342400
34398511855761287360657305492590898773549665064682447258002746122782519768612565162290271723590913597301674647249191941236076320930156188483997117600
-388548277532836764349903930872711263579590929169648874231017357157845864635478512646945823511655772394145800776003648759743846734527490318597026642400
4267133746159438074753974530767763936116690914431173435341823756715751034103243310489535197855817240020914829824040071586299287214692438055124742297600
-45576489085922445541583910951201470312065774661923984942549371863309605541145344629694268026577619196050979272751271772451710332710171964159038647142400
473568206908412910705520324727327777461308439846553906043677067017201370075963346542917003713658074458967206505931183260631052675816630565090010942964000
-4788300758740619430466927727798536416553229780670711716663845899840591630768073837267271926438098308418446199115526408524158421499923709047021221756636000
47125310977159314608949941896906000282841542826541495919385286476479921439278413779744049227240867587432941057803253362655369973405554933060035153326464000
-451558847860830819661982089498717082983111203879058018164398627609074770522312000582767373136797345088407007136979323228660709437432731410397152054903936000
4213781289476834536539618580067109922327093836197944465421862703556110996353615556458579211567358898809675592109873378496022640617675845661308117900098464000
-38303126115763475181624837404277846941014794144262976161464475163466794420141688812514489926600179332778608236929541056432704072327454832360748877936189152000
339238503662381108477170544798514884535456067553515682866491208911266752527982853430901723654951074501667111134644761676658713839066738958755880813998395648000
-2928100235535344193145994036495148093748960278681296482672841480959435620214777090433906791927811949830679619175251278253110111483692578004291247121063441152000
24636273107766126839956145072556543026382651848884110747034046943878226662024020674627018457495934323756167518980200450136833990680717150367717006381716112048000
-202100794125683014257481422884692792489751083763242094714243824815839324614525797174168543409876065701723520921072395537109119540517904268873107354838723803152000
1616806353005464114059851383077542339918008670105936757713950598526714596916206377393348347279008525613788167368579164296872956324143234150984858838709790425216000
-12616400159987934499025907079228077341282671447116957776442189799081967218708892633834171821376917270454942348410846155983532612572130376476571741733919568589184000
96048010480739903990930216039359687093914250634029807571222701074391025484962926010602397859433251564158159872660832101483330272176015233771783642529163672213216000
-713513784414154187920136121024962337318890567405139226067595070728488585782674639739532277126424539975572428023856066984900618952200387881266143001056919308980384000
5173217189306063138854187466879038838614464159149257512312631350288579986371804902701832933660848996038373928125884458501660621610883391718586938119025631350217216000
-36613767087747898392721465312675745796841983176250285163320701107998121510193799242114080735466673642321455363882644851722279468741847827814375697767619080608878080000
253006851477445438502829188039544509041458860307760759585602813515815144341925120544139878207189631536197869291829682588659032735173159403920432067777024037488692670000
-1707265172404558224676706130068946798124270857668194110622755684231333758041573794076733447470791465178524701796955933386815883450832082443863551112257522921053734330000
11251880086684601977211244399088302429620350708763641652017695105071480794356461356713965044888714762592659259156614198214483356820477664552976606747339876177740229920000
-72439789979564503638409581709832955311357464480387411958031276750832095362013912370910568346845527273220508784157045127347789545150017361047675840133700525144294538080000
455646278971460727885596268954849288908438451581636821216016730762733879827067508813027474901658366548557000252347813851017596238993609200989881034440976303157612644523200
-2800565243136125495314086900029418249707889665299190966907463288118091513702314060883051627179597875132631639919807428746686821545795539975773409565573450958894143240756800
16822772533163715778080466638238996821774728231693410098793620305096909577118398649456669981950802461004320162286455696554492464371975977155510861611887580846505995383923200
-98775315662484778917184498761668899144610198537130192144778339374567970069590175348600756889970537854502790765292262399290780478668560240644163170955423630738967382265996800
566971773075971247623380401360896073825256986499555366967124484257644032341016683278710187754893756671500671400925001737940903775671125552898689562277784827181772463073423200
-3181984440732491695845502252535641230651952475252606651346106799405145079464889549013169421073383328258422135413354601590484664047133867898921216931150833213775253619289620000
17462966229381307220774034433994106518949981971696042768654888721833291756863915018720904163498496756294708308840254374552834311481173267187529184838241810189946354501590880000
-93730171871928614728254449297176333277665764882757753880392310843338074220547160609260047318643211125082201090622977689811007186202251588954568603152659400644806832952857120000
492083402327625227323335858810175749707745265634478207872059631927524889657872593198615248422876858406681555725770632871507787727561820842011485166551461853385235873002499880000
-2527265139856019168928762795113047224258640549091004609556872879436549216567101065936057894412551386509325969937782867366933229471264602807734939262503463583175970687209792120000
12698985165557517807509816358915146383051681436754800021575030666920842344403284694951431403329183826427026361340264325281780194368007260389279694806628974037776778329120277760000
-62437450072584114216470835582072936672257755844263373955603748297329576201737406341649441034191918433659835236071087781936933884799895448999446037796508125820508031361072746240000
300420498770797735781992486638360504288168774851431776025543672850257007432402973306488652986263347335935348812843317455882141386398476540163469790915660430645932935333937075260000
-1414721983834821728428772042763822968388431090969648690123891188985731389609039328678241772473725533609298179925215876101468325139441365246814128122605495916294979507758240290740000
6521045377011477440735392463044325261491272397156497009324528915435615047948591254627685067579721019185241472009859329176851227235541362245702795556829765110013423548226348597760000
-29424830462998859453753084705646133079734720627622983669674197582504372626565760538367267025165962330425654808483051453204430773934285882193747775036205386233652253326306794145280000
129988824468081465618972827529907010611753175757165624350484022078952878003386970083435182895657362126175878748176762082660834046206130349370180048993177242811624891998289318606720000
-562259353172589061345971224404509022231902789813538884024874675382926353967312870597580584004293087066476729969924337765828814720572078611772790626118417541392294651187866815985280000
2381485752133482654548980101298500725017861170069180495852557372549803551535208550442610781545331018588949413006769444418092514863577916418264299049551838043748345974465357177502720000
-9878263653313229125453890415237104306674962733471759984879836699823664346700558932592932328027060144120916571612501263729562617793355217321688204355033219041856796426390835057505280000
40130446091584993322156429811900736245867036104729024938574336593033636408471020663658787582609931835491223572175786383901348134785505570369358330192322452357543235482212767421115200000
-159685790509504140834335868069908134208590100158828513345837188414284995800909308984638843369665461293892711842865182633679983674917612801321524961319207277638010474418293396433764800000
622435556449838231298362652643361348713085410562657553767272932211983224696691377993335604470203668531744125925535234861299243004838768092009513044604617671287746283515970820176115200000
-2376807755414343608985240849088480962159009667103925542910246848226484425537217106091148866802044823501050294060684516701177775638346253648190995974608590619866771798863186611963404800000
8892006329504077898235366454407243682832652971545669415346581666062713975975733403407079046170709314976223797837331954911456189244291746543869592380553106582805422799024840443976515200000
-32594538401430147943771559275275192443791372732497805808894429755119484350336648363528988951643352064976845953352524013923433807293875826131208377830155467489931557812105455131440314117120
117074260380647062002118253723437425920556767365706404538069788508184270319576532897573511336514897212978058934490698498990292858851472355083523969349129842412815391325113471492520311930880
-412079039994402278933737701167664833959695470278288690683288484307652626344638808923562887475062758365551328896396022350187731160633451365270428375219756357097026634070185187556691092357120
1421451356465065868909858393505355575931771801650864480142622801460650380279150813301030282503701590074920587396772314400830677140769051352516084598017562883160129226752355106198361436502380
-4805566484187737558980813854949690484126287470048433675160375950205800717752824085421709191958160432427435690544739717317248546677635121689874551012551533576329890641659800848483481524919620
15923770598491911438042933483856962550951011735071732888105387763995552674210541348142941701163135160706295779319847584009817669464353065954613896846324608300264726386565020563022187301508800
-51720473713031912571824198441623637062377393106530115928565130736982000495764895064631398373121146245708771076482080559706498868263712810631328244060211371251585314612245654749856867198811200
164672004115252432382605557435004183291577609043725017863468732367126575958623353914456580357396046207928132704253896988652303214864424465253877735737160584914654896317087921424647587506958800
-513975126870213242369610234131042792905833646498564190245913968156562009455116399625250848443224213193844769898499740326784007733386835838720778091909343267212562127907894241041111309505721200
1572724959387224125014249537987080374995440180063327626914206786945541492955107789096111751885971885148285087842680426181489224821965154172570418327125582338701660367329658118721475818082108800
-4718174878161672375042748613961241124986320540189982880742620360836624478865323367288335255657915655444855263528041278544467674465895462517711254981376747016104981101988974356164427454246326400
13878005302309019457819295825797327106604443267111582431007867544926239086731674549846160859040508397427654939283064322985143780365623742582913230752963913530718825252628036379366863712198158600
-40025057542718819983548207275093777697671965394641007436351797009664992700936239280607519498147038204547732405473469810192808246308891193444279188762783824568775146771272216807049267387980101400
113189954789994999424174136263781269254664007996943189271800166968731245899055981027956236614797673258985647785611173603116145815648584547056033395820651420708672248714221618796494714579240513600
-313886682246940741894716942543198417545450177758305426116338758139726278351302748692969680740347007688173077102906737253835721580489390375586937183099978389842655681065124999404657642587916126400
853579600191935793009612910079207941590433391557024449591880398410582175312471250272208366503086505601001275999231076307624691848983903419325701625470859600949670806161794003483074099486527017200
-2276341070498276938261489204742695329972495749054971042347563344063711903470243610390936843399584700993887966007908678374023114387670518353665780115730572163510416803575884325268804671831204462800
5953437943552724291616638300997360688426380471243947276792357692548299491242152699740946507316033465166319965056192821996254858180330909338371284476451470621646763566424213240298337788816226867200
-15270368897123768488414313439562451243026655684738436041617485125524517414794960695100610555784305896691214655345609550908384936496480831615575932420869288746442094763681177987524481165885858252800
38414521756826980103667257246399291408238930706920128167193986018897614121593572998612473429394894521363836867353799026503905855873959592032933204996249304502768394639885463374866272932931612167200
-94780181504656342110712911755384696399638265418382004693136172400966170395132775234388682955998104794090322829677922687271824793030280800794692509354598462358197882137648438172232480779825321340000
229364837808978830523504167760825866911190668199559829709642349274321586304303296945520070444839849770048565061273501778017911902968380785709955826728636098812407560151456982298575731307304812160000
-544419079830641547335880987950415083518065646842686992717722510834801632798094331233868755295769389354230225857641685394803865029161516908688479073938566067110333479926344582307198289346243283840000
1267494311314983397915476025452856446269506744265415717706034384702864502655753219302518765753426578684638632114513120361277296431113984490297556558371581225272030959748167837807609749977219800160000
-2894495477201853217914360569993890769308487114432336897976588318996915788484484143300680100217691730675757578918683874113616397989326962734723472814417404465567618468910065366830683604977031063840000
6483669868932151208128167676786315323251011136328434651467557834553091366205244480993523424487629476713696976777851878014500731496092396525780579104294986002871465370358546421700731275148549583001600
-14246102221991660162975881427977615515966510544226930731278153587705597313956253815766612431183095002582321163089057551714770060401856627934962555701332156649175805604560888433875046539786289441638400
30704592548748991926746320619268236765627958754342288897798084143585003629058414777091163115616057771320518725639833355487737618064874162251099178657528396489887396809414560268924940161668891492201600
-64915245838358595388380629406134576691344923179595635005379340525018813900881285220770590531631180962895629554899440069906600984905322190780005529964532353824640828548623862713886292175708279244758400
134626052087781630780153182522825224320589842370772124814664255539826502905251523541001042532794231931146004555075647680818277232315034855427719344989693004322446218221264802821714597502531455826201600
-273875059137994888839957827088577849684446557580498963592787325265724051175615742479351756661407620629958833408088336332986193537123718150219762038974869743444726697838265025511396501683089486098048000
546534696415909918705773829500727099444257997301912872613417310330564711591576385509830650497394793239370512230046103126033099233106354711015471879551922017613811117431685679607801598772910823589152000
-1069854583827500892022893141597613829172984406175284920948922822052013383869737197340047820079913837015411034346705932164965031891622975421364255493539688801650533499419703262881091928369983372510048000
2054340223135518456978425157651947464958988162731071061152361977162526581043892096286353641377613751448916172986848884964739776027753523065154500534302135971635954727935543006307804145102688789642752000
-3869531548810974779591615346791190472445000487365645063922088722380536895800367775525488471530421630087652357163907956692217214297915233370499274591311000863626143277147368475035454514680785470274048000
7149564150732777620104820543094660521353457931734180137637296740960913873881148272748265808726130589966638925541126810607104462355132442907211550319101966439434241289416817533952226505640670029061034000
-12957809275771581336171612371978089449969680960415880895261084201751582611822941426080813989743639866750616491763303747367430289610036921235210502003822818616495552699954194318411390340206513533245566000
23036105379149477930971755327961047911057210596294899369353038580891702421018562535254780426210915318667762652023651106430987181528954526640374225784573899762658760355474123232731360604811579614658784000
-40170341312107134706607414509381734757318364414804433086736257687202885500704242569193015616951255885776510648910677082767664086244043515893529235380522163043537318906600609864717402543623218605395616000
68708967196690088676486001527721494860785025153876529585150758426609218641225385750786566420368291782021958502843797907333567021994756763279518104716148928786990289224392268598172939716569101305867784000
-115272068933289983482038498430805483113548430630057318229633090583484887472469035598427049449047630014466591537828851034617471945991203495419356820308911012758339080269021739879579394731103533595794712000
189682707711972021012104575150473357029348963510281573443332953237681039975019449491039197641806348358831946824332683310846808242089749284957733911311048808336265323549082659787329368365770018412241088000
-306135334964450953342745850769047161004267854586442106287706965405043611829595913838472706983231580407306994101977066531769718734436577326732136723511836850085110203960979583337067739951653852728795712000
484584120779188307523402552046412661742725009619610527937556561310789696786388429940745700722181621537586708776216249446334465496729327120503292951375241748667884901933132223113904420000003101066881988000
-752283720150850123149754761919606841812635559032383711992693546162918117916448184417307644141339971196913871378055820321453165703563657967017804214524240884219227221274225329667988098399220527929851212000
1145345456285031329362948426451996575770102581225774509608253149867418587831270592192440703883008952687342918361053844088025581001965430814836795343912339062479100267683941678387248315901927447367247520000
-1710086429190116029159637678275972726703837371968677176395702071408694235016772435434142768401500901657833332400576238125888609861660296978385132106284628129297049984159680234489548039532240703963840480000
2503856941819871076226300218773730213287703474993078034503658427702102470388943848474355332479698926994683228307982704524776603054613217411970334718625775826413974348088855767886332574377316736509522520000
-3594949268166048983144119305721071903344111264122675539465291399538475901469588229235574960472623294860788299095269631331958147945463749721333063356412449899322893905968332426804891478284195178073129480000
5061141419154104632630959878684600634434515739264266157820338902560708046777636698471962845659436362800443931187632869794338224931544684506609211669432034103208449922314513190650406076442909739403787520000
-6986440930440482394921594412127069120676543767425203324795259660596046781306925434380480956742944399588204642970030353324266072129993519592388715863681281362061623525415381065624356469604049281087187507200
9455693103298901857072989544615678131948715809192091431712179300452888212148487277600958278360382263957124594908172537860489760071598925471051928069117188785610521199622754254753212830309922587173916872800
-12546925149134624440626296669514454838112932583354860765032621714677360141313950800126063282891871783170915973536584013897616260204169904266242130350833753232041079408519822436858687177018538474621178407200
16321615545598178290141820588647512012614020620993370196047990676434227862151110850208175238848358395883489230061982284964150731617695580552879549442619744136214023762831492284988248033329001444577278412800
-20813485520976123303171082283060725112305991340880999745336439282432699235967424182411779659938986788720810413254971261238732709440011976087204066997784093057693854652649166482704498186504468338191161907200
26016856901220154128963852853825906390382489176101249681670549103040874044959280228014724574923733485901013016568714076548415886800014970109005083747230116322117318315811458103380622733130585422738952384000
-31876030010014217105170174588679162925538375905482984676065265725922824190061980680451849141139273477323059780594353478788097594098647809444319619563812754160540491434277223430652141750408368739761265216000
38277411232892328812198069811595893748527183915483975319260113800093776566353862563266898666765962499517027709000151067874513038970770899301330068463054465326942959403749874386475654820198142585217488384000
-45046166027636524554854971165003606214673619555470123064509550747275100130089643688402512566989559200587225030290691084714456489560066048922473628003148482576372808177645982246271672254138045251455894016000
51948916185699446618612874945841233490244470756255183274182150855878101650496811441693871120792188959939969697621388903343314011648842710719785572180852119379486647048913330896249739233535144104378660384000
-58703413688295868457994242177659889123015483024051693590328551770667219323096104675164659330800231059917555239021394180768522115427874122340035266737602796698368037242270944409421728702906404623428624992000
64995246789122584848393208821051115532662303785214362102091133281987431175623574791233296074892243337931611627803083671527271103866033367502390763588771462733676994407675634601066305244424989093993815808000
-70500577824879429377002568097208666626709767075894820237765414410451121047858898321549662655973510310591780166839165167568444057329134709678091568351559677227003977090495710373560754503311054400305396992000
74912848030533381894599039369023559411292214019417889000948333623780621946395110495815955486298697182678386598738447460196935406774925960747804632780986171286140826267843393469597320510591612694032070208000
-77970515297085764829072469547351051632161283979394129368333979894139014678901033373196198567372113394216279929299200417755993994806555591798735434118985606848840451829796185039784966245717800967257868992000
79482408945505710407475536823892484766302915524700940741127159559676336293173352579878673331836392601306346299119406520039351219082582985545525317883065660167239020147825473946373594400066899600972010496000
-79347327413896890637039872141370587503193056124944041030978044023021641168308991738346026810453375240453272275091956526775941779221199795800073642498379109060351357549509496331048489198652350992785275904000
77565112052061315944996984388195271572945555840887680734383810612348303524880176494223020348890457632513403854850633284475310274414473628511595425918825672040441121979549810378300329773291995452908262871000
-74237531471127761141375271562284883536392440368425641114164601254821052081008971306492654794982246639016761814526025590615299379665236632663075210862897098819129813946493336459952886164665707264399916229000
69558728605533249253094313326932036694317754733557280482779798561218237341500169097464049811091878666125175061840943948014080064951506658896553412580221152427404446779921910323195307091900613799867112496000
-63796467064246471208459281453695063240350603453854310501957803414135069751080036746194838584137521853546758192812700070663801243002861136857785674259966145717441948230105894083403979877186953485085221520000
57266695393676471083728390817607782194404680588887756230464204834783260758440337025088057417102204904146876549379246908495692473545154712708347594522612259707420557652201469480739869900169588296014128980000
-50304798182530458803766769856555616037245225745465549167789822129469868909685627805979977979500406281719991972091213542155856943379831206960763684837805007747833601250256391457339867163974372815569009020000
43237181908951799302411107975882512957632260144862951350827615714585672451300043734065435618744150853709745166094927342018257207533078062181152258042410915750204087025013757946804513926060617957183280480000
-36356529390323122268907034784195141510976910445791556198863886661447647962320147377607760932010845162437332498820610226051512506089340329602035025392142650023131887928232446803632320123832542545800511520000
29903245423540768066176036110000503892778508841663554973565546779040690449008321218082383366578920146104705980279951910927369036258482421097673808385037329644025977820971187495987583301852266243920920725200
-24054493032837093670519417775275522289334639213020070619190285012055231278986199135329803149190572654841633614344153787114887411434479844638828274020576920771792783673764080652263569459342511340342714354800
18921012851238588335677659859701087231606817473313699308732756292199899596371459843337549305862675716346364878099940200745991235109329112183311250930409686528072276855041955019484646734806814135370055875200
-14550846132364340385497360251735959510224748296410600713267727429835885804280810839748847947101217115841992024845669754224591915160517093212679678061482039742802264694924278592600838158479039694338917244800
10938309073550702244807271677126772330783136911402086522343992332636145989550194307735076873729202139850078779922912643962950150756478679932369065947601983163058103823433562367621218304254572226972767375200
-8036175910669314260759655277365594187101233840322175404577531547177656333786133236200368791823655349622157818682211252405855702667609262175178938991843217850313360036847382227252947415677808863956792212000
5769018355703411953053589838101269236399566116306314250283955157253749706675010908370441014094538518495838811111671307222452354747526830118405391588451121420302248095073019421506121926458873815429817088000
-4045946710710710462349493062260058386964535026747906591408974221816901968197408406437492658278022288018820791913856436634271878282291973485686957049745493472461501026979376569714123317043936078496147712000
2771488459657512371999574158495263737890184912460728544355500185784155573444397086103493260464299845777685211472796074244020002421736430432272065900662385460194828135067511187593559509613398891048257988000
-1853898063293717039386817090658938924415954601707608052414627868602532947974447436158924236567532272470368906252687175049472778799952307886736967870503290693011439373607234481589162686554655392448411212000
1210708939293856025722002997981347869006337699074356279127920240720021517044537101165011746329816994266363367348693665338431202481601507191338427997063373513803388978682275579813330734076509644047942016000
-771741627281964469665207948602068039229371702388337118334521877572235363810492091236986328903076671240204083510895476935363965212492288416320236475565721276436431702478028316514061070109774425292256384000
480037578593240448423828618082934632090964651832688511929509914769700334431428375369819994010644611543056812002282706327986717058571431447282140684205128693575491382041557485236451835083411664148058016000
-291298344161222481993352855131064677557282457836975631420823413862430732597845546569386899757699239577506603434830945974471606324572507200403901676846555975728511830522738414469015307185113326845647584000
172402618572490482835789933301431937735011436309140263648135160479677757365970951485209680562334705858781093971038037376453804214805075446758392677291664188272896861177576687609577056641307354590454016000
-99488152523984502534228155128516970017986588719228048303169397637542545759594919002011211011363510628079733513844016160452249376526238778632344503337050129198042699230110506046197252264075147294761728000
55962085794741282675503337259790795635117456154565777170532786171117681989772141938631306193891974728294850101537259090254390274296009312980693783127090697673899018316937159650985954398542270353303472000
-30674624571514945043161176453364060101892515466573876585797569365726995473210489829429646927531817615834236785040629326988385129645018929629949398719304678325320299046029115669298529783617714117715728000
16379077374100733217221993386090530871677983176495637830174209246374215914657633825258958009280519396923861473301721441832700552349802212740711975883786623962278594154364843852035171529944514633683072000
-8516874348589441123085408833337748366564025404779398091088897320642325445583843747380854314827607290087449829708964180018467485562263451211205270252199800150023265978935068927376517228274770135097728000
4311227717777712965198192487949893284727657487956513496522272404044152343322400244025432452753644186097985967517967405174637466865195342038729940520225105447842355712477462576874476696130823725411040000
-2123704012244098118992307959861314930842175866643716513028589745682894724268414395098541786220591828040610233052451378986847173794757165785094564791386249502869294979351267831064536656338148031564960000
1017640490892716118377614332848080784976236207829275407265708453738479867874419169601638722980794915408794969234775825139058981745332871260059922938750459951703621261106232065141224285286943103511040000
-474164930211247464837975863307584706482824291089950340078298992169042550996765802224850104570532264572727950132497951784615328400352067404670282418986645770896752563717197272846574592579455823592960000
214742583588177363500043118578634304649946173284598842632718158044669222912358619454669439099584964527875277798367415823373699030803578996008599682897252441363556386677088465165927157242019175209790000
-94486736778798039940018972174599094045976316245223490758395989539654458081437792560054553203817384392265122231281662962284427573553574758243783860474791074199964810137918924673007949186488437092307600
40372749304183734506440873379639177470032640099768138897157844696401810892969269027148378281778342019280954412551707504285679132375934206357434782892196734343723706172173674760430054879902961294982400
-16744086347099896953892912825715012162317676484545496640166902113505076764417051531743057157326649989210993358121495489415460201789401888724111446858839418767290638758864398752258935800004001355257600
6737059672898227236988768941648491735669369832078208828211198149547402770170572673090523690032398645243481399631986758552896383129946327803814924255530264753321233461842254622619419459696900822302400
-2628353842371900441287412974145925753133228531006046307590871702324332359697941425959821974683412671059598138004058219584556112630490873944780792420890022817799033492798205360770593671477258136257600
993706556662344212206961426898270606099519293386028849750802155888216393080507155372333449785789289625556951986411425173745222166537192417686499970090745866842734779885899947361283051598207234880000
-363861854362278509816379365457268592653408059696587726903186284438070128078559796645865393740082399692542442699021623216765201100278671738707605234452185744124738945375660108908980520327155997120000
128957876297094694806355023325335457666773412358280831569656316177553243222848667524088292415758989605658064003539991165335407554044960279570196890836985271531724140197422938420550542615948792380000
-44208495934079267716131690381252522659034426447345955098507500605655720488873188883398242924896213884044690990253693668663214831518921987199634075694286741116559855094296050893272415196916925620000
14648969066913840189960796812722729401810224148232979204239171798323789037733127677339062744344307559210075121030809736361775328787335096350174604963787322500161845475033010946883167165842294880000
-4688465880628377100182111066815287318732380476596068944045764808245775848654287581656277664215222020987561390026610449799807676529038439619544339388591053421283125736011017989790130912743550240000
1448225492141816281807186131741780433630276388238989696088827523719123953250652893471965687574667474308208958525168884270969033090447739787680278922028879687226280076887632029164561408769750760000
-431381379569241542682191799216146423028149944838372351390663413971134662568973518500942831789986674369325501345663989081834871417263635357362223764789566950577416225434082349337753510479565240000
123800150170849348877934289387360995917407059940904260719698899398255156322315399985017418854212685872250465183869673866858055041293652573428435659918423846278272688381054351225805399801493760000
-34198325826680763220968210504773536082715043483264094289247893657412652292673704878478840568278250912593268502587132297143839402261384498803019664884242395448694258678325950315855524298730240000
9083930297712077730569680915330470521971183425242025045581471752750235765241452858345942025948910398657586945999707016428832341225680257494552098484876886291059412461430330552649123641850220000
-2317707392809959881705068808806360817911037467995757117654169692395202283106576847985201957310254699431944714326021560862568937597895279623487328858790147861559019873382622001337913659347780000
567356280023966683698583881617512271797907129656225224347554414148241580674405533992142873779110227632271692927017367265312961706909137502259311975268348469081861022211824141301487777822720000
-133083571857473666546581404330033742767410314363805916822265850232303580652021051183342155577815979321150150192757160222727731758410785340036134907778995319908090857062032823268250219489280000
29873166727749228697401805419688439571749385937212816991614499168645946181026762429692699663093468618110901088014087093800950806560765507999242591164312238901701931835813737069284062302720000
-6407613854556789995486018238708682373782146504649979487997279080321808531124024427859950156806803972647694319170035340819445924772509053152690518304715036665712825862325728692495331980800000
1311254709082412705798447515833305613671063889113380692368271269262761531651793220216432393778429843302086166445266006687620105961774606950937262520417592274244623495919125919225695539200000
-255570977162368986291356019780259257685958148887003717696587612693266524166458607444698283768285159020883912294918095453498511367035385783304020531893418835467600157189501980126091980800000
47354429886549768596778960741022283113117505604778459398905964396664693506129069498565648442757831558955402323635643466897584474810341707637432004120990521738240950041160974335278099200000
-8324316242213930871055207063053851770937044460355162481067661908021620530689839332669908588210151548540425637091415914996802844969563624321226615908044639544928115909398452593993580800000
1385166222704398096943586455292160934683924198203099036849658941494797656306789264956272789078169217677126826012011608255467993402935387087052108887098628020276038487323902511640531845120
-217643536428800126373304587561103809343282894525681772761936697224758368911301517972764628165978271547846517526593274870571541192928007440750604369349523321418906128252239027360353402880
32202359981812263596050168567714339137526550720636588827021246017948942338917061332704970493945764667793617389138800873707013747933225590723303707709878450618103457751606794864542085120
-4472983214833739562131607254222815373959108288790324974004372796725211241158455721993467991402330823186630820772595706355810264695188313004747664629169793379767811446351856975435386880
581274277282628688835504296909357122190978422301724914471645196970428592068207774400043952506620708376165800752641862516075287668244448140489249492388857767003120639317595152862085120
-70396538771252609374542042878295845248042369482907861614213086138287199731443848110731966566545760529985477599800917605753062520375625207325687654787577930259893503031542665571532800
7910157951530520865388909969417886419778198377565513502915423070104170819432868919180758694397628487286576187819426837902306402588594116619054624784175474219266597844303591755199700
-820489214461015283331760090243333583580378765533184953723350292257016370935738390669160438694274747027212122253946210638597119776748448772231876855007436507383843235042527625170300
78099568277522276834175108644038242677202089093477853896868389095313618866787429290304076371115389657538849927904020049969222866797040012932834140876857125635238728700640812347200
-6774815339766880769488602692262466781035449030797806112399593866305361401676123657075467276926707300386377181772387004826566507086834958263236413675443592285020410582862940132800
531161557703616391690674471434779200288282246497461130114169341589029814036737505658283677037153087160470400346059927893207137389944160928922381545559926614062251125579490868400
-37263414868624693352853500374140276833541798505767189865322224915282709902696210266157832277279467470235141046869840363494912135560886438533199180960803412877137712733876291600
2310370807075151432168062723505929406846248680737503060235583433940959345986176080833980161006080845424520137163889642023109755389358613752072951957478866691991989181798518400
-124622207653679972146757102479443430105153375469236564324176463329435430899310716615703277200967017511875039855404476779890160293739926671037374889811239885321778710654921600
5729016777467725992283771756544661817850542570641556934324227911322186647747238522106194044879165577766982720625515719736686087883705306674755353922107618695061108082793400
-218228834171963930642350864346841870598080475278977070833995153617470263904932190055308922321847887796748718799191948028417732788734947602064372684110186970584385391548200
6612621127037857811312118451574834226952972737267890212393091884163268780204853517420181037057519806606213651216399126193222046173437272582198188630395173058580505956800
-149433049077108515114867971573272986570456018175855617727353042199876923577410526400481303576984729880382810701645681553918286360944990757759560126857812899568982523200
2238666195240710100573595697995680184197631370533813832070503918008848988768290911212378628993589459669357099506721337603253454616518295491051552357136983180221446800
-16675295797940088503602328342887351187553009338147975504567399729229413702769569258902890797909712673426064822682422865468327027519013850964978188810226972183073200
