-117
1601496
-5479118190
8328259648800
-7117018386127650
3889877569121928384
-1475236068089491339632
410657550382462487195520
-87425142561891427938108750
14687423950397759893602270000
-1995874040619551591941612470300
223801809777901454541023123942400
-21051357732233855567764987595832000
1684108618578708445421199007666560000
-115937130563686291092184888828800480000
6937677892930987658956343747515420723200
-364038387248992020401408459220213463182600
16879288543724889527262537555539309365560000
-696270652428651692999579674165996511329350000
25706081040357533973125755948156236850408800000
-854020277363278172422170426987620578762706358000
25655466291402968771539487112770969223238852224000
-699959571028876451711113486206902166514192238880000
17412982901209856530280252322273785465646067795200000
-396417438860355640072161369274264147241348762150100000
8286075874034697731044345805118378911297568365966250240
-159506960575167931322603656748528794042478191044850317120
2835679299114096556846287231084956338532945618575116748800
-46676583361055377635333337649427757077509774499632502096000
713080550562234829796388492413612155685904379038380959488000
-10132874623489356931406680477197428732296701226135393434324480
134205232266152481813677657766668962439825612077264607317463040
-1659872330713692560713112827748889071582413454061090089527020900
19205134404951814752052545114449956200127097815582860539982060000
-208216219288288143847296321729585900567640931594031134210722455000
2118536291599366061153225595132700950755164548071840046369342595200
-20258503288418937959777719753456452841596260990936970443406838566600
182311731565610895299095330432858655228974386711719120425691929248000
-1545988333116970507574392189162295175400825045211219272584901436040000
12367906664935764060595137513298361403206600361689754180679211488320000
-93447264795255282330334135873914931877102869857792148931394367301437800
667528111636778959085456456617472041630131624778327260183333469694030400
-4512626264891490412184845943970155383469002055261651121137330853798930000
28896427786000674137516806910008999318698206778960491765422389025948800000
-175423406905405952034212309717632112082985549727852613491223831726227400000
1010438823775138283717062903973560965597996766432431053709449270743069824000
-5526374530978107446813595929908327530654828250435975701597096602225683872000
28720135634055533494531498992914259869586884705751471731251547756247555840000
-141917857722969726056962289945455229433700817003029733359504718404895148975000
667208987079084659613073856270011924134783349575260154169966372908978109800000
-2986160542571151302564273351122065367657636359359034346003101498591422428220880
12729930063832728044149428264990949941018020743011523578809069364237482462173440
-51715340884320457679357052326525734135385709268484314538911844292214772502579600
200307194311643495746317098366892127943394986415489263860221027376040129878272000
-740023801206905137062782613411018139346431477590557558150261017805926035383616000
2608797955725764093103310343608296673715816620504365553756820989713188509530869760
-8778904600374358569680878206664016198253511733476584722192516551161759675089052480
28209222538599046927506423046344207174443417204523097722280662602071028318845708800
-86581516858214970132730029118164072258064293292717296070911962356237624076124240000
253899489827250334706954362895207943007848407334690651620761077774338887264888320000
-711553320240869063016239602013820260279495161555470551167182920462584731559849516800
1906144449384838167198569296660510710686914208649537880686503453687461597470728294400
-4881891806502011382952631302191136302474680120747840904099538632037736583532601472000
11955653403678395223557464413529313393815543152851855275345808894786293673957391360000
-28000630640011436860250672880611988131560670279616173744236412287032450003484681473750
62721412633625618566961507252570853414695901426340229187089563522952688007805686501200
-134384514258408608375907196324206559898842251609741358816140242506822184843170448144100
275414910041737401884238406367275640692659548854894297417796888185066629662991339480000
-539929965295923345173144713174600709965172753107616091282943077724400734838887649737500
1012496267624869486600679688977701142316543234560973842254592690175057710699766632400000
-1816087693092852636272117099270411293840836426235999816239921459989506575375561006564000
3115557700826619638659247902100876189076681891309051063448292161473765694078129653792000
-5111461852918672844675328589384249997703931227928911900969854327417896841846931463252500
8018731673935091946234893414759303805743078451020023173598795679717323625040410402100000
-12026633169837273585541851646351015733485738370750082236078690452432136401106079370425000
17241381312278715412232798520208816155525154528307317893642410632606710744625675385441280
-23620334197379064241170037169392721994229665474808830763918350993043092472684032085352640
30914790583852511133661576730390879182867634353941056962052016142016258658800487263001600
-38643488229815638917076970912988598978584542942426321202565020177520323323500609078752000
46117080649842473746897817554869265372936656919594814984250003249827170022982300339456000
-52523031383859654865802842524600324266146139419832282253155980263748475358987185495983560
57062058787403081829514199285985537474331608258583220225650941521109454710998423748722880
-59107263452448314238930160325236357600939864890099959677522130829049279009831056128770800
58343648058738356339777194108231562155086526528186924924829509310137189326005397252960000
-54846005891951745691856877624702374117728023024583882231631821889759067006716808387030000
49069146309422295384382402348245833397507811879710756366127072206976139672168505109171200
-41751235495564427373434080310642378254531727982560815280156525878650736473358085810169600
33758430602834495379233263509199544843140992899097924364454741495222949823880497444608000
-25916047253854735928401569158340817935494990029072463887743212576071853913090077131740000
18871829385208195535288505353529836870588953729035471746560137626408591512524121309920000
-13021562275793654919349068693935587440706378073034475505126494962221928143641643703844800
8503877404599937906513677514406914246991920374226596248245874261042891848908828541286400
-5249617135991809494510156546878086831348391299070648085666906074426879715329469414960000
3059090110463489403668769683924795656144744149302354763760111760332000666581168441600000
-1680145349262031923495307749670329710193576658732947902730627249082299596527660756800000
868276776615857827277796714067857924470120945853791580979018890827683691767868118528000
-421419490212970058747133756730200574669580185634115640377512098380233198055303178621500
191696824116432336214021944819349395215836241312999781147385671279349355688882729780000
-81537018587632871036472266200233473496115269238192847353922372675566651185869007825000
32345263571953535617774122129018237419946553086225261760233668499398340966295143600000
-11932167731693659289396873653394827784218283433508499063350200309428047982466278474040
4079933442618124066406851808944334801622720577990162212818890175402904750793292747520
-1288214279027348861798011168049033047225166964503814193493853731852993282041134820800
373993776925651286109706324591480986469366976215642163819499433887003422441954496000
-99342096995876122872890742469612137030925603057279949764554537126235284086144163000
24004294457779046832959722262045055151962431432616216432904606521931138032243814080
-5240524591040584005095247304093673930915258482040546360796991794081263936729625840
1025310078079387559735641013291102245196102629030554969707857596186743926829798400
-178005221888782562454104342585260806457656706428915793352058610449087487296840000
27088076860105956814832139667885829313647279288231609660846895689920896981120000
-3557268936422178956922997515063684527221944362727275020750885723246636801900800
394963388119920526992180878224748026397177168104124034444218137277931916646400
-36051744212157924378670847063722615611030600883228796192492806695091840287000
2597509959682456764693960317849855616113098348544952032038012542836909160000
-138509880121571447978833064040470140194396518585845780101749976314710530000
4859628308235096549125031509624056336499053657756706386934743970512339200
-84147844516853262183868336930915957669759178229586250606108453116035600
