178
-5639574
44665426080
-157197485676000
311133123524223000
-394006542306135038280
346375529191793380319040
-223624282979232318089649600
110484372309426967156167505500
-43106637260429882012794588596500
13614800312334173934921042862318560
-3551437539323996131470354345978187680
777863472154714152684548444945500273800
-145055427958318440957713279541168290703000
23303598548732301371818753807103607845184000
-3258257363309197639360205226745210663118415360
400002001617505716444580194789642502814396710680
-43453504639382671168780606281732963238262922947400
4205870078676051135348641398133165824542979208736000
-364932045635373821918353170398130618066924481316448000
28541335289142586612234401456837795639014163683759398080
-2022033874010616402553377334956878115985758539618355723840
130345985266800065619143332336063217394123277760522104512000
-7676614689956816719025350697410301583958243324440578763840000
414590503081903914054584391484443857072522627320655423933220000
-20602826296353365866594138584184546810904768451123578899107007968
945047984907285752649927587601175188628010443982899311395725004544
-40128889400281248934538420403558817508888975711235457042873343642880
1581610564373329836833210702130060537021261925353540334980594794088000
-58004298022552452030257690470627178529544330040046664151969661396024000
1984004789251394092554947492719763404281658506614218343615815618239114240
-63428282143777919568746776086190729521067007594910125047771803578730808320
1899131963406475599587672026174421647574135207871039486293636228245982991300
-53355319027016640008617838054000395140064891354283244337147658772438796711500
1409023511467788915383291834007373756778461075487507684363705646198106908312000
-35034650723099904141763008956759671230787874202672650251456416553100521077775680
821476054146265344953622157544763031914492223202790506050353075783656353789697040
-18190684135459484245631158295083631345864011502112924902057307152944881201705380400
380946183002974240711832567066017321259645227024857928696823385252806930429065584000
-7554556027559968456667327889817409902139828391026160225695124108731371099626499152000
142044539708196306906487432648291849684984123322269377643632571054421605100727250305480
-2535254208723982032192351244346639123199630370040480748032069024001077583484306776273240
43001590660443051248976841967602858597581032126763709739863665078294921370663525366267200
-693862875800064053008774516010509078560751808275822217462862329697636008163194310060888000
10661690511002223888897223296632553754661799996172086428246502367688675604772058024633934000
-156155594501637016454717405311024647807167568437761931543389142579396755437992330346971777040
2182045660786580010648905595574847252534182733255077878957906506515880559919923073581881617920
-29115344432632161980025573757160988125144878253822281793700450103918324809252934628259828288000
371271188989033384970985832024908780866647796483202534331128135439722388409657647299597983985000
-4528085892197361354479541074212996180807183433743281887887723944223819533444400202363235220755000
52859063471155117507652370683932832216270736532145575446446134235291179705616550202307462673005568
-591041961911420331593638560784628434965706201677966078703957294104180461122047723773051878861599744
6334465997112781512419987237995019247524469572717254793210311532226016924303603193396095950225281280
-65114882757789806397695668030297679164211128128234507708774562297268151900771285941371402834729440000
642395386548730161333645054148012220231833242110099560276415160551375237956580368299510465277605120000
-6086085746479357915259812762587729659379870705994493652218770937600615849453764223172122454344094259200
55403563740590787552562861845138554309941501567197322953935418599050504231570810281606425965119643785600
-484887760838319188691020306730229237243209171149047669496815521041551581355714370685589018872938464464000
4082051541896908271025474163674224732083140227984848394812668120064429483945847496378085913936271496320000
-33072708887135450723278209663345061798029532849714645009739063197407958843931265998377235573325097676160000
258003876773975555031262566718161865426628166819829469570419958565556976714712687305118412178128345315910400
-1938877292725256233630528125004020489901855261699245218381524671155245831731661079041393754296426476772051200
14042233046168348996949506503671157762452562561318154755395849855609272621074257138530801800107313505029632000
-98055048847204785197897599584088218036375099870731332589013852040365580925440422422368650010071603374123520000
660435226464034573740136469073687929489139710750423828971121618674220128557385345163160721796351414522783122500
-4292281865911461623746841965513466711441961495265298915909592550810748049717690933215439114746985441747006333900
26928255011852255108758883662431592812278678545135465742419041604351726974904742383588503243297892137755323483200
-163135196045293401132256146402278272784566420814203384019845363428457388078087429075894262798281616548508804216000
954679585853295725484180649144820515041169409003534509424095055011690510681887074133585370095480221410607318790000
-5398621821030934849235579839724008134100693971561050114939069768132691371369133731757722940365598403914677765970000
29509527929488277347331789883095476298725099455977789036434294830544082794030791402326296170357589316418516180355200
-155965552990548735045618107092900768702029919620237300793040848476529656393842962771707897017821315643193518467209600
797277614631470192652175894668570673341781032009314905674302176818679763587353108304448161838785660598886620250975000
-3943000850743553561146199231373649858495522442973446113538418815923495058987556984305447796070781776146304536820125000
18871104144683537569488602895515086831893837141243257075167070914485565833810426122110514214649935863630816161611000000
-87424373850010365426365067174084915155968267033539206421649546837436330677913936767302735985700031763618744596519297600
392138275226119900877123642719216063341555724083264155119822794228583873823302332715941704279348411172409008830786350800
-1703410571504253339026871212385462929897414011429325065797105087764745769998170278141183773606783324295057180373908326000
7167539551365694523189990637256385766826725623371256029652513189805636376060677041488215746931895644634034158049318400000
-29220270598525455176017133758005804048289117134343032713098685000516713077409358430793890922798945823814089261856883200000
115438331533299626354752689052721679618272193378863943612185492430166339601440346650655115326882585345205536390123349192000
-442029752036440559809549124687018252865394347547202995788589563530417459199357693782107676018483644509617236812843911256000
1640848097981790061398921200503863115931029582804608384128970182290187355980958958477306304791991636966098487633638314240000
-5905766960293001099199630014006863980187237408279904904119293898952706559957595786826071973772308410302571055432727827200000
20613269373312929573566962582902642588442642133094883500375562662047513769647912278621386135213210250698939902664005233600000
-69782692816866566704480877206258233227781118883511108032620884034743271874300108847446433699817288515134307415814381177664000
229161985280699725813741420441535961146071905819729285004907521827453297361141298497401160316544389326065719106990223099392000
-730115110984816209274458231463553930907322500837993355515040941850843739709858952736798649892121541630079907024054595064320000
2257096559526924076708487869477980514710911760080263549978057870339514350291067062050485495663402596413237729100705966663200000
-6771289678580772230125463608433941544132735280240790649934173611018543050873201186151456486990207789239713187302117899989600000
19715320466623324972256658486580997207015608499901087245437969190402632013801676144962462936935439568077703186337425747327744000
-55717624064773055708938845376338012031854399918268946359737325560076415531819904216949223537386800170477295938878731404988672000
152854824052933642906611529966749602951282982762547841974610196066277690057757345925987827332008683832523961684872890267466560000
-407100343630399637455636095824266054339554111219249571035396677810926880619775750191366586032237256570954960967862993098750400000
1052674134367063254480123757061207651601418326520757605139966420849259548257201939833900379998252245148616902240123773915827200000
-2642941075969339200361786616204975532148092837743362501370249211082922116782264681960814261537994196434627189790466990931715072000
6443315982517264882132011902440689046907915568404716653731202178234710733492179131325474699244320052679384082054276513916425156000
-15253997609796160617439745469961350676997961450336386806447287545985565053516663848472202032699248503925314106468169768040001100000
35069582176624242652339606411572951160778320368953292449641410767946821780679710305525429079758372237262696321409536492953272000000
-78300955695446209770548679431124465896470970781941118118100499115904530254730547966106822217360724382003834670074980825966376000000
169787792330005561266457756478450291849907653043561120527289122282927383404357720209706033296124994749937115098590588423025489718400
-357567997512548718036203507737138282502849339313285320290927577100689047904697275097060554190829650251239980753163573286134358947200
731357841894178846579239777455430858483336595596569743924542372232089863457512304312326854400312856338560821840380703530270968704000
-1452857622577040172651284598913489051044991870317438717429515552341530198168260138880411768921349179690373203910455587416388035200000
2803091056577077877485854938066446885836435868138342377525807188079054380119753381856179067478801283448475223668952218768970554600000
-5252522280074907199181884550160065869795458376405443553497111174469404484253422686237351778235333851679097473539853413836568044216000
9558879991364516056325309298831704067780129305868503896574308410070343796192060082607811424114997027334833138033367978473668865088000
-16894395722356623495479311176684385694080785789523030513335761261051044345877049154648359172588607288682011402577098527767900208320000
28997411039230075649819599601956567352151691658629207036778287075295088117666197194449601391908772112432601875822489071151694287600000
-48332272604147225662265594724143245793675612315111033326262134412260637151261989987516661591109284920671897563076571927953623598800000
78226382370216468377670198932034820299449850543730122038141953746257216361183042307068289305808614536069292716966246664218492938752000
-122936242337026335297202180173767569633816042210717178234278276957128356497166402742615314165114211773550013381918467182798691565056000
187579693744474175509283301062333488742924031243074520998412485726995913851703200613333634655635045706771943250153018325794559674360000
-277865918018382726114660007799674049618013004226075226304720194809783672214344587642039760318845398194345000123474378700947928282600000
399565887652165003511139290994175795572593645966212206000508695029642756720658021995570871101768451943360985095990242317891265292800000
-557700319105581383728704738938487032928129006494541482840331947187310067773657952969092076345371936062192848687098970355081653386752000
755481674840705816186595569364650835033734804576583096701365244748089173259381477907298630174155740973666115180472653956036591701376000
-993125337041310626216508676361815455945069603941530632269783591149234032639533179555982091459122840150567736333742815979171485694080000
1266726945263837742143435370021965131972453042660268890341235031514679432611182797250376468278800749861683639563866159996415224499200000
-1567463898161021732616299554331960667152976108081060078062951871847449170090089411497658841441241828954613545376571338296531599385600000
1881392084431604140731952881741222789657780489727294610363893066181341073322021207522606626074334984142468091547823542438698066929216000
-2190052953689490428966236798273045557280073279586249712754035211182883403635489887289651303065698458762385334625336837223053832024768000
2471975921928476162767587893777691841057862879403990538448521334847651248392651848056042857531828413545288472299493339515406099033600000
-2704974643897542658114708016490824801950751534703751957433754425170392386617777205669098387629018400835630290099683537291132789312000000
2868933824966254270846426790643364390622584289018521521971232255832385473527751734524691500094565041677124009556818361481776374096000000
-2948621330888516949473457141180274479936517190230299975765505202970385812440458566702849331201191680274747806046268548290294194662890496
2935991811456643735026228929691218126658885345374186320036602812330301015561776834368773130991965109711716636305077677713087089268768768
-2831505525897953580403806249696007065545226706385731800370100858441182484782902762639113773487508046473169587558155079473437266636226560
2644167147597576280528456763937311285573850623028668002054598579965215577220362076927395064352958563906219158303208783932103892793839500
-2390253374275003905293526536861304829570785104393981897416460936146670147715035558152683369572835507291704512851100879555954501490158500
2090976679602464954784585581121747372803224081855658483515086300591264583657934064599365144128094682828435474437318071204451559173402560
-1769550394374838210963028750925420260778580696975102159319946293542738508738661874026955304945651132143661115043014413385131984958646080
1448220191906863687346923208688963092212038609898126537643619957869573641793693659528488444015437623069823662793467948511936530389709200
-1145787867360311905953993459528635789219711704761393006632509543240696654242904786313595781219743882348475445802169932694021806931086000
875995535927955103861462587013205174560492441688817286425211127734923349824381649950603858575665182494980559143026778571147881797168000
-646914892623009478346854593065060545646621002616723833086250566155518977519141433562972693145123604455415272730095879988426849992213120
461262629969304119833386590254218126945698409521483234793548468126026398979370524752837579865802881463993112930606859066142587462008360
-317396071503732895074228132193149720789796737118117959260412300380821084917607242111081961956782152171531304464744396869264825886932600
210664059221129163712363137519502860259558430853445232359357880530013574530484958006935307662976601735357891642216402878991146776456000
-134798393672730182235699263451871738594737378015689840466784404378270163134433286881617991234272539063931971138798270730964626447768000
83107336180677118476336219364919290264224820201101838377582792985051869965127134626401622758925987859620098940879505281274313571164720
-49339363660808411517337980844230289371190863278185453366058533554779297882319580000775532087098407258543133031497449868461381373193360
28188329169436267639344055709459082203735307724890717257339531171942943443975479151405183973585283258203575308611913434074346033484800
-15487108328945985961564402459571264539046710464528691299633704959498213584677221784245549510647496572248871269609997918324870540672000
8176739100371366430710217888087683457440363916168022393344415600722725806570516208233038003596103032068896733202655150936568416246000
-4145344212644870144349118310065475290028862734004040460911206938792082490950541368064492370051408428957068740984879964510481938110160
2016275511198255472725260773069940317461965135398474924879311012450568177245975459940544984645008565932955934815689410398042631559680
-940070145556130495983479211841346138110477057667621586753623881273519107119866849872784058507957855605281643910781193473102851264000
419735483178367250306721452328723759620181958728512560192222496295426263131496429499444306620152840934060193455416365602946762480000
-179287040537834180201731432477513959392738413342754137575012203611077305223907960945147982508846871338124085155520624972422149840000
73180985791087516043231176705488364580573759472882399977284981242850398718949809480899514282722207394192515469702285322076667739136
-28510446769099180080348341856710369833307166589080056093953005937469413263472266901400394078041373987220390110844498070962108658688
10587761135685204513910525152812282425977124711491814460098545314382252674887121278307452440685378670808126175166455741380492221760
-3742736699465806627904207597057611904607659745721507311603035690397417270481051244307495789938549639067762147016208349776734296000
1257468629673787620641791454433928641251215755351196249740807403486533176386954643052881027754695712771627963713322150911663808000
-400872101339085926597106378751694462574112860363571782591668840928339546220507205458564653135201434510630533780659078203223022080
121039127245217101768389943748662512779198771283346706873914474159329346878216919202396986819422260880346530334495517202386701440
-34545428218998836096418647988634053203037176192881824125035024776294452322132988218137157786305148496622087748110510102592009600
9299201956083647595254499057988336705832792181387832804047242689340599247105178690349371107353412830367746742000585959358208000
-2355238721759566296919210374126787703312660430260919008121296425768278825173626800929829642829947484389252101935435777768704000
559737202468171927752206090476069390115399455379196533023826853686492514545169744408479826053804706836883194850593409060343560
-124446028232864272969251329015608498716679412883388357695162769869806580044126894680994916768183192218701356117586891571110680
25795854046135560316747722521144270424429812760464588700719610885983378884318332078365049048122106602260912104849591912316800
-4966155799841295909524807132208699733560107353298068094553081022311904211422645510965306405252157599855642493744802688528000
884070269543431172471920603398841995995158908670105221472343543085566529011437637808666235438255896345509230370691376884000
-144795935055800168890809695888170301566296182690909060883202198663674606165730043231913415750934179680610676151438488504160
21691015383594973769097925120712984644566360943100326728329898246612308544496066862437893025833077867671682071169185678080
-2951608282145036589828485274950904540361050585502016563304957648029463621010526506613783356629371096411274461618812422400
361839734134843629563724456183748926787458723987988141618309008722432827689073898557386990289740079137720012655934346000
-39565333486331593961258761130977483223879891986081963736353035056201033607821077174984054153386025249364504027326878000
3811414824427237286787003148395893193608360529039868063737261231711545936476604804676664593876356203952622118064983680
-318432557575860630334826055590819981258685570686515429694953291237348473814587241812013665840427420616813919990176640
22603717242742946312301741371711802347324219119851352161959231733316380307282085174595345398353758223881464033916000
-1325454367369904466507051893058712724098834059117883091457731688060752027775069647546354077119544444615990156020000
61640895404175765914979821159554350493168131696326443148780757589824906034723809741883555971208831352203532160000
-2131517003527253423802894060668344723992328211148071944312124809391822873168082106666275453828902935574972752896
48718815808926117770288255260627197332985807512036251826348927074167439120706422117759653322277352737186231568
-552050164772854920631119110649004278885695734519865600509236461787144207853770623122495991873614230320186160
