-403
65450424
-2657369027430
47950747783848000
-486679111553901766500
3161156034022751378053440
-14257955242010450264129755920
47243298226384014385389942268800
-119839269540036137740564534025442750
240163814146851681075930366410889762000
-389807485103613495037531818417851063804580
522818819359464684980586477251208375559650240
-589133303634469007697047671744217549029073931900
565567971489090247389165764874448847067910974624000
-468073864077345899488462990906015157292995116972872000
337395962540090077167275029853782943424031644671681210880
-213710029350637602667598234046408068847800794056434075733690
119884671136073938216162718697590574815243822603560873210885200
-59973786793489334184465229197836321972002453662648654735760270500
26921418842967755196465987426734017459609566789819637680389142144000
-10903780363325907629060645392544378586534715765129724202405411324018240
4004679133530999108534454904625006600689013249538619432234012837479787520
-1339788571688031055060829773618603706232579484362687916455563075844864864000
409990499026197480516535205582948143601001827842404385474152269787838798080000
-115190959077962876500750767231085498130869668064617758532011257424609923975140000
29817686597550633618875939401142297967367389405065791114148654833892947104630479616
-7133881518463989093316068501723294788692647915161990524060065669008887594782842248128
1582175533477719830737094588969303568499077249551976170000043096523123383161165891189760
-326172347701959780156738409365004705687070612830150699587062455963711501024774792300440000
62662323274090651320290025355868109736561979516934349858362077152372104396635925853029120000
-11245032410750118893431913005778780594935987499778388790304667465336073565551413053996533491200
1889165445006019974096561384970835139949245899962769316771184134176460359012637393071417626521600
-297737270842086458515208553821795145567098681216300318542106983880925834999271958672686263336121500
44105579919417252054796550874685025604117868919938996682472634196208407439928881885287188247367420000
-6152385016216081440823623026120747780052611346839898816642525676506223464455754317169736130149427835000
809523286901039078332828452116119681779591924350238572132007231544472753383539839884642243593473776454400
-100636362131548695237219900004463264113082865515308631999925988499864690367193097394548121753144552890353200
11838188281712638335282609712723713698152567321099563255856889107390949405940669396945237054146383343654112000
-1319621867566395311384186476737238625639285317756780609057482101919102611583961114597846317465839747168479320000
139586668658134259604193947317094574623177735833828348869191440114109520691992331233016632691942159922710256960000
-14029245375153695095431765296321663406611617826063814345816128933318648695599121745781357304099079246881946069675400
1341399494739859075132990346548000187993975080278158686599842219627864228165529827457433668514715531941012152222955200
-122159366118188583404047184932655039796083972092565080617251504179205356538351212659806934058132923258879760313977686000
10607846308240323932587245004211516057143992730763790883670038675507415925255635859739643770889033076498504227156439840000
-879273202800748709934955045227703830701481376799513333923131258458007001949146515144628024197249899217429994237848848370000
69640174497775447453929792579654346263321673647710195826137029015569874074376254165410380756963816215352243059675629479987200
-5275440685619999904883160794882104974284792549155203411889878446121333565691868104412157921869565686487456094879293797842905600
382582887205216833301169017356321057890640002885768939151090324612330302047911847137540832541197113162195774739548604080775680000
-26585691473954531725557146494719523860061162179698800348431126919295634986710471478279503035593907900535310119216766170291922850000
1771729829806129409555580131748055632570040165784775362828724596460914603479204131735338076517830077196523907353451195908400662800000
-113326218141787339101049305315079931259457021148191057397831408598187357331102421400666470591155875925767576600393210914606576635074080
6962874382469339133817949782311531585817496207477937908739962224244185005908810364935681404164336109167652780221314206013628527065712640
-411244768214595342591122659017774834287345869754165707734954018869422176911489112179013682933456101447714492331821370292679934879818652800
23365847279120475855301949583209990584642364119887805964577665151854674060189983020210246990451973581721336054168277215632508937991832320000
-1278014087821934861313331222522260297776531063296730396676401079583250181715322689246362456532289651052634105379787735923482766820003879360000
67337189214350831714236027626607581917624670080160686791362482534974131227277683141435449180807422725081994794000690414025909853500660597657600
-3419960503105006383807881003881591005984003213545099830140521900763053189720088784115385298907761683575250177558951519232509164571623314850356800
167534907255830352738338670537948299326689427967940316702113101177423067305586128310189204116392536028881753850502531179146247655653914063275712000
-7920805387783453760781532061744348176698371008074039140870266996659706224618592680467907838493356389034928222697138844050925968606859917417861360000
361631071148994179630418651970383730832036399761904881522617004666800859197409852778340608145955801263011511800290399944649687543450454741564455680000
-15952852438361282409146432139101297197140241280496764536034801081702771568967072586076526010847526345215998660414532812447186730302173129736974900579200
680334922799966456044780710370789209787635207825710983793144454193294655935567539516074109005474942399794785117941785257086580988495364045068818334617600
-28063815565498616311847204302795054903739952322810578081467208735473404557342161005038056996475841373991534886115098641854821465775433766859088756302976000
1120289981909196464713799710187666540425436645509223479775173734454120992205918868641529289625001841092269787693644804438266040069906708496133540576629760000
-43299918922360991190975530644272473880461951088989672058995868999666810702904207483214459577246805778525514379673825665291799707418735532751071584303707811250
1621148964453195510190123867321561422084495448771773321888805335347525392716733528171549366572120408347995258374988032908524981045757458346200120116330820453200
-58821730321102137275500378237322026502461147650304198540975975589458776605844326062465080816075148507948965696038104583400160429115037549125796047921587503464100
2069308900046435624537095061536621614005048883255967706302278027419766095253939846688457465465490633186745525221282574250513106474904595624403143659562730796848000
-70611138579979854026294451618632318634469428642850965514469061106493899943694398509891492471555458381784308541747420194229500541769641353935218430433413814615195000
2338102242145907168144773725850482622996605017157775469738504210316435693829769908903040118705266730302779389411761667460594896326171060736227539407890531620763760000
-75157580828195855540268400976527279074606583601531440094498379523006422387639434404369172664724052535359281397317789485724661535803852572551523164203557090827526341600
2346240464148289108244585940264658768778553629876175295534818684542050124637580343849785352886787284146879467354315789682507148693985453607873060365876884005028003436800
-71158884447475840093316941446394863989430573776481801859656996079692096999641892276578414758415341579859784771370042444604974238698276030767330616517166876483512314882500
2097511272097861692973958559279359211007647687898247595442844988590361155320650861100569973775920783517428221408670720059776572230198010679852184883189448856826818243900000
-60111164438300534891066880676294316848258432177672697205192109677584212415620106206189873574612230883809452715545456923144798540869551572319438080765808944019065571123075000
1675461120941246411086405301324822786264417783207864205976682617544953450554770263365559669070578490113276663920725141020148283454522981993694360898628727018504031378304033920
-45434989916272550053271627694323228441993516384556335556569551321661823722428208217059852431705664931079096900951340203152507978243126426353588786467263400119345904930383612360
1199134292814695333502436212111266450767944922222191834692528822872936781259161076371314843736431514322020084847506445435875265379572343261226104453769164589420685984737127283200
-30811089468155366208048708227858929637787473695986873530294143365485181185131222101207395290449976409663016068998429500782906124336233819906504072770457701255948181552273409360000
770983211033950846014829461068462317525075179002544154058480336660966155314784921182720158262937336315374762612297186072466733476260369041364994077298003251039723700794012785280000
-18793799964093068364988676467473396514807727125157486082892102944084479519453793870124217057881654828316453334434667453434291034827797486527236150157060029561165039818308303221679300
446422212590150361003925506798170080786428083676504174828009215002237153505233175898661633902871535083594363552046037689807558176473492254274759873445738681153551154641626648451802400
-10336294194987739285082710072259534358601287359782354618991465591556111130794501336969532491696691692369034576085706034761702810039303337538186494779506220490093785174060327894738081000
233343079286470200844253602908666393300866919755167918470830705298128379018894011892219726100837493394866055635483960302821893020367608514144108530716912093281954633512826563244254080000
-5137549234182398683639077377079088746948636420737613610855862040841856301831383422547053728591752708527866544946051542648000219160029632298445251214918430332714214594687945731247818040000
110348157834928907587798835112061080706778850424324682434194615217439810151335834608241105303499315200026081925385198974987856887215230236484695898205661133944902792755993656796949674009600
-2312790561177100426163799462848286141644119786482671984609492954123985572064497259346576319147017218375019339845826913021875697628163126642536798981686607538696757248983889226753050272748800
47313051987404178885876959813374108359383737315230140057726765625123256173664520496396337330786648975186681804958097398904377463435695406173919666313166113263549463922931088369724178125568000
-944947467152875429672541320962746186648254872399285848660680553384515549599667234320136817312256852240088861229835244602472306351017798294923719678502819848644999720769645762229260073578380000
18429875559337636583670188561152977260814997945615562705200254681387077165326775873709038837638673979152486806422773294804537515914157003280668552669176067766376558119209826349611656387700640000
-351098230578497699208588040331228983720876730616048378453919271559278825963507340530391120246566190499881615631147126462715232042370080619658849838744183930982938309483598653602743837719715809600
6534726250767140850576169240450629248029379149425226962244375013511475291402422338035034727854456443589633335828697537428495747400847214798548388835401953980743668127531468818075558775517975884800
-118854966053207407637281235080478747588360441063122231179431747572663523598174138330435186812329193904584842141321933175736032352743788336739429550952971857935442342851232510302297010361190311624000
2112977174279242802440555290319622179348630063344395220967675512402907086189762459207736654441407891637063860290167700901973908493222903764256525350275055252185641650688577960929724628643383317760000
-36724337209776613275147509914017127314294608954050340342877866847697108414148980324571043598068168191758579472198044854076373817228352308713011245769329001838377721278994678949056201945976720943680000
624146896242036127489775696471091751354655324078455113922656922832927786924745395911801102631145474783900050278517995778133021781911755182231193010646289154346562703673941256057843377205727796700876800
-10374884491754149357480599855631071903784040045741186443918574433544347489405655537751361362345168046719835113098633607556372830494401856730853206475687605731533526504331823224747092066436312756076108900
168706273486915171824267379945961738896690203740929060040338174974203971291217482971193356195005921048797403794674348172613991185635400582402013029097694088311683447248673499137666604970215309988271300000
-2684210966281556937797498645631266504800994021515271243176163559655689070507547634882673968489991645758172353898918551907151283123804392544141982602173380379473843102544101836290206744322547942811099125000
41794925736383618116865694654881779284223048223181564521847563362099316158760925361103469950343908282406200039159898211350529845419604197263179234869143478517574150412514059078928259446747821289308868000000
-636992283655649085357338365665587709892915055664687906721026528445419467644059387336041875166196471741324654176832092649372290321055645610068388400717128841738495869022085523016037709401938869488227526301200
9504491864587691009123591604864991093753633446976847064620527971926321569568374789495565310782906829801347217228434384665783508007767641115311171620071830873770510658966139916402810280624479114504865731129600
-138862964809366779300445169348087559708383415235266785664902283196141917549234987493009746738327158079964800437793941622560786441245743972292663844877837240673537723252224922913572585227443670492148415557512000
1986935437653113120728398219157290184158035859431944392867580977394131688563848722918171321979268790323183778533049329654512902420690351116413080559190846746558867602006573974764852336462055724451704164542400000
-27848141993356913582708956290376395237339971342350845631284689636289626947527692257149994934615689139373372646002269510939032397989988202365977082212409211432239128734373388365063633528225999763018416181164575000
382382143085926803247602053429690722594963648225890287079038680807262483975014255297632184415588343281169945092281865545940542452364296963897603139559488078318193946877494877483609351295869818424016318836228392000
-5144700579986544377656616698391477003101498717804602382395827206628363429152263262380647046516352493667168397066173590261344751170458158145540437826328452408650439082530396325545539023091004633376096383715659906000
67835094729213795025857529634830759750912939683796207148788022981275023431288816672983009707582196911869660338991140290492846854458237711035966852499130332396704540475044862372639931079205001262508123861098438240000
-876697647029778251986702100891852098649808907118815093162212836446528069885942444218863494373240592719460900874590144297869015695756776727547738612824194269302231306062297477568896297199481988624553080541948222950000
11107444105049950401065086595661031285713192085748758382587456766654572620468912064925265893528756833673513213269110785360628498834346947836403164540964591782638353172203140703938289859847119332015548026918473369600000
-137979240990574627672205958769191235663162329687339679646970085879262988100005099468334858776067265364680338642418741573286835457131558296061315971817177423657569274955428254220517389301137244601316116394883373033984000
1680791195665397672109897568358929809123667538196042353612080695515528232931869602224124850578880263294711684616779813753061809925327596910904211636887957565288309174540241524182210366482354254339934524590151423741952000
-20080657887308260692821253115601962360038140594048938721625834935701103206978207743727556659120208120110169532453261064102567613557016925307131670676196887796710176533998190052739712736996015651040679809287551269059920000
235325369743661064302120159465790402346002612459353370687139943596077459776976976017808096050649850661233124664132350664289154804031013603489637653691448217550294527100594342508573154825286536300550342756816443879875200000
-2705499343606465881853853446157443935497329050122296489264207478648870536908084096471896049185576033921731675549554240520424398794604942716081658260310892007451689456577493266946248136496655682384897534804879603679885600000
30519260043598261332210606617130594788146203176820013569330172286937852716680197946923503985005744804883146940278616243311833157638891778764153202715026095519067889594711285862843786918345336961883444524183830532731951104000
-337837049737967584736680030279537268540334527481931590457226304448294736601342562781517292589072585160653937737464382081601329097041159863425751486623906213276733008234321504394186280681353520844487567792119062822682989952000
3670328441597672525534301563530775263154251656593824686448878369314807014928166114169570586152887344955252656900847607800113205004891613331045201336160956391154630212916085479838073172834458004236408143914379941777296680960000
-39140241213058776569517435195408443331618719996361250974386792923564286096783161840165806412303323571939147569658313490677952401978693709096541706434922408053762946507098890582717343799793485834461581675461555993593931174400000
409749486572525775642809175400671626793715980652536030961859563401776589596491079477501621990759347001824359078222276559990472967201284159744658915017610136936250921106164559784385338862494505189411804266917926201420316979200000
-4211570260980067189383093280685972695146604762527861486571796674967607725665767234887884553418770846555070941861708398011640966208506587999975501482836212413735941845972382661744936779145760362401364704009878842996251367762112000
42506339343248587421676178396312056090186701219125540342035465546520965672165773701585473990136256434242860660953550068805693756894925312176789830142458946516831681899846119879839206200451520881860860568412798092471147606821376000
-421307962349687440162777359440737441192205932367071710491721449526370966190960478723891228862862888367487101518890921385417896498651159411373348541505392104601961426516715858322579877366407593260986526159305162496090167340521600000
4101410317592832717772083382803345253406576093530459483192592708456865351352016610909822208138174776836770461478105287966445091963866928290506099093985997036537568834515295896209238174269582281411732141763663449826436634669312000000
-39219736161981462863695547348056988985700383894385018808029167774618774922303658841825174865321296303501617537884381816179131191904477501777964572586241096661890501980052517007500840041452880565999688605615031738965300319025296000000
368437104179218370879019982203980612561730889571418278445936215208297104524506896604061853915604554023243611435572550432386405943840436839742512116639924040474811868328961834011456211497255655743980690706342196401426089089779779076096
-3400616917781141694382428511734435065539689622169856046580900190420597103633759705220647243626560979761146139738520567681335173983923578447845145375888006388441396290113867751524358342109307319421310314391058268158866787137358299783168
30841480732409040055444332735849287704578448628619662873944700840394627337066549053238035761528510144426837207573364042434478842480522106475961799589862829344733551324809757250479455532503532437531729976385640986191272467137006143733760
-274879591305543827764664226547387221500309323791149064402330013441078213921822682220403086674633831411128473097894316668487229795728652380258320421454450662540571095715658252105789947151722920177647147815045973206090122193217854134443500
2407826949427709433663816776357162460408454390384485116266981635675685901505693692801136778942853454548246816088808289894360105334040874957364031680462253721363738205653510732104848808149290705393622344973476439054464571351540181567788000
-20731390034572578223845462444435168784116792301210416851058711883167655611964022695017787666697968243660405086524639375990440506926091933382904312768780004540941785950676727403422748238165392973439088390221632140258939959336760963298654680
175467218678491803616170720187012376642118515713898410744279225197036049316855099843012856069724753304305490239935366242285385627294505048656843168873594668117400648316758539822408212580679855405051029106865079255773586108836656162065322240
-1460061679298733594311898063952823084679611627684777380725397352226370041907956648917540113479628291886176050415348316955793539667888763457272291485258156735365090277559988343443058694961539763309304606006590536954679372244586925714935763600
11945283861615282139681038374993078004117439920772286875379021132579584626882214157462061463212833195871298434965753204242322407187340259344024310234979956059813209620017045229412598469943695773990760505470845299795420812439178013989796128000
-96097799602467829746232180685167915845888647186195096681283456207647512703665431147686966169830886257696406372583423235264880746571222013979858748405745132140131297017170986551812101068098501093800809049720428608339715004415046873182669864000
760261461612193227112797845811262045449855073025753296016141226328858654138013526726918931699912016690244096374461909232012705929417013709940847944040271941426210750569206119340821727319764843989496617395055708009045457788564011981507274165760
-5915414561256248047874355340843217709062769956982873815396352308859485050441389525943505850872050068011629468076229278941751976017527611053131339217704782434389612226787746553454567325030780600835879471192401173589195445865355355552262994540280
45270933325102427918198753325095625325258472833982630659253665386785467134391879775508827343985362660194493941843975365080358774317100860550470753115835417383756401526761783522735044518483740503173622848424343575808622400985648850313125714516800
-340803788917943162071653238314027217220945229880483083620242687364865495469549036127694971233483591565783639149992728849755599437091533547196924990571925257993186121869575881891247093960954707899468937180442975044413103891898106880127140729978000
2523934193296964503623452127937349332731774289795484885308901488000821593900255291208509810250851412968523852735063381070018591804490106733673909375858166829653176119562852532894506711903373906315367283436427949544794897245686885630331365497184000
-18389822357680928765202121170336985758065916048540989846228515948974965867515385606234493749597644869113363412512329917715728830459562635333124353268210660549792879002992418743374061684704536948315881958177185665639929310242821349488877141596293360
131837664151478668831886118714641612903054116119231940083660677087445497468197418625088774465200599965041469768047752050308706742504931506904056527469017103105521827802349150377527200030057252762414668464115382453213009643895621010007076165053895680
-930036130590511964292384494969460237422879029328513554711382315627042490942458927411513227722796039576836137034117858083523209213827315125945621937603170890262098412802279056509192450321141336996115578043944285710041884387816534941899253575584774400
6456449171041570661203330378300385119299325492859102363285629298567898284228640487815463729645856803673903761228586783389747898674503675254498532459393913618348451791354664524526625274956683661791215583114985123937480850295585862406573330607365376000
-44111907957608624627925319477476391830945859401515606149390671277778252971717022754160888935673103344275316722826850663733398632760077121157917177330233117479373081145668855477587798156777500213008626799124676285860085093746457170366824048376604693000
296633436132153996879647722663663361837167628329316644938190281471457812991830656127195392213137029404376760025690913400298826744073757131880664076083599480699342863481533672430120012109290372894935157734480058596910452836825165306784449524645796809280
-1963450056492494083399330837576667982346194979539701322211675801447382117116549200832913279861519182292725192451905049933775678448189088713099950107283885416134001812591482006201112913705015321020129771543957351642610551797061974508826155788180212479440
12793454947204552128401396729640189361578243006117356016817249888647850529409511197985755463209861671841163732575696748145477140335278064269724326674328801267604583979493760306960835681876355092768488677559775793015852917443024943812426430421388028928000
-82064663411111011541318400634500310730850576770202661940417626716785346906258371570169310233669723073504506494044387856016264864993071786898174603696884962660006486123026424028923128993884097530562294632968238577323430157292376722533097863694171156160000
518270453022163537957081677229044618123106962199746625167428251281790906672342406247930212568909712746719510225529279425085737768161281433152527581421235387803891239418822974651919015808950116957122571321076113438555177491718821472587747636270093665280000
-3222697813861239041423881794641706821199367643306860025802209742603737064960922387366296360457937288919145775828603375781525354906918965512486088061736160972100205307371026824914459448125084529482402748042686131336658503452839493040367963735240557094029312
19732222112957320297140708284125231607999706940344025020051528342854371482174661315531507490496544407325297288359267579759975077752955700945886486650711019735667973446403855663026088971266470812331883814251275181950275003291259854584434484502849159895760896
-118974948123507596260092900256235517189767969846114283475514116854281865448595100180060450613037617670639306559681776757204957072644368677296862752028968949284852278434526017708528796924440604073402574218502159332651621335417631321108234325816715816277656320
706459814138474769539617802367326109162191798394202460724356539909657793897847790380981786287847787441533752479634626393758342222972670602941771221838894611072427985065535326647251175722894782613651066528762448085718115495025449768637898726495087293886720000
-4131431565285355085670358064755083490387580835498698004943632214103987536223402074182387708113529818840809610923341425131958414485189264797343695229823824013048922859364744942599393123399200796299338310426448398227040925634658656803917021760574428320586560000
23797045816043645293461262452989280904632465612472500508475321553238968208646795947290553198733931756523063358918446608760080467434690165232699684523785226315161795669940930869372504390779396586684188668056342773787755731655633863190562045340908707126578585600
-135015183553525404199707301556196128465866141704097450801557900756918312683780779784280430301150154479717658084974797773312400985375985173577191960110642568746438799044039864724148167272685882023062375984736333654059697449740644904352008271135572317516768780800
754581998715309330299471697122868216051674294338774993809997014413285194341256855169884055267412279651341010904544936559353984329806309282810416829276730101444659375889769636269165139497959637611954761477434270119812727521452036270174557159788893766932129792000
-4154523426270857671166915855273699004775772047163632792189354255969956078201972779154971718323565164904605241298476959037029657755577158282962575753082044896373225761863859463908644552086887613826915646181138970382056574835201695447610239097387618322223464960000
22534768735321789910675085534669190187369647928620491180227909118019387567409521904195362596031559033781840414887763476082030098046231737709192361372913834601078584797787560641068969191826696915029361525632974357444351647245027415582449146273745869439098900480000
-120428092809009326401935460035646767200931803260415655385773438223715406004286300085588412554706310931744523645327345054660408425140895226728785069026053468669490629203145249365000179928305413212822340662512562065140793144841599831969503330178316353597409432647200
634118650180010992706584123658244510694833531245230198383297134997819078535281375181582163217729060084562576416937566907931400221080610613238625689642682991850678484575397893419626733461461719786724880689210083374365825961696704520113173509099882044280823218361600
-3290076436585931901459077396659231207085886594345632143075051607490399132325734966148458133460679677885019936664087174135744517265029772296587313939574604846263817857499201880714962435672151161208634102234655197480205863895535427944719184227502874506915801460456000
16821257222546312977311945258089877946875939439794898954244232389683308296703972215800615486066420544390120373233828963626765599957907496283955765198231560176012534072140147671207817278094960809160331832118467463047580434023468423049819488330911606497024444668160000
-84752343471107916065380489208786943419653449632098681662198790296815666166390741629974301247892580578224954719587889067071456229442888107671315348353210641512938226119792081773066067177516449439758478865477018193038621629826824673287856496214560697919068767486480000
420832352609669514247287274681383072883101264832529960764836777501734766392557062130631623136643181373251139717640741805068420162387782771255797761314248938926906929652083481447572570259885535392628474084504875203222517039724865624747312858926324091367911561575475200
-2059460924897364022528285340855296542586182859139975424554381403557898042253429289428874520062626757792387717533132782502500060391873990058504793711224793589821098134140383717653124684905514011623680055730793146167083977731093674847367157096994904292830489832092377600
9933618402136806924253467103584011291501786303256104346195825824038454037216512173759267110288090338779877219066908885303750873961593787610529773388574679396992868909052472935519320614345790270128632833622800890042530628003396362023300583480503227992095718462944768000
-47227274138702077562746296885431567288483815019218408506742024100007084572842179919071969146613074054321776666684140050116348179653361054085846713511404951632847509727933888919099349370606216957100715588849048236619790685892706237177458503200514655899920776004472920000
221325450401491393075118740433501782795734801746869701404376823001216633027757434887011831740340560065223947455703188873918034072695041152875684006514986518894764660973512662863471507109586531538602170096854711262738900729153984259435190145176376375578326950269482560000
-1022454655974142366715087471160428703089126562159959410546607102493751953595254926447407011896924838537992525981435191812038851592091427310701719585668143084813880108024660972534228977255840423501288481919064901244879166001682328183146463705617745104743489716385063913600
4656415362907034324773939617642760833520495401310402338622843768164151710145785303004284975215953178702075465951771882740863506337527143124774344030103460152474087282426321001006744107356306470942156032974181278649090960572895327775836950813915525464535448122552792012800
-20906178021164373789484130939474030141710377287691123263506598955732945203492223258232292855362999626862600519370068291138966847934087438667798548059711063235274832452956871516992995742955699263212948724979570995692452232223324158728554049211003571857318851300638000240000
92540695119912333844460478694962060649329773232427411873078092474038577318274908525196770940508877361981934471788120124631305022363189678061744516921732154679715653826313152413085371246174982070582092521811405844142339260414513834353264072955118888023575843506582988800000
-403873684379686101462217480228610845546898233799720280520063006766816598520135370860081415467111226465542309009141883882544200902362113282181678169322870748919767092318411803666211169205669140769329621851780502325408234690723707110404275391457878320492110811535715750400000
1737929457054450716574591621696236789209875488753055916671215780694143954918449623295509200193233824278694780423208294712725060300959632221356090640523924857980166089602925098264423599105302923988419098322123811214746083281055772011020964185726858337558606732650539247370240
-7374137471882671133508145035330626611448268501849186411926908048294596540121274190941330730533228991038923394736684394336828281590135180195941860187111990439659968028628010538487473750684635821557653904628476849153787511747126913827625206153881655858740326662334011005281920
30853265020089391049195558467590364717311086699939077368424753645837904640400160265204431426419472569995278450703328877706644040691848428615150787874705215832954406753888078821058382305204189839757964627619800995469962879115624369259316033791401176225340164668477837229798400
-127297470955409217425391029563052342749352727207724273733976957465981570638691798720769135785212900887281680831593001752878457335546076437025488787555890649531718369615642567348909766028525997879130157996010556909885459455005365347538949896395054878236889061554310228249760000
517946278003644981658293366064604969244019111158097378925473861331577834681344914816305068320172137663404330908932818966925461936908051962864421280736754539438564976438066546616605860541396251412454056915324249656001609757190458151367242598334337703754151030764093375252480000
-2078323384474564210506575994712753933532274093288675374590183062896824157687869476245463136643125291527207828924057001884907789535662929865433350194052614843144086235238783754909824423553283495366720354490876246096515842065511551660527896387865707115042389548105216531580236800
8224732766104767887541789461937032507389648412645834527788164394812351832847498606766332063719297573209591911246486437543863896026361452067815481394296065723999404542786784171928479498941915649928407573609875264916244494737933568867986957385122957054150231071479659133918822400
-32101635541174221601885045603988927898740209365683997008969111030772699755756818541715530758904401242374172510732459820005387145204931177713667567686920868769691553445060662711863708248421252409159345886793645804392484890176118266244949093875607459930739422294295608354326016000
123579170890984521750874020701312448407106446636924987141936092271707618994660009149212165948160751535336328946329502821675610223052934618258115286398454370145081521399182437123039483633027796010296601024976464424207326347203713663719395538309394539528529556635927911524372480000
-469236565322209747892252716895552315101570032919323543007363848942722989857647925217352066668652796908143049829793731575935276494687024574106081474845832485977689769034413393179291550669796262420594841433240767696276123107043921390953433797149326448488039345883106120338866240000
1757446892308608745765391446677559618962152026288694493407039521194273301151577549921433376591806869799076952502038851375593498384074844645937587955343701720454760711582388499380403451601378059959723276969423946424527642493888035634126368381410935324265619737404823226574645145600
-6492789907695693421855473955780984147832394986011010211753784897745509695921105948320851085741953157868812074521421312026498202363387620497491644390575342467235643740012713067155379418416202277073422106581482913179504901435753020537189083186879288836870206252078930253734105676800
23662133484993541985222957503066390797556704996346568142809412547361599006210807917126862717462738723978421195258941691345389656815754478429475683065999074724027293838177247083939533675053928284773282429087025149578086437672577566909530634600242974330714034852724952716287981568000
-85067592555191953722056221568784827599919158000248321668913479100568740881738804549279221683861557717358479209358799966353608441129862007742228600859585005370318246139316203619306723812265940400201367469781090160455510219637451011186043178063599862305686363698548441514687991680000
301700488945778624146576484367912775089682771723508842854100132703251662742524724132557488219396238181929705609452357160701154676236946279131252120200977160783709245734937185524557829465254261006710641975634129790537433966166383743600051458316434012367593125731130286347324887040000
-1055609059785383718485593605651708994703677041928661452411593730238643054552508459292498719653842644003361750299842597800858785207778738159855659945996266598377549338491251550316381575676642671842011481365661254839695089939958719231866451513808600101610479781661311228206212165017600
3643834809370735476041057854020131309038804926838422175359424776225757039930053596715708965449661370961742783689004650526754888946168168059929923677514812099462405994833648343747191663107049104457685420504234820850665367889014051024656081418571020355681162740743005957773961391308800
-12409538876477023256824398011147932541050259454750697482788058364020797189073854676640453615108988086409288134175241125498628540927373119007267314130143150092963535173106292895934819263909897998566083879047421890833788617936910509871160149243014831557996733297704554116990342417314000
41697170012077216323233956752537658375737616401959711588116550372918547509583711007767166218342531313457717062830496906424557657453086514401717550445078167618870736456441343897962414536523472670421516236719786406527879497999509232878047847707475001148993829083752637474362030039760000
-138236820967077014355905794608470115009988033035437323147626377396114516112586044573603268959540138685674878602416558361816115756015356670779187584272604373692989648205961202098535028934149305332833028095553138200172789579229800337812006167021064361737788474765306298107890678450180000
452188001030083033626429621474817798432671965840363865940680061171290150483837016916320026463206853656252047339460386463540716428565788931971031386776163640169068360353721976642319027980150616555400483014787154290342991690280591327242829061900014978840054744121179712921811285952588800
-1459499864944894980956942108900642526058472903489281466825873147251451989508080050981499089995116810844430969017120775165915349128674455097924929579876532128162309798139812813666468743136787156355523013599867337097107938584260760111381198039154741703230812887542103189929043804121182400
4648256417511119061204309429774521791873721324210239617090827411174713749470450006475644503166699420762494982362754201615788532358580809866358867687205013554610051561495551644442668882262024080124266136229833359921733134299122109556203872236840064792170075830353885806777546811032960000
-14607908170580997447599146599718650070599985607318706561158947841898291182111692507086822288864738346470849767931923564178992606092208669512925831379504481557895403597440553013813871534514148474433991667028788366216639394228225168550966689086314666429938633626128724130803684696799200000
45301077917545292657881265513957929796475923144960877638514382630939757670078349875263717372058806263816371260831384790022820736066563023295962109544056624104492783641687821886327464847115313902383516796153416370251585836882398840923388731428805624982397003064508884953807704609593600000
-138631491170220043223964695757451905711420531906287901771322676586767619915915518247028909494908660398687454741677724519047586587029297827965885646679460682500171428819884114732086466111763461486921597687508588611653159267673438992964777280636716693711755868703086702457766182838893574560
418656740543457019224016351079804760081161264741525564201765726714644285307319634422006959967694260981734585236073755924852304257574579079588668002773882798705005214906968170843107981420361783349331211867467336930535844556577830861950113770845388242033214772622613360893718879131895924480
-1247690249333082316016481432532586458427350642066787967717765934642052698627502307222040887336326355423091712519183145996511725792627112267752670632225223452027305145543619851371829871596487958636296000861272559245118404502074480981458768383091202753956697442034430392889929523988682577600
3669588153538537132694254886625481782168819865041488550738752002684287099266016637999256364997033518825468115152636494328355969959630323639292962232174939512866349186825371302052119207879209410243370994306734795324039666714829942365813359412522841461320384624100875139369056718372887680000
-10651205349634287674681303597658396311839635187378809268295513039702111966110148686895525136896546276419760910073827856098738530356921032376036014679717115258017707548159291515013015077791074161176651108114509230381985857878807507405653910119109755590092109282463884340393273456901581640000
30511236283411638011394028609173310686603275250384546697310815985044593621135137168904958907320733538144354488954852888247246620784951375646798800504534567595983431421239932177116640264718635855302557215925213068180963367397557714967810596449230429909759630787867513442805564112686258278400
-86259886667681790157907809273455311598733498482759572554351742062723985071836313779928236284946516277966647212352261418646595316133305952268672648056615271896336134835998170965341094412269980664252372911353463743728784948552813454091647202559230897529540771621095984312228106873675852211200
240687811850639100825677557859794092154882892916958026899071023384892988288845706446549976200802947237828008604841101897672919694669608617546325510552146419004549657658100336544987776795981210488413118282373453877575054924245008671642216610375543095722931565614558936833298150664348873728000
-662831669354299086258213587074823574098407966822091441265019810493552956029828996268819270396742491416674789321925690772888314002898726856914685488043996974211748080660002879938345244692057630446606439019817519467540678599971605912139698087167022978455729506868218947138574985227992015540000
1801622637739457015939772046569896598190421031680897246823865572223130316693975345550797242179996852657195677448171823311817122889497952021880606639602748855433997072425100659996791607605105614515800675166431502285711629514375330847199516368516432869808196993920695477573057641678281999520000
-4833291896787243086141008867520133710551258998574495972210537686715336159586111772262341744332726703878008240435731524811740861495093269971806636982420898284297976409105243400987764587395746942125847212659078108932432135515107279301617405488499107854742357781264479847079158197943670410004800
12798165250745816871566030713016633114024096961522656300890722733350498622701366649636417500862435382555886782607927000673985460343064068876178451081144512857737244062725431460561209130048961512844093263986734352458986985728194940417085705582268655842857686802131735590226360630695254313574400
-33449102909817937406962081650598496100454800409070372516556798368481139211365611282919672964996572895423799415250982225306374646208571129640003154063871489027102736156729325527652688467007860094923269296328803638118434190961249970543186463292568255130412917858054563926351447389743192593984000
86289823548350005380564747655580858815429695163605025443316089864159063089295138631067877269130879933002743802177146502013667671587453217242301332443640350806323794656783271832230612492640347936031639190687984698921764590581778230782572762541871951783454074502561356034741197789141115325440000
-219724761844784242672805417904625964910553389861854153900371630433426081405187658336638972224324379894035482640476975828441781557053622194564514046647092152777051198059032834268755096833877825440310453772025896578202544637119244144166480862046801334468598348981727386917618903349312448280320000
552266127207667116294153048649671457158847702492366966290119578372680926814068640263581662496720470602674278314790199235298646802049065247231660356855505779951301598600122678565301074538610303319784310677102363830002908515285284189201479988665128528802588006016073871749846071752006868382924800
-1370165916981076211256796507209049643786610470391781409657497675655284107542628757639539784357486381894533516327415765005219570114831649724854389173677455430099087232998113863425267817238249280696480480834332774357302955019071877159478714701816585703756986656815384921053239290627358775632902400
3355508368116921333690113895205835862334556254020689166508157573033348834798274508504995390263231955660082080801834526543394865587342815652704626547781523502283478937954564563490451797318161503746482810206529243324007236781400515492600933963632454784710987730976452867885483977046592919917312000
-8111639989712829463449809251130427847914853447587889800822525098433134434933923215840341625502722902659888263886010428035054270116191384905752272976640862039387203892494532233747171002754334322824566064526915076998539083360643006109912008635887437251526004239399667278154697136246903198482880000
19356580837402345789973181734604683103733432317289856590240744614696844724032393907685315534612198051825835408461585902457327643423987648708190741177844360598898828445783328643854303015433957894510663600695906606040924939272718891667546747656638631775039055340606182536858046701469643611683840000
-45595545964698430602666373478936886693668282749212794628032170511920920870706801591349073115405001811789497295109441056885484861552177847966366078738530117923963977939572551970189777530715084826348476166358256534052062219040153060333168123007969292769430323560478724480261343933633318151331878400
106021477122066938979210390926801342069706179956647051868642278837407816003858029997877429527862149541600491980323683011166248536204372020184768183087516398771293401990978390740372077856887671291716871916237883705477459554307899157591311344848980500834107880389763677684206308385472629057768243200
-243358485501051507021004290917831381820378045767301715417582943622306614427328131716376191367165929447560174808743540310002878533765919665274772760161011537436136800994834641110798460099838036987165634597930577757124779078018851801852875088995230077852009860585423586519475664233962161394368000000
551421386841852516863937812958660743299085004666483486361142313084146258997191455323880818903502120093930714421147059505140347748491701580228063999174380744400729850511732939740689949205689839082101464065129351116507874811702713125797461542117929682325493597111655768847443500691404539522560000000
-1233411920229225795702932329436172098267821415193188797926699721467892759208222827753609613121746521135645046867598013581003201707120319344980395145474694556886302481514734594744835281194240029290925813465036321425761884441602172398111178676190242387524655669735181399574599936485539016347167500000
2723470974635136322900870864468011097931262203969489710369149662509963934722607023755249323322495073948186586055260767410150358511184943756232859080330730989569944426541098112374452682923791159195197059404950521565577609687309772629144888832380248000929503395272642322371300331853817153646454752000
-5936490602612844236775053957902284430377892061918223782687143460259648655816273940319194394891208083402644239668148387071702362442747148234252347481996657398030202499023026003308499893256215074138125033572154366384612186140599477565208471853226371499089286582854747585491502463902439994653472216000
12774128704568537502641580136470828031599694770430100584609646352026816801352800452222870121786511523369077476652065694240337634102191072914551035122043691363961824469554486274657891054828332151224267960225901456359056049977093870877182079199785364975431700524111362772017655945147442151161035520000
-27134948488034409697776171255959356444086570772251920919042786211575893453550765426606464165864026142044290173116811986120523300356541420948547592592945418183777402028519431880561280773496048357166431777238095727886441295758706346022099705594727203128117219343932695331256726256981115334371294000000
56901584930343966851224232960380971176051410436166343884084916651371595722813649099617849609880346041996272034425536898413487658389583474359182350875479524548228167774684405046462937855872570045210392053532901947030304082912099682678786835202245591685757220053271116877779593696300590970617312000000
-117792734671777645858425605430214740501289487815768244846923537572307222608877124749528376047795591960547632404875351988815928544094232451674852553157332462263741369089563601365465214776157831249167198929873999230951636480446524086020250804086251654062676510601392565938918062875012881221197187520000
240720041425160861407574734749237402263537341266728426455038659792450628943476184848233173127565332585854804416837154170206693575390038799689648267774231936150680624734894990755444064783464687357043247107529841422327431174823046017359800410112208736197349152528263273373946082726980466471938511360000
-485630679588122252822932197026344071878459464206445195203261981152706070597268161633200785970137515584777124286605647769989109354260689712104274248592913473300417204905591791230304209544302041406520158055349432053422713178473551794645770056703964506911213542792833448634622759232111585015150179400000
967164417783856360868968467691214077465030434710546418342144548660512817568506210020108474628216916595002720217130590670139853439604077652428929097199539588742491263320241383481377279668624154375158125751890449144689785202463858609241294894561193657780405022136365607514881702152846885590783352000000
-1901493006568878092202262079997849899213655515156228606431932337952921804910921159823484871414117826762397323389852426718762613089591967483324777268259588635891873255354919016289004096138622180052394216370229062052985781401140363994094768048874939382734932095990323740700554457627665018892990726000000
3690531940535602162690941761566130259797491222028161284776826359640488379132135329914357672388425625055695694164199954828861057879489822412542923073266378421900127532855801536295529471082337342629892651651002839059976966839290697588828494677240588552269098447743356447682177075352895380444116215040000
-7071023681599678856421259483661420181229705558321803633697024405995321682029724889779353100646115766420720601324049658497059933738401275120469925127791493833241674616016251604113488157993562640837111005020710032401022013471725585532114607018320434612508839102521488017119867894321558545197733655120000
13374380101713576558354156341472863680212286466130933754276769621907866892749345231180161181659693763900681099621980731697691740290333662141015949110302271801947613651757492040467463937496414302596355163406865599214594860354218985684841386701318573826006143357579499135445081185221783899336061235200000
-24972482724696992173828249160650332376556254468087320961109429755333054549672242397707961079341810446630808850037405410776187538164803682231914269077945056442570958228199476478709860238494955488915039613334636326900141681473129917042533176761262604348342979878087630217858008113039015149235197312000000
46030404949456363018820200935322424244373433946114000969053231562464008813324190010151709636066254762781894613237484303317575559221579630868398479765387144880611527282972400334209901171034415950646639428735091990452935301534337681510726932561401535103172837755012874606148946240535911959396289536000000
-83756956811589790827075111802607777128967625667678165409123266438025873258953038728715113459140071101257076259007074519902982235875946866869548199057820508121389124357657192823406346038801147593252146386914865562975376666988062466344753108937984956469243783893492089836733765738269590217923015798240000
150448439080586417200239187757484619278437603530544027148344762330992291891669437931326773935799406653672427333373910065467852321834434405860199110058440763266615322841990661539579850029029219987755202704052170149516969351655973226852419936800022288502664649128634884876065500110917336276156959973120000
-266773412955458925178588184766682437828176916512351350645786862991972791330688012806137368338281015366959449771774702731174597438031842785270001649204610017441118574559909163437908433957115964579407810682369674359275146546047307898068600989293735307519281648944113954305631819189573983771557945297600000
466963030078006985833102588993620497788622433753605236375696966228899857947465884327293576376309941714998200281302533053806269220392746198674107444017485332566411215541536878405090953848625820910220178362541779569081257040753437727046530817683626841863417690983143123796001707589194854487429579264000000
-806871267690385861556180506542944125722402506509248714755392938841467600890715834426257593431875380174130103761395382337480051288455102453913622935508108852074449425161322952367759367362094935408779232879094337705087613470058929039479605025657883366417215938667510121174853595552661285032339141152000000
1376271684651602932937409162547151876184297513143572185114804675557597981667556018190719824172080448542243007805192916705382050330981877711645020751837771207176850144868253047150698460108300339306829703941577587198628741649621214340326195434351632329650316312611984277323885223274696759795935204126720000
-2317278914075711838948235702944955815322338332122711359936261365698167941470888448699633403469591399684625004863086156749644610588517688969407199740019267988843789936728483504086954164118828846470202905408803706332703390391051199563402356920358101542816109459332621355829245770624771580175279690562560000
3851433098186778679692358509049788058707487532613924697955005039941553365325576369029861612414833351276385049633938210664229269676206685267712797351832578374809623163537645713163912738147637971972636407881668209971252172395098946642774000421647814198586331511356157378109549757271088498906282034176000000
-6318757426712683771370275678909808533816971733194720207582430143654110989987273730439616707868085966937819222055679876871001145562526593017341308155350323896172038002678949998159544336023468547767606606680861906984085595335709209335801094441765945169555700135818695698460980070522879568518118962320000000
10232960689365770747499986135190981681964718275295809206350488635086885312860150331865309178942577954682868864182298754485628990236321513389868003246115632357007822321784939136710755111876331509882902600984048359808036426129705815889890748386458847802208815006810915915728296106854103832450561906560000000
-16357837912221516633791617836492732621814608610664464031956335504686329995560716152101298796143584333990571925625428580190475308568330337300293157381058667410500712325555383747354157319559238477134254655387444601280977780771084453755889516488683472401134087976247548771591973371834986556740851032360048640
25810700642499587713400694368185736170367876903048095117358699065885600104739602089618988757750534618074868239910042765981091879083833306937152460896434659925129042568511763107839273516654414668576085884077317708038593660908429443643203521453739569601306922390800405204463657544282985089641347271072645120
-40199158274225587723511836679349493511121108356890461192717972586158592818708590713557666967203902532134902419820842462984377240816114468736127868243919596244250566188565380608793829477902256279848793373089366148802549540692684147825822692891504663193141552643331350414894779059859357525368125658941798400
61797515570994669999430778941211238442942665286413182230052781678795255875906908813043078779122686015436491713827288324417858746368567915818634601934129392279745906246853308939450902539105157367512713335812051883987734143701043917981236278968958409883065331126932226418560612718370241380059422344355840000
-93768122509011427091795480855787583931040150239984587513896660624996961737555877990501985723303631689954809401415071237247154911312825019890160535171705136686111445226350222766595374825789279716317224356479775483278741064686686903449332926051029909149403472937081908996096380135771251153483740956600320000
140430831871089101359591097388081785060213979099894795393361205664047737360248237173810770898549801899185838658168478237109987449185515597646803438018628727889892764043412381297994986267353528887256233398407173481947203688480558514502265861907781571281899389596382693205318721770733525910509198451634995200
-207579894651001198059199041401300762392244091756349312044389039250080817585744132686440594623645247793271327946971969486443417574538398017743511801928384716138879115771140863242808049082600988828966874664366121165720694929720720595937774671029549013592398675054479685041486214204349805534801598840411939850
302841809089773886735369492792159479539684789802144161283249221368041720276799113168487270025805933130851718587264288327055484829180154627469981335581449397373804169566641941317461030592430336319387849061428930574707356105737992045671606947878201682837946620361393245175515323483037551837779255768627754000
-436059629712898536358264062205764757473725868015541541046106328075535705184931960243279586497556782358729688239834530898182695502865992432393791856090439539259844069348518671738057395546113298247276732066772667672207597890067571774794110448882071995246724863718192049513960491845918727178233771545341732500
619679080235404834065690680251504044371063930862472891352890148369652624496790356525265819257898554712854365923688468589644757783831626341217861839528173706393202478240568684716172021923046592855151180132396727297687957717749608415908721707652392766400020688548587702867679756811731196977484965547238960000
-869099910030155279777131179052734422230417163034618230122428433088437805856748475026685311509202722984778248207973077196976772791823855943558051229938263623216466475732397580314431260747072846479349530135686410035007360699143825803311982194982480854876029015689394253271920858928453003760922664180002641400
1202943179297474802478327455711516613133418086466846988179614687086839944196666229405265698559617538567971278563634789605973869335380979862394878735902570433578987258904835558090560836061126591636131420522799140197307350532154152865381896584027071752389880122595405313376240424342654641279632949607376419200
-1643172997011067607575030212178636956332016591072255519006199684381701931233617053204719104735192274690079641840790397520601070133325528477324395499561571538729295209067244130650332684477471226396507526445432395848151677097014074695858830097332591091178210909841474552892068984739948319439204934443442252000
2215001666083244570982605169708049990724128250395077340891700885826741575969328081088464620357520387631786288731010953820654394009328923003451353010439950415231093196279111202154679401186650336844689987794707406336388589867217862404283382993469484788582405199346804020755779498578160466459128628251189920000
-2946502661093547031529933900068044633694991139791075607008899567086413735836264841338883441620850374462032285742628250711293773412920575620107112196638531950862608234427014992042108461349545349516209579293082928197681292073567631960059763651766763418328749616147845517337158296769929283270563482998343822500
3867859043221752076248564281151621595052176051698120523410585940794502866846995203047114719578162633241836728072601533123102957754313568429532987265716289488904502349340262727325165203290088835881840709968722771847277354624560464002935553613021962534072160265076155089643411896467627782826822700131282690400
-5010188321674532803499486433099519108645444791484649221721838900328432518162808120087020258260745941326729346458790043463900664071684401142970022073954082770741200093618676857758117564265172028874983698778384139975670068734875349189624233920717704959795857662601402600925541728573513047365972934240664430200
6403910278878696980668451006242592562383718798132688592676204752457276312684917391215044199423742375032495589071595179627019996215571583724661987282451654842541460148557755548246148388332596547448954461876115008410597100017139275598739780258606478922927780586292973740637901531899991708061376282007172816000
-8076662572569430357455051715310832691907011128993784753948178986151458771226376167899515187190906981542640523168445775040565916089156158271587576826421295860876840158681001981759263641082482989678429771790040627601831397653327039431274267580834649883512655998125264901644078723924603877182275708755008765000
10050818967879549271404658543418552289780994432686562229979210090310617037235426834441419322233893836098888818980835051351596572905243622117437820346119938221973683373763586275113088160088935037583273366732764589133507188898533647223053651098229689372874167677605116759901687385911785767644305123228963520000
-12340723662495618322827977799216065801179794659469705056834144252038587385266197812400781922000460951651240593939033808112895166586768880275853797823879966396579457134460971795598044007152270044979989242563553163357353840481740030580086546723613734788430642999379374431578053994863896190343952088821691299200
14949816897984915387118360709149588679339387688943515468150217804977724193466361936434318242351506787033231752856959461883526329718980593134382166430126943401790296187943025540376176512143396214128071280788581280722989290450558230969746325470874126940770107247569943007701914568361693281171562607239664921600
-17867884396684636449853225639415986956241692209056422405806431247366393568977928393020174505027194902187142054314130628474410895672048807146244364546171807016426618463706504560550435338536437746462406777191423817959698421389633050031085353992242169587175561383087859678525651434193646307142022917727716407500
21068707225115671097332601660989372374706757253309160206393070858572618267275561823969366763297372673780757070846593938337173845236882947201920792662152697615741137417522409005637701532968135211248189397141814932741594510482106997769080235999922739649277305939241920709372650217189787028829596184168735900000
-24508410252158171771849167521700474953384107187426726094956125223662987787521666588160220410504681225948303815710021690244557560686140689807466415173474632916984399196607231947484647397020434658265465989405217693019362690925646683842600621378086906891554357712075958512862188467923646312919909472428049075000
28124798351382410301463248320043028341877505562362195007268394993856115466476433893380450487341993461324926920232443270957800771525104576849602186769121620404199326940540324196105886144833340844732696865117916195318907395296414172702099204306458104167625168656989090691970012085954191360270299816928209070080
-31837924493735026616336907850008801499227091697636777489783862443619964359124426642615474517892277385927751826197283666568263415392306539795627827290244495540791332704048700068299712244373732948222992133607872128635467094867093091716815278893073956320715463778593523651027227108381744690849989026900470656640
35552051644400644873356179079471309575959249001727105726970002660915150025280935171047372658225838032898770692548883271664804825174481934205963745679314840255118682454911345408540699671544545595586361949295865761074519682104713160582005931206695989489748347255273665842380492625293538103090448980500623308800
-39159054865555676399312208790176430149235690068733759575181427934765309066586092935606433382478578522727962517509752193215497525270143556871831994344905488545067256404615810231121927689304764813212166307823230848706957299559594583543078190750608096181807722945307836095862525680970348727104891950017022400000
42543170718134562014067584858463282137441243531463837563160069855053669109377483683127977008124875432099514833837755469172392373132995469194089080275946703604517513130940633337515180699491596340279884383807954502298916572361041029034455318346339660049371353323297402178221015554634452938089265328413555200000
-45586852408925592094895455821105125881177314130545223594942784546596985819001186565508905873412789032847552827498418357266626414215941535351099866644158247743774384701749893699634092032953947920287918459175031247240174519483146630206065776007112863534281097210929738004976649180220481592805371058350693352000
48177349068781079382667848651354219735470479218420965015017356477810884773799863432816038010214541599182667245210775130471820785115334016058289303222118735296190332627393588346741628297082623650310738460521498049919556278439098035706687819002311954461173098112456336381749109317144397208196737681605459136000
-50213515134625015902525333678732137502822678311186832720558744425121412208596168208703753715565518339724553274725807261822303528171174235714894986388578433869331720233156249309889842832398939455460056804239278279105457750344859925174146419672132014807030987337796683278020156503087286386517109334790358640000
51612288402681158574784121020779752016286417342917255422797086254991255391022944061487757443161401312616279708517130364884216639476720437064392803999397878311920328754178756673077849167339843124192734034948337323926647629616912048350406838235087308605611143573367415842957450877575514931364961985290643200000
-52314265693617248028222652323594116576416676713890031523754341804754762224537526605073505185612651774329482183723479452494288867872697950447893583928818373656447414161877304779484891427513566193861939416275682171729012394168709218022103876292316662621931757346676085441991922257419548107814418483230831600000
52287858985172331965813823407062662482484598120534913132957494430005670870259828376808709695152693402858290940023477449939013203439545834523383105173003272969221629686892546767838737157910266025022932466247152741516135945930347665816023159038663415676194617278332426229888239046430884500890190829702823424000
-51531629619684302371266929266877871909390812610527176785993233146927076456846979619292881249148418911494637971882642032274605987687320998073664754478352399186608920166627571917890656248601646475074253690908867474593381913654495530153394724920335639003191802565629271305075805837081677493645911210264972672000
50074562453830100666466814196128456914951506529721075039771010708883720812514808346929090011798606874868346383584681958786187318705983715788902705489289975972710339692564810260024622444585654601427032808706500657607282938592259493662393786286390080562049701676030628941206855724848152418888401380004715520000
-47974236899517854811207385586604791530992253404517327691399056785077219260784254982744021722940493529506813577492727043004248351670657262432064446996846401676690624320863023815018043771207067936226841750384139597279643358353032174284844259105516827641098567029390600029091951077534944444046185566913516575000
45313054208272943694957294981574439892924137481298870307097481970536412076540610230704977019903133984934729104072583553459838172035713295084358425960982494647702613371777663374709874606661596189617737958169849553408083059993941669340438858638139048849402949627214301254714453090894226569388722441094736600000
-42192865184252627203429379461499557830856079453305983767877487700722186602875370351442045724751421156079116544718429791770350385421458649521534173348140049623863780624619941036981635797539392818225629509706572516977807090904465852370754180512414159052888175771195299844892201035610416033558400304871435534000
38728487205413117550196133805498726173247615684115297484790937329527687678089498077217880399304194135871300182896684154116340085238000707478771013875653685917309478400000694098115381104039181457175065605395218155190077934386961913216352912021219963803720930626037343280591643959045434246837275645033088192000
-35040687106652220789663641659143357461943930755665634083132351992475293980181721818903328291005841347013879862656744922467923811640147830015596146854913018391007221232502035398281936987135281637194718006757999913001249791802896612815203900800771886231446462670595454674672105146610058465146622603162854060000
31249228353100141220709017058137141344528501655858087402353118481798372807169712197640494518974096536096898534461675631214623897997294294237487227611412371582843281314405011474711005320214296755275281140111037674747238570751316435568638081344070351546081389207338326711934866684812473949511647503152606400000
-27466537388010516786534848361306088196675735298955371306156849812782495456512385404129544288144049194049813415228109615556812224102786332270172348828287196379556580722144614937852505983532796142678154172539866088939469155626009574245177252000937766879661731017736992633692299813101694703205243136621465200000
23792444176475550674359586427678232147293348230697520373953783008179208704323236556218346068571686348109751617277286012745012728546560699475491782178357966238167116129366844613330345430194039694566503581071476762408652029045804145301906830966259036121303302855973403650655102891248010956695478869417667712000
-20310311784276112372025389742573708192482096811296562743438701750031359073941378649438901085494454631964169246610437052036588488474512810398448421115617322964426966725983089951205447929151100379790363658910232851201039892353255449228057861674345006489917799608596817695893981813197503692066802308714796626000
17084709433201686199869445508949984104594447090412599117586092914014747285270780711586872774248529443613932343621336023094183879703985427014985691332843648198715334388417794945860901227119813717199435244602470015067818023247191945637314710927869032429252125417563784568868635292762130553020176300679498800000
-14160623821345999197574327020024588757473472795029721161771140589793877234497948451380025342873778317386643508763664226609695559497453350698594903501576018261186908108412816956331827787286089462799698562890914885129799846866239844586218518285728121840852919816222043637579116939819789867067362693251593500000
11564063309681420894805499570228019552416900278738827111314050538357192751045583612469132227072726338584177685795657742713399776375992150286943286035313496954315206621615003639197258230827203493250415461566871891070082294605322519586477126463959449215970626390563181193637388502839601554958602426247048000000
-9303802891008022284133015759784896308566170358702219247812656504798955221227329597725304393667878238339352467230864238801495160084546840112525293317011277788500108847383564427895936347066299752697437035073284741783262098556408870230413580556987108425324634292380993189445440712245696766588860478690249984800
7373952583277271378671577528709769584502594464936247499993722346294228281430581160842139246812982202610039866744449832340236470407072101795788305454773632028748201632574905292859365759871710606303435487627536459177851069780009140666278941652256931841874938899871903830506266008818213854319631055438565478400
-5757009491823364200235841387787587641600228486423682110840017978025969527424943330969743926465049753704309994205720695493471096391995625283640040896311087985253011899121706628854558340990144661657779526079105451249494379892170857211771326261446371121888349462363261614087086872921153869313071019938851968000
4427070005366897717398625428637755421548825617766362306803311976479794449740232430006469095714281961588997653725929713882506719442264823111296135316576401134516906186517579845081983453407663879500258520855088769709007866553249273155693402978554540417664035901086454159772444239979015817332754022020531200000
-3352924936002913693882898952850614776883515316225772560380066386445531649505151580607717185512570738156798744559805644734443092255912848035285560933313842241692367281779399304198658975224664754131985745435965939428698359631033331630739789156401142090693806968758052566708715911626247122820414779510940100000
2500826054927451370452792915287149214504550676710658460945020437056025455192318594666872875029338436939224123542462293515233534136890696566302105453341011879576277468196526109352536999053890237040512754220145775235913001716093702573149685899787550043759194869339518616377506528484552866108805794803408416000
-1836786174927651897775961458873116247267305990104469587921012116255009169869935993752668292477174295395160628907532992779733818650907598305718897628504222841579086359095643663959396247553645961723986326263211642961034696772832160782852998295378798530046681925211315239909118891061858198352139144410427688000
1328346674055626620467161805820662324414472050478208226216683315939070176005420082273359619892457214125711131856438251736004170646328999782679922995032815508727206933081083853785954739395182004595347515603353940988489267069531136446638801088743847762925673906592146831820025078406946013216923299801745920000
-945808484768587663175223943478628739064086636126987841961185218577168315043494892236824037839813022096065508530560820896318958786328768450846637277570959726945724324242724414993804951008259914197090022995325328302280185783980019936838187505683960165571920265019043659926669694731375110291966228338557600000
662970331988479751165063081546461225249852749580618576332235777892279312001665526624419090756726531381588717702300715544965336283149650871673565837321238703040640939798672611794025803679065149478774217478148883784365562511391949962115040828860360553004236230215378494900264443491181212823710641177228800000
-457449529072051028303893526267058245422398397210626817669242686745672725281149213370849172622141306653296215214587493726026082035373259101454760427751654705098042248461084102137877804538554953140354210059922729811212238132860445473859378171913648781572922998848611161481182466008915036848360342412287872000
310676530078110109978455123018067658784612503137598395374915619223847457928145175586525578221929241337886516733861553208457328571247181520624893280447376415343929438456092187851996125190275098085044482071279290700457082727342944575499372766582890594224234302254604170504605140840082411684071651165500416000
-207657055694570125593238233267284806652909398798568371908580752432606373788777591320854770165699232491469286358570656224402901909600980703889902626687916527617036169801381063060796021177527626324205079162226609235548570920185822329109823810997244581208906608277817023687973922262902306420777058504718160000
136588315374844072035320068100560717581209174928597269399391069488890921893137910815828286391385627512277157192033123611555930948102840659378633294856223305735914531964202918307196109021015629845479440447630196277789401852593926557256244795605369461902254201200609672513275010979201835537311533750921600000
-88402269554697196324291852668476216793883129941565353079063474352860120073500035527713603386481105201437606311566490699665489691176990658819107534227150977817821352065313814210891976398211594662355263228575456560860228613935415588849372683901633346914363131782369518358651651949529460943065245073304800000
56292355752521921416518583209926946655628235648554953579718282323115281700418505868309965395529575722324350891307806987832343669915111895054940694810867295363479206942754225619561588679713795889607003797775879539847746885793855364735286103901645768621185387941922253947826112136851292116166635875149312000
-35263336498432780707894237056667203714844506334362061481254183165336386558707326526001374633337621676800143419563944585301600240187870477200886329139001982122974231211846109148978890168664247258878654347883698454335203802946873844639143883766219834206867985618601413547492056486304867767010210442018656000
21728804107742715933413718502013486590802693152720186755955965544463862270648107340007414914033033806958621147980370475593100606757286269624325861539939722089527852766347670675444803702332495997271007545313005486097342191468423692743044405684247351790636444481523346106148017570400714626807632980423680000
-13168483839078876883620700708001033639070280545315223343012156841031484111157284703258914036297164638062765486471826713705185422700054280229488651798536508328949749384771340110603168336868073031058440107338589664327712671612498971656159530896316393284375168110934676892876876476425060281475275772371200000
7848215012356951339293327075587373238690012622834658320053864330095787662989426230906207864244164669856139397446402320464540300467889387755211011628007214523581179436990715844261170323546102074347070838826965005868133352737835100215237303385381399749518825439922625408547447495034709328238839290521600000
-4599253268325471610543488910926979303520986010582861436797972115085137908870434362211431911381133571029268252942980047351138661042749748728539624968604345081499833953460701827131529003375762103315364980148118584347078265277780727820470462293489769702821046834221844024819568132124393282014497138524518500
2649901185294655511638530775748613729403188026865842895350608093170431841440008804415410270813318366910895639994942202144218321141933473884336724751662957063678362420289544415069192009708875540315278269246547530745211541551530810543819357395987040573335661614833730612722005035548577560064796208498788000
-1500862689580153590920226069652379742864879989947307434410945375095806584319321371082278540117203436372461965768131831535427075624590517860592513416162639882378301696804748039957354083273732843109975660289953162908573625415817742845432195546847526693309833034326519330196556322215483750769695973767325000
835530916723205633722615285542947938402478982987852042965883957342296450816802473257279736314995596473776140591907300708121467207355742673113067116628417068777921407762173184452291550350702139652708128608924457262409839681686726648033642777759820858509475818168335196329074286097588362245434559484000000
-457123982054601710501361870280713010081062104004165774878635243503659046446439342769636365414753296870507402478804793491555595813519874723221524764796904792629956944558802893067448374974202446146490492592557902320073010235085293510674022687615071934220914539179069457121320334871235257666914752465750000
245749852752553879565532141462911314219578987112639520574754306907567103369605790672956510046971372397584779572605456981060288309348284651203891713554816016517864853394812435313060246386131235048353288817759128287271250302381853791338354596861862671837163656262667740148421812026776074521733370925587200
-129800486323902921841732994248349587875791592491190807034727346810591894815819957919427413324425496318958433058725037795154664869478031374214573878928191571523178401667460258491362215461559567700790537479838092778702596006846330299119235373796971445653162590961198466801077962799682161458169853119857600
67346846797876479755532610619181280432332833482135491534445035500674637604220475879974870159069350090020610555584220341302928176253786911328307183298600645176761568185531475475322650672944896296045591180890285959491064411523856063323655683100524420922644563649966715653600102648732956613259858888512000
-34320074320471241100880013544733544948158161024483922547738967423822194811973784113991134894324222176953635984067378794355415649753809743210648807669781569488176243454154550332155007465275542268652397535807461404382599702202887127005125509610966792246839569100511462538189931845969515414206311008725000
17175098029316859489033439950583666658214828635861135028001629580414081989033692758628170424845986889267694810515070763690691650260662467736203699280833769607039206543034928376420879744080760281301568441899267092438139528172559288029615751929553950928269378322784387642101165253762222364508157303800000
-8439139765387656881530673446425908349076375256898929974410828257285372939864130999278556209945674127252755570393488718956154449162514122920996544947824923580377051450057447038511522995647542717099776177755627941682942222341464416374441774747460995043349551558070429736833712135569905936661772168678000
4070715476503563228476675370768032460747786891107188244792065166811341527787621462471802362001159046349098916440659466592992491208920568159553357557914326825930453491960058424907192954372279711880039169430996663612600565587222747844182682814631289108815519215239967422095344319060599930091011724704000
-1927259826728647545707425825804995046125374318772940725744610254845132254568850940077396993948962883162720704696398372987328650327855275161546414248800253532907358791895917848234339747458969160658838765212263761890546165219636550082093494181680340235733940614088562381351117209411538388661266574010000
895421784604964618265532005388030776509656367206683315661267757213260231000254312265305784417305302965518407650519385839056823173543848139336374772053035576255418706620834235506075298623723643978603587224484205039281970548166861097398811606563059716879155014815200190165025914462953564229350556800000
-408179604974329177566935880364996316449546014930272389215483248391533602200293418028860796864115122196076478040193824877851093879703694193317012677787057784066449204774187702841536512253148360171070388155963778540487343112749913831492898334724723688393772365165453900018484553302239033326357738400000
182526935139512011111776433238912676718235840617160076457026610267593872067895075877570507728480760011476070162344280754467180176066386183091298411424065117715221090598243133699261914287476028574960983374639218198046930958077448658673554110312546523309004877464585774279595712389570627297393065216000
-80051163367724792784309333713845338739636578589829992786429621547082052399533100304051060703304526913692377603707415435408991390816104902595304158206134284416044340444221338921233304653094889126559339301910710836875511023661500101304773283941903309316528118781037728900099405714505478222220652973000
34425757195006373918812949471988010320103641824153570496255340069556722690110827944684322348082602598109833864567533128453848669332815851533029744796446199674907814520650619384806017480625473368094798153592257722380226632229108867276502630011029045135725711428874804563576812115070552319499658280000
-14513817752332568885890074851355891924895766153674212413362088638792405276156192254785550102372103166362873744677140446167672885739426801312002185306194033886610543104120453438860525121269615251341741825109161909583379571280023708836987055551987097431481993723712010799732827592892170726416276050000
5997443264701569175809015537118443067232708931402276338404111217958195123207292468698116125524894798724690425485577444571579171761417843046130470286723421143284181924352138363785632016418683174143251762434923823864180864080070360380181527258314522870721773374332245358617768003509048854918214400000
-2428497593230240065315261317274889286627126923615996134293754688593470203479326584492129046018121112746574689676076077880199389714361659300573712661342877338200599236133211459086865476267665576976396814427477069820574758362664476635258798524519416099097019808642889904771099502389749721884660016000
963370946074805976323409448175162692215719771351800119389258058285012973281055174013406563709667879436657728135964063952475790961069087987004447997888083572178750110201604545753467296370644195825347496632387597945351970259569379161094399414685388204600470667891394342388535339790975096284823808000
-374306561372469799203321897099280706437394283788879966704668380516760837272644167291125998493432652619600137265644872664411804659773816760451225498991347405506508829709243173812167173519749029438826621733686043471722241787610978044320773754320795004942276166190660509984670398727821066744159040000
142406324635413375484200359664457874016249761089259299354018790741359595715420895442806991071458707946971943187024662346973390139920237640760200710034532464113348479101273486896043338122244698702767380843014282363592444835174692324318930320218606060580338814598457823074686967565021980190809600000
-53037739535361797742995896865633888939276092824558250240245319804150397697790571971765418110231879016925487189711820102235652917427533747475192045475188862990701118167171667015695291720707904660687084031014809243261643297226999516712650554379010824330358239046425700009892836681087866185687800000
19331983129612570748012047801879106387242629792905987216322646119582111772492721482235420283926064602144888353190149996348595388949179786603349982784251994387637700571851086761679685242690121703837416119315660442845310924653611821323769222022087843753398545203025688462333046221989632317579328000
-6894152458756970521441397614400954667634648616296362326058862063411065337156535118455985817949609710142100625336187926376679666380494943277897865072405279130537408120168051447729549952104725900480560713538236253185830292577739395634465563465109060721740152447064517002926799612043531128123344000
2404757146623531147177857965806875698998042022477117305969422606808998863544871853226514665464239449094072920330871387585816226261996923964751059580604620281561769809956549434050952154642912804027801492983131847567913297911825981584827991807378024485819883918782729813576440163989637879072000000
-820191685999512435874797061019066263270528849075318158963097839660504178711858666084697353159271456308880647825560201679813542292176831024277005846023862471346189242306243182499955234736470416917429157316589550830630357133108503182069297476580041133131773560454821103760196698487184507490000000
273448854977120064662882562982752545700689119984651355893412016920499451475202639652937086863750669516596951970019529148478816474419066791190882286642449628791438927033209277058137307347054545448583864010246783525014060167496737278162494822940388915807054627982934256545464056388433497920000000
-89086288598219466617395756784315684460153486444632252753879021904328266195296833844155642446085105875411165356502117459482784381041555400568464662674396099881122743991578359494801647338070202892306395337019909254692131650813283983952546986846759030538316270597313659138554490011477489538688000
28351191981875056591544328633691685589513866742324667543072610537454263041575947121871205826463298440460069084648136146227717388753965504707659535995143889125405317703767049935245517397026456887537837747858187856088579620011909306278451167281821803957324245238102563676467272541375552226304000
-8810552098899947169239204335939907941827797641022173002857138338913000374611649695955342687467469221735496514272150070300379794469681703244192523514115891745010102645463828913970724491319922863302592672401855657595321848112720879376386252229036581235285140616066787305997968824296759091505000
2672671069813721344343040421627077660530866557236139761237148433988808305662675717701867068881624413819240730922222894472745598078421048099499052145780647529162274635046687903346414671266867435200009654333075009486499096041705247938972308053652487145340852709574144405032728146108366921000000
-791099205150183263316068166550266459686484034022472247466959900267698190829148954616452449695378837353547004629081791827680044603425515793312253353469960410476046578551715618108051321469739807956477689266947168173918022993671779834979570227537837991015738210254346918317525177340464539250000
228393997065536741539312233063002538141107201697073043061597849722990922238664991587105780041393879137246214770279800943132797007348017985509803816803420270380959958056144582814864822696726944437123461585309309794404549483052997718832744956625563955287574838658156383860859639375960815680000
-64287172210886347848534633332727003717236753614913573610784466080421152387797439124533080509221088328990848847211457983874954769308845518219694732016383752882369528655921330188381145215726709766013644466708267645308306193259607275154024987672829685148447617247288952479709363680869288740000
17634344251367893987279388471562240974465055876290740087666634765055225913717631929584982970461668965480467290433919223503271259366783884667282817686233520865347226904965984067241052003089908696183077235255835956970854102553616508088605744800211267195425061781302495733121792672231169600000
-4711838885241515008851024142572398974521361993099282125262506690875099180856249067044082127769575338807142429706544457171042759878089901457750226987805209903200709913552636656024077165552057701856913641282545038750873090274559137663417993591673440631591798326368589981435939811964018000000
1225770549145161158097447548142607465939527353951573397908158101905326039802207607947284592607586238154001531515126531917278122090863651089574488174728106374364828035021398047836184225810083647922180930974473894982497598332767582247026935616123611063663455546484633769893034582409584000000
-310311002676725250277925591103478459490817538239175706882474993560276558949619054082889353386283154996872193267590944333904150522215629078687109433060605262627589837970810559810627841547862919789188535218684521762968855738424163626101132180782403976757209205436839115404479719245957110000
76405640333413339606955719855805409781549812900596757870526297322474154001084830590708738971148578337640402832777973018825180761019752042087706259835703391373562992309814759272898659307309070450621785576362588794823126303009910624030916962093183591333594194213191224247043417646920080000
-18287467637263128390251870770713170216097721998925683820770560388261971858643094773340096439593382066787424337246124383683738244935933906169537764718314740624765752371702175792821239043174422290862247066654044424388963680091464292319600367174786356812812352351093852053573737023409300000
4252350768433715470841528131917609873500096396322981522728486747993434098678933769362600876603307504241260703907757144063245071487504761249115020308032721298202328716685674675318494974408732698829157465885602236969832412464255370509547429594483178689559535824340441431000457637208000000
-960033272975468926452742958353848147461118701720877206024160911217905402380320506603546371376001821748345847693460477677543849047561661659557855350155346517578842069966026042769609197028502152669337846252234178499566756385425000740038131426305513556188823776668696598580460461461500000
210302953938946032273198352385803748061589703066407058589672449112278861047605732142750214315910956396349973496610625487269203907705307066035176960322264085336993259297342871324363106069279841047115449090074702685917479589808543603657517939915932502336758364408326076434394131036160000
-44669517964292987669602800325728403681779179890027173385678507827881322474450759179563975095782304953457447190861642083887774036145742646465248962734400698886899199787895254544716947781280564642969153102211886854806130720302356677975360252205410937091192523981830614924212548974080000
9193319706659056182772086993215417369339135835528909162968083785527179346433450723203182068729335679304475021202063409523933626962558086852056970108899667924959319752321692610232118380098577106542515899541265460544112314790230286908930842096488883102316126519436217105325392998400000
-1831888973034282188475490072010264338017017519211865059093615171258055696652784349639929909946989627437021934421798803062997318965505597041165209552137416846017155330786277728372472490008861820800225894591217571868966142003000681505770755360746636567491734656537883378036431726000000
353136520473585232798706409398619416310622541287689089174500855716258296617550426402192112839128559139305320427313070429840803373995423881555690838966392119434039799373375767028155330217555725004695392081655384628613356947251870125538669565506112004344291326185958996384429168000000
-65801018997521444145085476971142313299252523051188173672405714597998779316414125837060033648015561834072603497299701341086990893113581211063580114033555124723469110607855678897890535562597728189516250961365574919585815356957253141215236829411946027164488878302977560546168032480000
11840655317315415672550163785654367636066916768490701793202205296119860841674683188383569673237258051789148897647641348261365366719488956311148220838144835689590187019386443392179312739768096219861367643442742784550399043607044745400127765643050248115096959029708794760336599040000
-2055669325922815220928847879453883270150506383418524616875382863909698062790743609094369734937023967324505016952715511850931487277689054915129899451066811751664963024199035311142241795098627815948154104764365066762222056181778601631966625979696223631093222053768887979225104000000
343968417134336754689702208983651162080542436199377937603654975395623995728917128849606677467198915821392210068779457308610606155615300896464605216891053465336201217599160074775146727065500762280135899481160784266576554621335637041825809520713352975525233484117184139585280000000
-55410794870370972099738767730193969195293422137325796191077508368766589663413949958307266889018796435438750532470241582079290146304438038691676551747305525854475550031183862599076190346928198378980684484893734106485526504064713814117225013084689171820112714816069305794240000000
8583600038799368933125044026556767466313044677969814358943519589725947656731089677452554680251629948797139495817470169770775157668237356336778538689872380979298811604475088091436627417013218655912641641379022960182618377703436271834521811093595512312386384921267582274998927360
-1277012078542801654951470200108706499822899705124908792239553018409813950486822439352220904465627353391312775969958480087063673404510216131673431164158596856167892035967381506247075772847152472766315298516898129254760442636914151662909526742386221214820215836132165699907002880
182213376248675622585227614759862996407548114881080921603741215468701158214528766613872186130648373848938802754334146980318241151654252004519395647680180288632755106202242307669023891488297617992815500382910553520298755191949700593994224981077701005681838169245968946479001600
-24899332124348363224549768890752813505062686816250279907568707707135789270587848661402637343585772370598038435222797652576311262884922527282559279002236220539420393106287485353417397898358185600275206775960419343550244919814800146256664446372876684134947861583715067327360000
3253323670190057720277288953304758417603723910077103705106825392802364875142840440244809613302732338617692618070477554065706934523041652397568051937218269067215084396647221372121732122140519958409960114251677099433664459695241394483086850756581683557234365301015478753280000
-405741731138869456263668260111256193508486592081568979399368549161896045958777101720005376218621237438822897221822924315576981882447763975261793956629943266145958828941965441070223502684408752984798972974781529665518443591770098845193290133485315368298017207105178371660800
48210148584559353969976440988963611614926714063852562028921740246652909532842757010950962924055215266805941894048689376589247687109203112718398345037256986755984719598177333633546303582234086093935786374226078793001302795315895212087915268028979680991479810611322025574400
-5446289160223547532928521899777042415723711530266505064600578986089150610241720685600220825930280308059647159640584443772605932690957027721024620473254443591680656386721535490728124328781618577194508363114476774914520411863590174140438058122431745574028567459277730816000
583654299904656567415664189301822950426935525198136599305476904616715960930948122747005374524497449997598002232955350817752968947241064263676942605372999020112073287017176052152827508868743014360297441990603077951695497784398540705081405379303335904012769058755911680000
-59186352176068316328711118046265723861585604575519046830341228262897093124731901580376324905495947060913648324852032882879368385607202378572328849135623198430283147927299218125008339708891562864376679484629230581405319406264318706346857738150517997047952851939406652500
5663681695161767575013921392263336328235656706352924002304334502822954082517775625002919834437878314130539300655768152543504544992090123377769690646919746645539795380002105649418912399601402784066917333850436880193307812166996772007581920444776166437025894767472045600
-509859073916110422317791938269672542689903510176862262362130786641012397036235365098151384864796785332713117397083265524349824572330162050431050905038622256682228217079440005608579237132900316402383702911057410091766474835538723878075225502199943088538137443395141800
43030391431468700052059438867380171728464370922123663750558080398095712053482463092099389758167787503458618298173403549651675464176520163167601328977880504807158788960893921111127413265494595005148795844238565147393173767076026880187961796819150028638249953491808000
-3391404468689393971979522545976363970388921252198674609418984641854910348566328944280471220909905401268310302023510954382885597449612151503770258318648050998624581723755223549151920756689694506164911671616873309290440049064440023736782380694409708057397410047430000
248504125328460691915259256744179087526994659329365415700647641166045994573809684935877141292015193458033086146910801952124526698351844990938499112728369423098904726726613746360363051725638428799416740669754305439512025852502369024745032329548541464439320931040000
-16843057383373446896478682957105471487940749132323655953043895679032006298891545312320561798681029778822242505512843243421773476221625049385831606529367260898925764811470487253313495728071049063071579089838902924233592863336271678343829969002734477034220640881600
1049709582935630994235051387780698270792966148395024848873321328548458971460408054210728035647548431346068684745170233209637938536768097216450726689463120085850855810229464763767708134412130712599642895899327366135083318410188293844624328364270603261242759180800
-59738847763770909546709212217189493818229962565822133378001321182295617095879766464967830277344147179048903113914213409896161576582914737074796991483724132853275549643746546745812992213101852624452553133067067217118541880317423922787638949562333568822677589000
3078823612970083587409470629455861616411310542793700067264213537226353761327059036064616339423754194233884769644071109186679396756210796490203135353485254663429827160837703786341584717390794028388933064890118129921615506525304109611519699308614333584733560000
-142263403951624684818522332610263697689442722844309377866514234472188381110045314654406793544581081934858251002711497759514876142984230740448266445222433789203420277671988773605530850948518163091253426231394891300521451392112695368622167558689289950805830000
5820923382965370856474581454151087620890256962910245590769600210674254927136864532951340938879061862343439028369236992127819062950240852728868661985579345042619035748488872492855048565648709842490382137870373248277705147811231836137054431627447056855916800
-207609073569822717071359644889979549686506524803317286432343472466464568714139394786226213340160398148702010545283277834984261931695089080913697750773806734155751115583220231688974891769164078595606999905041561942768626235258007215555462682968009571696400
6322757920773236566075073729748312840607016852184348450121812002100323774834362853478455063053314919286142609986483853129735340444621992325220953141725867964060461996456148520116741305965951038702825343376326842536209264250381860392910435814239326080000
-159861149167298884164103622936554587804797243080972169533205329842755212735862877377977907928641487915336741199691092597311873680467103603838980816978183007979988827907166958050728194555652849107376174214175077677063193500939239860569217288932277600000
3221302419763034279925656386457793089728013993654303175624039410151687002321895657869945092273804142137299801939742998173230637790833401555991799428810190197296525523873541004307360180743427113752192303308858921665182534977877535145545876363180800000
-48500734557557184877130663968605147207217410691957602187989443369096337428709041498804360795547463615054720142955255516245703790238235402177401530150023426158045812418821001746102691721318224481431445366694007139321404542260668638535125100993140920
485004329379493618089602102359544260976023758513117606969403330436420859231995688646696302630209522907245539454804701899385524310813256924405082434072161673510349228981562122174197475686592154067087668295868579673191202193737322347276952023911360
-2415958052712138081743828694830778508488027063705475567500616822611561543537019686150036655140458565012825544300374898078050958331505852727321671242222285012597653086125080495224307368182140813494749962737148874018705711281642437622570891681200
