-189
6751080
-60282081090
239199297765120
-533788182918975600
762164119099030120704
-755495183056913607147840
550000493265433106003627520
-306427618568211691574552288760
134828152170013144292803007054400
-48027136084480382128539359142847824
14130297889318195072528935417234566400
-3491066722279676570106680106520515061200
734404758050219298345755568917262434649600
-133110862396602247825168196866253816280240000
20999569651687970616898534737620202056370662400
-2909178662879351085657447400272267445035881023500
356671343886301618224964277807775017690350645068000
-38966344319578451791077347350499420682670807973679000
3816758823103307632499986155993516662989583850275040000
-337029345977079822218830027539617505133637727938911719600
26962347678166385777506402203169400410691018235112937568000
-1962959184164357305045440277754297855932891342046848308024000
130586880168453803930357531672456049425312499261460653413952000
-7967840110278314130438221268452201140716332962750060180960665000
447422906416524340354975701820157521975328674657081779377592798144
-23195171235750141283639235902792041949149990241653004376165295282480
1113368219316006781614683323334018013559199531599344210055934173559040
-49614471273269552205704325596072177729231829126895776360617566609224720
2057732173616696766866785822581447751718913436321194624801832013471769600
-79613657797229997910075943475676213514004760851267020033582880601222765824
2879678194621971620555920702616550657384813202070802930663205962225289635840
-97574408514451708318778106072935994296172718429932274692598884054034057123770
3103027470773637798435191340236840545881591905110573496009260378842339271175760
-92782131944023175175529747989002070474392062456874544022110800168413025007084900
2612744835543692612942917703370298304558880478785587159662640132742510784199510784
-69401034694129335031296251495773548714845262717742158928538878525972942705299505200
1741464093362111699777274529863267308584634379021094699425250222881097536751240761600
-41338064216186359233563461952993915191381933940239655825622785242171315974530664532800
929494935038509852589000919653117619687877804573436048150098129705627223095955770560000
-19822060424030621675118312737177516438356299106156382124330936427303566549535691779548600
401393775629983558489605809383416216277006794511340420887700818551703394019152259474024000
-7726830180877183500924911830630762163332380794343303102088240757120290334868680994874962000
141548508321618150104558471350527407245210601550025074458589989683709288384354766175448736000
-2470153075230304339505427662488413457530702568888221663524515909847168547554455462416082410000
41103347171832264209370316303807199933310890746300008481047944739856884631306138894603611302400
-652777874153791700735297485533762265481527638719003679114185341674333935744349148182020017872000
9903074748140275000018691414761177474339952118040403483238831675052185991247002559472999021696000
-143633267733768910449489848527375984227438446149546945833069460974487369474609845716106427217020500
1993278001203323655217410142828891209686900885340651493193617009441865535566014185448007561379060000
-26487475391190246059991032941967437950803413724760713302154060268267285982815422901907303678629500904
337279963458754690314072668603599209892583261270309428899401182654752984141040679166155285596389492480
-4118333044939979145746944267487069198603336367367531957829707414094666892523942346164552168837275101040
48252964462465145476975233083493920065657887690566113134955973803020176848254891597354126372649483134720
-542845850202732886615971372189306600738651236518868772768254705283976989542867530470233921692306685265600
5867400964703654367205223135570766485206922588172209386588712675690879884328461744216452331785672522791424
-60965963148873908659241771643039995510353180017726863157523342645850548798100422810999075009960503557129640
609321869920047264383779257861740453743363638515120560311202826222240387987662951529320395113400268238569920
-5860828699465805390507118147036960719909041989130129598688938718214337762817125482352621886053594672828598960
54281274711513233493234555892120543984449156486514041442611716252579790138817617222363840737250184502152838400
-484324673613476825843385324947445553701247598750921534771703038263643177513600189666541368978114771220458700624
4165114097186578453907103036366099897457652018282582400616634567169196904175008349725698416366480160992926208000
-34539891278880479025805599243039065148610190787407356707715000025403873494897695412124372637490709701345345664000
276319130231043832206444793944312521188881526299258853661720000203230987959181563296994981099925677610762765312000
-2133445432997256150763871242306856318993744694632339171643529054303510740773710190250846259102819715439544055906250
15904141386433509993954766543833549496574433822991752556233039312270621134061248793406071899811221244374882741970000
-114516389941571864315975953316652727263557648498194747228248227279469245149180686043430083824053938092244765197862500
796742234496585534933517704162552456648570389373049308405580003206144679104301890512008994874772242035417355014400000
-5358194910497474130585553643240245186937844593065249641757854965333365286787732675011233502080621196058688038253200000
34843460287545011359573354504246584958537212476643589352829907525041165570037429871528626176100825925220958131552000000
-219165365208658121451716399831711019389199066478088177029300118332508931435535433891915058647674195069639826647462080000
1333861020551801461245518577035686188228650537502032388664734701535682209173224977544922435887848503220898607725478400000
-7857275074187955482649382867850838952534394572472909539478202851233628013411028383350558723901857589285605861132896200000
44811091021715207924316015034663670002894599333195096026237857206735301667027204846460908376210406427766585350262897600000
-247500264417782407536694279533126862534248932949686939246450692333401972045149344518117270606005066181117672373758462000000
1324225414740902993284329073214041965303245490854004999744209784260633911230367052909734644650369506095451994268557275084800
-6865292597717510410993634712152785085007909664754705629733442172729342533205218386319599019053898002082463637183508933936000
34496676854646663883339916570156143237064537819593892751057296206772233555279113875060464492436115580711883400062590345728000
-168043723198744769479050806605804999526114679053140072232591237291273617008186570991973534872177705040361289994683594687104000
793771664781124147451116452289557985263557240584292473869057791274915274699782104285111329599711383526654515148737761797120000
-3636590466101147051158466483997207763423869039245631191611663046558092307730048606209960827373927730685162037293146861508336800
16162624293782875782926517706654256726328306841091694184940724651369299145466882694266492566106345469711831276858430495592608000
-69700716336529156614741260252803908728932467797610924491482182140951155163757167978234010252734339617078223012353347572977224000
291713028511367200394283642852205297789603848387388325582582998328916200563426718993822468225698429356887694279601062160557312000
-1185084178327429251601777299087084022270265634073765072679243430711222064788921045912403777166899869262356258010879315027264080000
4674070414618466983203355835956476996347887821254811004992072083259098125705895380528700073930516079515585318792805115711684044800
-17900627973778809802492570856336832195991606616690443715035213866727143646649470883379587560043519193115055997134424675842813760000
66579267897717142761232772459716541152273181328189902426432995214176581839143335223794708546749260447162776645703306047605614080000
-240533080833475271569086941516721290265643955839200529465949884698736858227493942349703584841477796943475336030067328679476015640000
844188820498751742156371288241996196109695994486778780350133416819200184159112687453826493951910460172783025077120532418814952000000
-2878683877900743440753226092905207028734063341199915640993954951353472627982574264217548344376014669189190115512981015548158986320000
9538834151623765247466311313768733349651334148354750052997720548863577938877169159537438300890936181928677305841830584064905516800000
-30718336775851721331544098237168521374225710642923608482343911743900584106802339293656894584993412985684068682104297758726031388400000
96150631656360018486248332463478576788419289920826445697076468809212234124101390838002017597981463330840456395181818582984289715200000
-292554292901905737551243370108716787795003690529812018171785973736495123859944080203676351643473476872979365118205431485234566432000000
865377219203243830434126649132665193016666872286300458405983197215454163608317691425744474623176502892083892653253429244301605038080000
-2488804600149954180301272443062206048275472596565580908208613784960461437330562110594548318130131641618346742054522801879363502770650000
6959871042527961992994694496955336969095996913681960341883839505779536756195318339245802460053143134686145124555064721335935007429200000
-18926588090139815011562102892230584716980440586696351337877992125410679035980125891928636281675129034631200772386987226898231423264100000
50053786684667279369420437400940389334163148659031672959677334546540638772840002358819533968066456951090778902180462087664744259872000000
-128743344731632709266086307038958775406401034665895366019586072187157176987621770067119723319263733923900592414298366535682488710816771200
322079223365480515681847128284896377646441957129070653937833208726227934195089459083707022753417360037049614588069239681464279178516224000
-783744684539010978038958453170772932802284797062349264296820775213563303538742775434660774226092589778737513699168487217957627447375552000
1855160384404151539307599648979588075080683930985928431051160647295975273679414513782185065733399671460425718165097469225879153592091136000
-4271705748297466169235925412152056306387244203143911573162828764876688627125168127380299469497995452821921459957632440002821775167439880000
9568620876186324219088472923220606126307427015042361923884736433323782524760376605331870811675509814321104070305096665606320776375065331200
-20851520305573348923494238120777549039038568036962640771299196472938128793054273868062554007108833909189411993718431101581591688282616112000
44205441598120038874229377907896992774525646204311050467374801012416303787668209915766819011315015865476933174210303056824909901126356736000
-91173723296122580178098091935037547597459145296391541588960527088108626562065682951269064210837220222546174671808750054701376671073110768000
182946011562962908126071754206825615244796399618380132268396512564641836313411824051700571566901719561106035197030603594317045689620651520000
-357137829680061723375697595547060153528705434329401413579487109362760728558603363299604892643122770062221955156120651859616771589630529715200
678274913928532126206584184384482395306526025753428542955928768694797585282957446734092564552314976012985451720901164963479624640642350080000
-1253218883938264436311384059429141300703073477270983206320915264033747100932964344942288214973613217398992651031196293077054150214936842140000
2252633708524633514152939692381365113457353156106477136148300347725159641366857047937614465508212903574412978813377501660627054251173185120000
-3938988998632063450994579448243038027340593295823306626575109680059576242694815821359055765518170070308443747578793761560307002759149787000000
6700302193816778782122802213056739770363250418362276436403301879971283716874296916241460756226597648518620079057281244617063616942898571520000
-11086669764070346282993771646381414312361606017006248874592710787571390603166336269330865319365725077606054998529307885805508429788468838800000
17843634176491918277954472708968903508652999033288163869166966474671113870184872575491096845369687698868916920709891981888155579304517894400000
-27932899608229987266918532148620740432211248199409803781688621678282553075870415651248164172545467018977720634926279483569098474727131323200000
42527598019450499645135481471948532145927159888374787764508628160707001222778487496710007736747423835121789201963885718928731241799092672000000
-62967424817548896037078722254403795408563401109724920133825587570446803685476398049816255205221654415877199137157778292588852694888781587480000
90660017427356787682645957593254013196674851129909249123765001433305007970073251204844386293700735952919292248568128297778363145157811342400000
-126920369734871901702720627410013025596554277949067389410903744616082803753857587701917661730841321892702183054515861955173861385088236693200000
172750628169772106541240211489654849830408202229307666253508487615465469951710981952401909601525844432184767893356509311979651903082620793600000
-228577752999090368599215147161617320486449978821232080510381775529178263928691462527420450757221859064307954135687967088464231137370962542000000
293983905553262083031668966231031147039724721561054712955944458306199449082302952380866648218696350704405289363890264743025740091942839247618048
-367479881941577603789586207788788933799655901951318391194930572882749311352878690476083310273370438380506611704862830928782175114928549059522560
446380175274312630258886042717958508959195141114156483371013688630344380186347529531119363561031287045128993522330744842005107251018670294138880
-526834316972618611530522424806955791488278591535915766537188213930967363260705699373977974437235229345194051986163916809683395929745363005234590
604050163321769311219419978686179706844321586834040792351995139823499626886260726161618878208187499303305240784568687742849539951898415127689200
-672711723306450899790574166796011139793903939988371701352479321101661921753036279709338988565461356472633605728187412544862200676608288231848428
727552565967468603234838094268047710190248652536808972501719958023824093452383506287823065542507008690174216089689317454265045426131917113402880
-764005354654888259491955498784576960132631978619490000566113984846298751027218836923111721202436337121448440759472304950682250697999063786956640
778819862916894403027810591558793133874815978204909474261301790646642494121929451489487848760378315957598410524891435517592986861118159206648320
-770535468072991148907833323626752061889402197193707775130988322056003781915575668618331010983967519658428144518528422364114469346611945773340800
739714049350071502951519990681681979413826109305959464125748789173763630638952641873597770544608818872091018737787285469549890572747467942407168
-688882704371484733906786972290872193739357414186589087887436358862352862119158696814052854543192414850333466574307201136083308018791908267082800
622192956710821525344336552521437765904927640539776131806053660580457441453672450764122968203750749456169903850373257694010561965717962008822400
-544859900182019038971198313715606890464003269338471253419951527909067882331595014775954565255931067458545761736645390598772009131604623630599200
462486536048088206569414230367783914062918773207956552770933443284960057462768916843106198964715568879465374073856653683549554875954444777280000
-380395175899552549903343204477502269316750690963544264654092757101879647263127434103454848648478555403360270175747097654719508885472530829312800
303076283197470569411445921177186054322082940740533230326484043684612122762835800824844062300281691946543266414357126243687793408072274449792000
-233830476973965961532129745871527645660020051036524274161332685360122534904852040935930325193685889784386708768505941924868627358132333545696000
174632453633253859089377743603597740941846849206797335566133931772692618370917911348893732033741058672167529772244253756985362463367255020288000
-126199234070906109107558135026037429977506512122099637030213974132609899994608646873223986040008186931058566436973386504071453342667742885755000
88210413503259746941482727816534890413766264073549406220976198042941026888027047536214016591864937699825764202509435817542643439897510080811200
-59611137479567304123290424760611047870627839837656182989921286020292995511448190080651290533205780989209520235370070508148891853618109997846000
38929722435635790447863134537541908813471242342959139911785329645905629721762083317976353001277244727647033623098821556342133455424071835328000
-24556792133545458209373855455862698779936639675523485945997895348679605819283542056449930123203419028574646802883328042548359110372279060844000
14954634009528156163719405691782518242635168164185285797481714567548681170970383703581057396770876323874114894598558404362587954246800274880000
-8787342943998744561801522784491407719372424813275273934600255479891605056062197464224229326342566927908429912066112918403456681915419841519488
4979275945636760656921875109671899817301509959541973564099614087110194172375053341422614924623743024804917085386350550667631258731951421096960
-2719162249225199498285288186406265581496414091046618787147023499700022501422093490682528242035048725067678275031145468220806076498486456024080
1430147618969655099444165412919558368122681459650816801544455266278212526699509379182506203423278222180924213857211457334126379334844087597440
-723938360842077478024422574721677273119952391765392802434693264954880307936735119627508305451866042219682711559952080675332568051728928639200
352432177665304398875073732942548902660185772074423900823149736812165664167660934824696655174402715080183516936740875570392912213653342325248
-164876739921083603763671698288581494772609098252273015732723527021963596587311790885074433726190619296017806555095121152569169360307499275680
74060418857001811873559699924993886572369180731436035141089492116807210897590821075075829859888130830683157701246021396456077048047573207040
-31912671272423028774390389845103318292700499804841268627331343803096265327086382883535919796619797442143035066187448011603830347934936107520
13178604014243756987644304813214613463699743600432848560948507942894862150024992575614690980448189758948351967524898431278192667712540364800
-5210181688600041580935469102130668080707230663280502354896869097267144524234490228820167477074848771496729307160917852459632343356196134068
1969822944650299274455753913849023849038650534321550984838135764562247457177501031690044414773099724573432630306585199417630375559998538400
-711324952234830293553466691112147501041734915171671188969326803869700470647430928110293816445841567207072894277377988678588746729999472200
245024124462838904234307921150904209023070418293919030503491998532707241799288187514223682039683165458960861471134154555551364751136857600
-80396263324827235643507116454369781552223246633099176241571865223495739473480006499591909354558444942568768682434522380753301380457420000
25088949612772532379329162953033082243073965230296073511419451494538835723294256573756946258083693231664435582220888967745823637405555200
-7433998896366951911642568424717488623700788434655517499663950553524081640321440155491561409393720250999423593004556482132553708789968000
2087671818865716496539302086929878120435461114425831440975583948338076209509036512525006596090631324386944156492225836998894210880384000
-554537826886205944393252116840748875740669358519361476509139486277301493150837823639454877086573945540282041568247487952831274765102000
139017920958833183777027595552668392223773418542720078841967673461905349636217177873971391755886329262575519681686636103157169823120000
-32811115531494849361353122119887581431085068784771406843635346044417176120022054334891310144183413560554588918643063835973531327456800
7271161336619357199191827616595585912705832417677874092772375854718487782830372151776467621979703836133980923799016916559231319104000
-1508353066618205622344518864353945063083953946298306966851814177271746874095118776887918530154456545509540323463850960550432754372000
291903537099557184156485457661066183480312113901560157439463654474187506925020146203843233207077159664247303735595067109095075456000
-52497514846977436508523692593622188170507975300369766721425538334388656863744705247718536293187182400971943745551431510405029920000
8735586470537045435018342447578732111572527089981529182445209578842272502127118953220364439186347151521731439259758203331396978688
-1338144298899092219433175197370902759213960519174921099260799310808580288694252951737817318696384853885931549563776881288981103560
187593914927537202839238579809537646221319371834921429600479765491119557851995242875051666625635107353155586379524021278087554880
-23902178846183174089824711106271413893304705974547967784911526741814469607641232025204632564312868589341279580044769407260429840
2745233237225869375192875904967972383114176148882260898488637009140702479826464025865392710485670122929244057756148416676083200
-281386406815651610957269780259217169269203055260431742095085293436922004182212562651202752824781187600247515920005212709298528
25423636768545794341855210450452758494455024070415370611442033777152380341850040763333236114933985998496158454357786075502080
-1993273296942199852246044606322479586103722301378719885216609157084432186565165917835298097768492985089195855149353050298240
132849174319179135543407434122003476848622179721021911188852209340752266129578378829119572224290852002719852748465347077120
-7318162514924063320783756635087916006695426665279591929560768266201056720571351503907963202927175064540185650280241974800
319882282609975127184587287833207373148761381775259883904248628962360287917450455802668019038102378277636748950160467328
-10401999304434675051527942502380572748073666160745963966709437726403495314693368099722555249678147056374764208837164000
223692512709396197739398117240704358333134975346191338127069609375602061158437839543348724520517217718374065173312000
-2386036591541488415226151261876005632967176485556647082217780747357457476706967675074764292220320028288451294996000
