-91
753480
-1559138490
1433021509920
-740245173718050
244458566168648832
-55987802168347489440
9405950764282378225920
-1207635897345442216912260
122254498249785508378772000
-10001640501814952440467337320
674490797477768693505896467200
-38113414021365304576788052455600
1829443873025534619685826517868800
-75464559762303303062040343862088000
2701966637533846264301320045124359680
-84700321352379360433664427195792915750
2342300928194518507217460561068432466000
-57523729893962295561510289149449126950500
1262016456399394406778840692697055638360000
-24864879232209068299560108747863738714787900
442042297461494547547735266628688688262896000
-7121082217577010304193578251867532442945868000
104352796504077474249732738390315900751826784000
-1395899821291522463705192273085736137661155157500
17099214450892633571403123268391033391894086217312
-192366162572542127678285136769399125658808469944760
1992797338474400752025252884612485866907162640634880
-19056124549161457191241480709106896102299742751071040
168582124430156054105632124228008688467431731353113600
-1382560733798868705948523009918813477309015121241479424
10531055745481497323145877661400327423415182817364858880
-74632687055624244212958627137482593859105450884391387590
492890987423369664260420979222015440803201471772766629520
-3037931042726218735169117194599359875192742635277648992500
17498482806103019914574115040892312881110197579199258196800
-94310881481967279400694593796784572125428032477397236500500
476170060484556490297736327482377620548545332712760919424000
-2254553118790105764657633844180758858511360415344284214752000
10020236083511581176256150418581150482272712957085707621120000
-41840748296213046149104588091587916482539997041431007885439200
164276584625226713018495110889042384761905996712340661537120000
-606910715420976467540551381895628810370374932298369666234360000
2111222131740249128837656294403831535047188515166638016884480000
-6919268815026797893840355985533218538158270211122065194799600000
21376269484843282777217415824936205024552167131249204868477184000
-62280104619120433989388170397321221160852604141848463144688960000
171192754752059427425787673450672003118468543390359379001607680000
-444105510049070832345456998357060140034325730835146704988111590000
1087605330732418364927649791894841159267736483677910297930069200000
-2514978566785644227058697378777630696690713844856799772933492018080
5492148504168573321681430646465567995849002167930266324591401254400
-11327556289847682475967950708335233991438566971356174294469765087200
22066353869009084552686588207906870915326393188772155834581187097600
-40598761490820898019603410746028930885022667852456315518699612064000
70541186907687484294557198968967953960885666853722444418606664796160
-115731634770424778920757904558463049467078047181888385374276559431200
179243332152901658211527785699657145250334482431290352478719497401600
-261991517299589017070773520298815155527911608238601267282361405684800
361263798632010135575901435631804868294735914836336134144020323840000
-469743289276788734619665172275688496802127449263580401091155315526400
575659607391066011788678630899526886701881528793852896795395925504000
-664464536418876143159824944147034546382999048714444667815081092992000
721887397590877785161291297344926420761776744282359639107742422016000
-737572939188921760473633808444462175509774334673260519937964364291250
708070021621364890054688456106683688489383361286330099140445789719600
-638010751805293203274713542290801992038757964428109650855429229717500
538947821529443490046271720286638706574063310561682289161013062840000
-426239659025340580255020692276868025506347215987039820817868678807500
315136231835580517222783624619738594787301449332993104238373818400000
-217443999966550556883720700987619630403238000039765241924477934696000
139757698847773022079598308113447253026481079176520409409900517440000
-83493362911179214772476072574719549117093345333658122674086015145000
46251155435128737475764564879071516043096182290290632038638002760000
-23691470232932087037896202426186194759109713536206213087724543050000
11186585766874244119582633536702317027590293182606880348621579793920
-4851523086222295969451955853434782575158186361224071203825667829600
1924571141641902533336313065825368294277627647427730725484562444800
-694984023370687025927001940436938550711365539348902761980536438400
227169909898446007513392718873795007763368963350706879416807296000
-66766656331090146895733078781501314000452659384793693778596019340
17503223424702797235278295306231101978475624773943781938604656800
-4053021842989627497818010974390515434337678134002151766568627400
818958688552991940334253342480998328436354763032514916397667200
-142180327873783322974696760847395543131311590804256061874595000
20780958648403486375263637294788884919953638739002685306515200
-2486634451573429616293715387491639150102619021635664750712000
233912502248683034324365881344173216392266447800844669376000
-16220430489093851941139524571516143750341823665941837223000
737199214249941509760160187570485008221570069402734680000
-16473217009782643613159135055587381047914096612579626800
