-225
11390400
-144148359600
810690374390400
-2564264322345234600
5190070988426754830400
-7293347256486697225419600
7527925119266759160669830400
-5947178468050728280041051482100
3711039364063654446745616124830400
-1875002638693161409218222547070559600
782604407145119205050885219150839190400
-274351757479810851320650949638566063684600
81909421747936901267661327307476268102190400
-21074541986360765275647413646881228184313059600
4720697404944811421745020656901395113286125350400
-928815654647129712897949005732290509613706436618350
161774618658539519821561111254465657757493173680350400
-25115509546738260452297362522255793366850815213874399600
3496969451128121671396882631076634896929056442964495350400
-439088226707274777364771075364559969245654649619729447434600
49966448002444166501754357474138497724770822985298191814190400
-5176379482005274695381126525022269451276309577078174867263059600
490200201380975881171669025326116465843361067246329391588677190400
-42593801873118857424932053903727088539920795233700589791009903997100
3407504149849508593994564312298167083193663618696047183280792319768000
-251777255592948379824607237921569745027278556346521983369367301153982000
17232754382806244663550895395520773659644843412161949083947806390094768000
-1095532794889599541168418593632845510166273776155055745271738033531522107000
64851372961693012553541678080163592007274403890729245211186927778041969768000
-3583038356133538943583177713929038458401910814962790797918077759736818829682000
185169632590027136414271527559387893858556190129356963775029566971456160621568000
-8969334908298765618441681678196483323513911705670151133012931202491403342764057000
407993548225424842676884429394987142253062562214946378810770027591013917343581568000
-17459370966404447701023179790433061366883003365234586862794102504238639686046398432000
704075857747248748106567413589708760427771727544970278385329521395419428971993536768000
-26798887335504655474806222179758289693782061379680431221041604908113152015246503993232000
964211829508851212612896478952647419398779558303534930769631330426604394202324178736768000
-32839959824844052276672341919231407710146383280419772458574264862680630686471264151283232000
1060206040262421001310794659830334677316915190402190997242492243140742727960871107747936768000
-32485375702415743493288567623863848472163604505917133524883238887484320148926066285839125032000
945844276251657435773655951090060796919438107636887675932114957828097897304602848479542019968000
-26198921304950246014363153869734388094263415746738077513446184214534405532993310532629763400032000
691118759096946024660128281855145761863597818530501064789535468495473317618865178225824412979968000
-17381137015326035637746377022337392561661525922743577656785998153706663409888908400122502501850032000
417147288367824855305913048536097421479876622145845863762863955688959921837333801602940060044400768000
-9563042443967304303418967897654796700646188593418164936329285267729563727980730331737721820743779232000
209599032579049798621246151984089921710496091869141635834005738126932801020332747732645332581770400768000
-4395848460612962378115119492197573397123646551739927510909284406263680502649087978814737463404395631732000
88290460709953976560692845644204822783378063853022184209116756021515921932423831191321074317040222800768000
-1699591368666614048793337278650942838580027729170677046025497553414181497199158750432930680603024288914784000
31380690460917136900903971345610487843124664231331255078173200501792638301227374021834318725597707978025216000
-556136859311246345202743790995932022163600974345275545340657522650297714509288827847752362296363818052864784000
9466799595879870146747738380299567665281147806797328400145560734441664477385601492477083287847252518339545216000
-154887360054812319900956052944345704301405446061211845213492646460726121588336646640805612681723103702833114784000
2437235814416220306540663841372183644544429498351631018896611560836549880199941943835486665669428011985076450816000
-36907490940947667773376780983075136829008422336486162454203184442782818004086429518751092559303401422563550884184000
538174604745563776063865304972042992431856884153083543376525105005010398818589930711096263801033532100760476050816000
-7560841258882309637501289589263889377325204578465779234101650709762721896125261211455743318519811462727122728489184000
102398247718686470999816373569737661822642759163226284462076478328369365432613994413349486644153401780754804341250816000
-1337577110825342027435101379754698207558271041569643340785873998164324835963520302024377669289253810761109631707588784000
16860445258304714446335929888743446580842016913136939332496811074952833137875021834493794732690986492861888246603801216000
-205189513430997098468793219595553375259721746413490936241814078797442374355601299802147297447975296337817896478764938784000
2412023668086823035061732540551811105093871957840219985209896109945445053649517320123200884286403483481287925954461321216000
-27399670227639596923434412446126762428933781329674705979450990258704007055971286959963968248281754805395714332699006546596500
300909987825438413549670233727877343598231349987433457383793123787897260922382891110610207507757023188251158588694415091616000
-3196236048368964636485236924783093850079560682407841744648926548333842600004071163635634456192931521096692575009252041293384000
32849531371697605807280661786988821088721455033096054072426570557792417508083721810089915631748070540725553272583393222791616000
-326797424876613660194791895082887707375059613533185896060920128077207828241643444417375910245684038266417858151407584697585884000
3148127934161102480817881847528158330403220776115529917441302405825049324611370496693662832914944913054187911416962290394891616000
-29377173426431920599060744383311232583201483670996450096939500511500077626092839992105659803068542071306682091742979740470697784000
265647505151849368892597693308640989103879474639694937754193650330533532733151362467792976882181396901099741414404282580761017216000
-2328566412346679624199176655408556170113693519888575938751603716178582997864029911631747812982871307211202420835637539496983291534000
19792596024330118269417509060496520976068654846476437553329450540068511066100412624746040333434441495860128514575161942025775037216000
-163187713276566930194655061463177031692571895117524594429377531488961505866210286631603172939048867621729171348530676866421058647784000
1305501706212535441557240491705416253540575160940196755435020251911692046929682293052825383512390940973833370788245414931368469182272000
-10136850073048130543351918076955715643185812914301745894131790733723593596390117929557854159478397041505445437410321782246700913150228000
76417043492150319238599650930614381242677195820143503876558360370131512798828252821642410104915910637059772182575770345639828641282272000
-559449627577887470283771704815991971553268405493920415214626221112101859232841750317024094096492369442024870608827644142857266191872728000
3978627186415151014432770925581315120240388545015568612223356865540703239895921846830763882771786144097874035747829860220569925117782272000
-27492935518626570877076452216224009561348622406767737793059055840396500122562053699389145736809725347301324879835589932539797646614675153000
184643912618924130334933209945998286436711735670143819252149708360193778600910582869971546676845562826320009069513097818538887898251645472000
-1205540215330664521986005777786923077462534489538218888903721645853787488750531751721389183619898431534544128221400134939273604643239959528000
7653579163550870015035556495469424839004414056386056223703464930042277487007295208780182513398153259049908839002925867572081633426729985472000
-47258898891262451202534603309397303119413735263985839513964889957059522084951933808297019830816913172271184553078015465454652024768877372028000
283880444550974447361937963131881377907620222900620821440287366662475191486078052218697669295149346944853897522987663834011335346016509058272000
-1659257400959177174825475420257990817410561738205913668204729931510565177494817214624402588691185927403879007033698447793466200063946412936728000
9438629496062667781646937467912280702130948104134472043628332927879362436546023251799217579427626012723135754636401158435127587521902068358272000
-52264704470643499114773027577679042973666991949043168350055080614720421053916583556353596206538743679181402930599627850575504400894457979502978000
281771485887433403130572827885015257056871004190372359704677712734632099569051102662608758036110403998960059430416173176489880057542852361658272000
-1479300300909025366435507346396330099548572771999454888449557991856818522737518288978695979689579620994540312009684909176571870302099974898705928000
7564242475750726979391996507161719808632383221536640236264712426903166710155473303769339761378524268976309017236818958359227059059548525191499072000
-37679114723549905503089079009740698115754951441777680647584657446912146936066270080366154735288275248618875765089972129416750004372592789531993428000
182867212352379562191891222165900745069595310639387203475894737078458119989399670816678195302169111092152379363558407920499190447860325463451839072000
-864852641126481385744334798901179972353250162551986401771634808484799273001021145739946254355177114466948368178332085625819451066731002805815855928000
3986467575718739683874163726791034554005009059519405464121884546589213269456230433549225948052672350340725996256910222940065281371303015703262006272000
-17911852847540938755376003229458544905251022151219516152758584764508760012468863500742176354482759261638359676541058531003164413661489428955770010603000
78462634388802989875818615060618916655842930065327194999691553794663944380265349989009410205798852771568352899172735510025127481504086332643322006272000
-335132832701279409381086568971433629752117121429590469188082801771231743276016755716280197423164800035662786784357016176253722867428063874569107873728000
1395925187449957209322872981500847515661710985128211541080939934650419823232334255214919169432025282793173921812528397957288234092427637956882895606272000
-5670946074015451162874171487347193032375700877083359385641318484517330531881357911810609125817602711347269057363396616701483451000487279199836763400480000
22472534466817037330460298814285161370527921993453359455461685954134748497281836312815612518581587295706499791673163889181527989730781077774159525899520000
-86876952017478667672860791869412098758554743415867701908700929523380788092000455434232675039395427010823830076978693270546927842652993630253217059900480000
327690462054050934640135493208256625876362203085056269165668432067829731010414763376025518368974211260733941404503665747403701060571419842418016200299520000
-1206086316929522342556319697589449705946015434783007120859476203049947648094822606808080608427375589504304500126838612216937309127245530002479549456150480000
4332065138359100658977801362770268331561198296363454148393220647689607878871199567310656879249349056178726367802522362248591151150922720008906136822091520000
-15186517776328463497372429501438065086495553550681745768161317914902631251411327853043740104730563365416861240777283136935720617006380831117017072204108480000
51964976889286739974937749860104606326190043313958255936194234486350378365384765479154647772113245733563713509362463461664231888535415795252009854194091520000
-173577457526020291166285122796599414186787575236207785453537686027323138845486612468565177627683827762806570819467673090697885683232881927195949582412208480000
566036950962724531684753034057019417831234560638972682401469918983470052304480541493316155374714436734464925496966208755660203931586127210443554466878091520000
-1802196159986691122574802531987328353053579458563340709877407324697370559093397757109917759157923444231013326840547371265438789790442607502672556680700700480000
5602736929805228208676668791919700124613611523481065055689003341060634842586925386603221317002280627207591467518896721771882753358746338591215778840805099520000
-17008755183666525463537645429296404691120132368118816835594143513307560223258347070092256933415485376649576743828691490895652673043241336088336102840935825480000
50425517756510297435013008487073748608899971096210034468498073211666614442138615920229656078892365449012951461694646807059740589766226330876345172616999499520000
-146003524750671435994313980944913672391835719635217558249854878184195370486552322134681573452804002730140685638050774446202753051116753663015234879994234700480000
412894656005679524097341617190152842907724454771806176071423247190087474948737757870479459140632869724556645963183286524611188212609949867430607524520557867520000
-1140523295858732329902949655866586728451041190503363834601570353359717698897862196959560866289995773988707340502791288409131484443705352751376950882796121832480000
3077388301251964156424526882101559456648963212245762772652757876520895092884172555109821035670047768868938149522324423163100336723844028725608814216301961867520000
-8111406782838863581222102923011299455506578486974413926969898508057553203385666255751618919141512723733043595634790911699866809688437209010239090100007059932480000
20886543106379233219806705810654898901602420588167151291083283609759947744386338136411766984505057549481089024166867862737373303331627313703082987176517013867520000
-52542710001985258568576244304928730049343589292107989966631385330802368544471881874410851320395535397913364576419776967198704716193624961034318139615925613010480000
129137140681062601211095387956325074933104276831310286931170259527600056669918461673984022533509524332935899932920514608816214091080622949105860524276993870539520000
-310097456670374793730567069399826290189739314581286009487164488428913842074681250919770421215410098708913060971681813533572984938814333836602563893992477689260480000
727557625882188094273263843969610284656949349618436657595108115623816890626140900432822451679701028737628264409466432228680459606593535188316782866095378944939520000
-1667903144817979197127879632939957916484964075487790956267557620162846096363218041061170564467857801897285294756066744903014927202966670255786828775168835355760480000
3736103044392273401566450377785505732926319529092651742039329069164775255853608411977022064408001476249919060253589508582753436934645341372962496456378191196903475200
-8177490847164720863632689857499907956251995295820140802728939646284125432455091881317053396076697108730690188004030097867353185943688017596943423366256347058528524800
17489659883675008426552995804099251339752546948019813821745768617906701650317493306337223259412346919385819872613740607355212071567577770167038274687976870737863475200
-36551723881647702852392647053720853584257016604440090641503714797713828809113848162981742042574351249187613419077581307156360872958095118914157566137146974544383743550
74645380950298391547125275973418033063361003081863592353876704746439922976319032267938917227020416612727111017002134675945061469058824861557522428195709559696913475200
-148959495417089541711644966402575335210760344907446724978372299856431148069607062913386981271080683447587089884520532067825277990769755529942452301236704431998722304800
290471450069196691558678815669004196579038761259996340812088493817120910145173984810534464265220208081700039385559995636484185227149880487966565107428767386073378195200
-553486146335364976838825491220535372510368796636428977921381432691817684672286585726271507579750696081297234139117161106916404598634250578568522046128472565715233554800
1030562480394684881969786668485474194640822357737431444220624052639363856767846174881591857857802528471570224637117011601413234318537943188180950992780110375057772195200
-1874996974382599710908384978433501696631823658104485846026039606575817433545821267944237269122106861363206040803629742259220814878164182780946952995273636992802537304800
3333327954457955041614906628326225238456575392185752615157403745023675437414793365234199589550412197979032961428675097349725893116736324943905694213819799098315621875200
-5790251613796476942692762492511531719635127096428203166759960257561941399691819638387197156826621621370477401478260283453143556441804789366497948172351661182406066999800
9827601652144523921701776437820201100788353603485366299765852947141201194980159113456367021571147017442481117880092684196459115243760102832285078426044782280714351875200
-16297284592332294159381632098445692657214713040940524738127777878789449429671728888997349659117748054917611645860701903991198031847993478657130595556233998593112788624800
26404958173923199439225848103604573414494559134289228632180112764226744213365964553655247333420733145858957350138368221238055131151057805283516182562618347495409281875200
-41796623844182003193978670276241422968606821282720577464968775434190547919371380116181329006090726829095619989185860921628094920610284102495973957347205828114544539294800
64634344523189553151032656253345722435835627660377316713595897185692581119317625385638487951473935196102597502516478455537153575737768444602194222860142647731681369955200
-97640684810596953904662058229178935286549744800771347173816932363290106798032840055144514059206880579670760886934856686873499061225360275293961427422277583443500605544800
144085544762314718618371669476439119331357283931149502289456684972108282201449409824638899518344507231265337205934091416846530767838841589675318110122482681695489963955200
-207685804755055199883512289206273574348714210041383462284412174823077953641932938380045913758863762376316052456990936456313944739580205260117938994668734802912639830857300
292390003365024205305681986230948765789390754683707514084118923888851720703981687326961191308554928244421172543492590682848645150609944147419310070972392397917438239875200
-402029396163703060297627760107096893250199550995720751092674119922047057708434944354752559394935090632188972887841261978026409303773074358074336595521197635136151124624800
539834557780832430820304830731062217342208809833487589139017643743723329467719392169813515822270192502364535023073814501106682047215490100138134603898517774127010089875200
-707842783693539456062361899352941834563804749234276709626631014698843943829545684007907870157570407179529392366586149848716445173396461430152819757056671338143802811874800
906253019400259695469419153515968591759001224820282023081273814774106583460700262251284775521768445280435270871935711152647008585587181644550414340551273641520627499875200
-1132816274250324619336773941894960739698751531025352528851592268467633229325875327814105969402210556600544088589919638940808760731983977055688017925689092051900784374844000
1382372703598133073480391130182245849803870996853182262302824581283427348483099650063579864595724158012961656108325250378889652147130484522497408480521612966628105102656000
-1646653357675044161844435781412118595587445191499152919011254990542815272576323817061971150170486692896239514272732826163323325689974812350400414594547927218428500715469000
1914448194390362762559620839288829924281597177659914812414469469973653742510881669663745005042503559907046632510858925919988364816026079410846156760443264862948014672656000
-2172199631592607167216935282696201907256430192850845323294862496522223332654128640958918634706051960429192015273853214605370505516716384334055457592628091339056675949844000
2405016033313771098770883601237001903559668808733922397487756187616696801190419223704775678800457113315983667275109074235290549292181303778808539936062735884241730708256000
-2598022127703226841534671227519705088867526845529507146102712952673214258978259819689959229946795572483723480810130771391007283462448812255140438296316291241815863682994000
2737888871322123430390872644166167365346378244126515381036312696605923712573300218112961213724612024456862393505779419759536094576679392557082560151937684340030381558256000
-2814331290137678631119218992226727317823802760876883159460535976109782422221737577992176642580807128648756043893278548728146760252049747332450551837000196997657411519244000
2821344575659559638743937587080976905301469766688965103966133609371714952287793883811309870241207858410429697260047131797245025585536521355706925586683002757352535008256000
-2757974531479706248420587426433650275592550035601224676826269280254967448476642263374141777452586978778164186481745291922892842393673884645568977062763365000107312053969000
2628486664313670890821426325474206103477425873982201860125618467629285746968364278939655046880471768980200149023765892197953195420443642077239921660372137223203234326656000
-2441896561600046105361880629530049497366374037248897407092009749248194474807029777656901756515500007601976064370844239356740468585041778596448198826456831185753622013344000
2210932428237822616981647800970110681946836306976531899017854888325287601564150262761655638328008889415225872426701382135787899893927698668228306333292390793951188646656000
-1950595463624899348540954813697938592055193290015099845025084720593052851632797500932158188648324023532640345286034990210444344013348094947144165711730188174809181863344000
1676544861297434150812060335740376971683802497203061023823213313567582616279429256999540922474592549152021453799567264313109188242877701442173497801817682398183098461056000
-1403549622777997838041929884061357104070751916387625735178462328737500485373426967982378049810073142560167764468798708827083606603822967577641908143058938715477061198944000
1144218301964235320223791381692388221813353493168957607480279662453863926116039856002271409533573199800924174153343879088263217746943920213893163022718205408407847661056000
-908150304078119168379150749053684401815509197862734529661484719339179627583808418874251766048808575989955443070048761176877279646729406062621199860824494024721662253944000
701566062434075184031286794129074354597436887421426934016701055547763009103643043102184481149151374974348828678882247351515013414286531121658000550724121570024115261056000
-527388328940494234362619571019174406699976345302093430502174063383223230891925436380448368614716734301651498375388125387946839668698093031765400067975139830753422285344000
385680107590832348675156694595739732323528407644744226184415381532329454170272341286532878986939661649961206568150872859883561419768134516304890908436113338833527654656000
-274306893720210365348633450885240660756468402692437238478443890035889130786800308714505756718638366034911903305856629118604989718541823903379232341955254893266504035344000
189684101454558245222203144091715082863305491734527751931233076553936364421250933514498016674427465784307419252831995597535796959969981873912813410040627995290305974656000
-127489819675611234377943314147255589284760320098622843970427463165413234232000107216492275773151159375243482440741124270519749383618349886122732199792467270318484485344000
83258657747337948981514001075758752185965923329712877694973037169249459090285784304648016831445655102199825267422775033808815923995657068488314905986917401024316398592000
-52813448026776967960284368773811457957839760702012149206757657778234201370900870861377482009332246807306442622662387223634730891354295768941338442269400181195983758908000
32528593096641717698032084645519036444012768441572550387615173305525460424938657606088285385811070713836544953458247115045349908377940284001789606499739726654463998592000
-19445905878155875991618031664902665991858535761009521426960579395908273763059055476483973409059698598370723329234082142597966564025582846839979072614302807807164581408000
11278758928861421286109344292018075116029431933541429612016959754488291863945865827376741107767093372620128034408607176369046241560857389771672890529765094107185998592000
-6344301897484549473436506164260167252766555462617054156759539861899664173469549527899416873118990022098822019354841536707588510877982281746566000922992865435292124208000
3459436802804065559460020943144092909356300075827693155164751384053466035678399095460919478080572563559517614045813290551093103333972573520974788330281265777481105792000
-1827786604452178219904293760595482731754758109740987136473201122217114753363351725928678655533392719323001985370600724487823946426997162455940700717553810903625674208000
935260869356879153640896350490136823773463972304982399313349888928080217791943479217469540482553006608706202672836275040262508464660735639911608214518262821957345792000
-463238111951958486749887491179380446534062421774050385576723897903915913638737600513874844173911016299072374545746440694416410811788039814085472535126912489998899208000
221975311497797492555095832150236357141230787935556649334061999287778553211842122671367346806490596561133292696866081150867177131141675761899247613618155291044030592000
-102845481211648630135438521607588697208254951434242037581676488223603955065112076086811978320072776398381476142850803987953809175484735830370072840752844582036789408000
46045035713047869638835125233447014312460737214518383150182364369262590308541698739315631919101472369614812848307706461019898666001001577404954685430711051970830592000
-19907599330327198278379344406187862882206669459457203851231799171760458423065462268998477007576663628340990129441774061533642811089896590774250581373548426470299408000
8306118541451710846307935081039833946317521951338153080786056797287810317106678134910929182299560334727306539268223191206780674014832137647306365017534944377630592000
-3342004759406817175695921247980708810810581893163065747878600414975220079112867033506405716700861879831416273763738001448157598062754481975820635786141137592384608000
1295724221294647135030374993323624500975983944982275758284995594128711186616934604915287477235190658927539041586423351675741922288303483815301309518905190375995392000
-483682210536991081411485196482378384275458850556127840434023013530956885824534426493035779465968388061574022115635084158254247846390631531639575745704598653539295500
173688776830056986897903997104574438725027184220751322012550453139415267652526846056829621899562220696169403737516037630562131042264787977320490890347249901735392000
-59943764540482787831248671973411557673487567643834066362552285998189629916533935684774151313992286231866946145886805526181621854287844910123707518724636756659608000
19863022569627432654141571778171877098907123006240874060964071099991830031514203540516878541914603721802064995086752127018762271243309556017323201470885552502592000
-6312672911093849575031613125773127017403088941670002900101789464280514703632780899265164778171475344634564023454137773812267507538774634772373463316275554729908000
1921990855664534684701320330184629050932384213320950147326721747788877882401632072604735680354406263294648367675902289040319329770882039848240481397230332002592000
-559918823654337583766293732553786562358401186112094980936090426525272275658326698837330022582585295711870702153516989162572366730773486815293198092994786802408000
155868415241166069630555342230573547724527528994210627757871287644620124917486768717525470794940034340740451517395300334036962976693692549475826766424447102592000
-41402547798434737245616262779996098614327624889087197998184560780602220681207422940592703179905946621759182434308126651228568290684262083454516484831493761626000
10477454733575821232127439188700282474020089524170874788580454677381181263945563034197663357623781546517806024810432585385532095838120233193212458625212054624000
-2521789112303895214212419867469499906316814508795269123092065615786701823184231314548947452093499621810395377160652348325441395775565601661369952851637280376000
576213115616818591497589009005139923751586435361601933146518717713304966563195468412067490327656396393183112216862882181862121930227030630286089835982834624000
-124738176628986896645563710643197461867503897447440210873630025179718484327369953261349385341259526987365115771859806458487020772525358490682607250393342876000
25526432338115105559829813480820896420238751173063315015186632160513479243673565688223788552881188152084235470267563011135951901099775919568600174976389024000
-4925910887379220459738107799850181939516804914605888553571574388784166309888840357735521831924404981087232638939133601145072818317137925472411792649675976000
893927117558421860368352266135382733825355901327344614636807450516597288751093902348979387267944949308836168881203829319332685365680984584785504904289024000
-152094062323121840656699358150484289563804659524560459234965320896187884673095465402894722394585400607025310630883445534846706198612650876678210558442851000
24178502524478790813399884228771385882444530934240237836304095334427523892996380846539707248185733426780150569374662800622136119666817327617350658589024000
-3577431495968800681574472666501888727504547944351871924759279411726521392331097166069650562231562598860328400570740924581846670767029094392363107648376000
490479590561612707718393143827127171282939750956263925534705903487762776639990501149775320227790438297510041487922611883102178261089049935333537186624000
-61997475836163265231136335218981609559860731692384642242850307887904510815498977328049875271762136880743915666004101951493046339917383692653742985876000
7182409420416454452486335998390251930759505516435753039044749019348588438058203284979394397680834742780092590546795385771065078855733401410391966624000
-757355557061556872894063161329079539122142810264395393168553869648753899191699355034620830343277818431414689487083477113470025019528705463594698376000
72090090883090324299272642722508382306921111198774250512528653898421139133444611404052604727104865356370462601258351526214561602724203440558500224000
-6132663981374003282403401898268942244859608417951281727628305626775409405449281178469752832687740282052348381009825043028669303009524251019733526000
460513067555872403461072206083777098214520914988123175028004177117327776288913721826096243631927831071738704904558205783715403925368509664800224000
-30049049374858183720494590334689689032135959880863773372650470356889854268830937029347791673735548441912754059191881915143958159510305287234776000
1669078366477392077550459511928719826142286381072560877895391110084330430394812790521100832318581786227467667765208678341642262190852010700224000
-76729325731656970507226702769450446553028661113356362671843909502843702636951621051848127105554637899919742991272506390705661846583589334876000
2802668190767511627216732616873110637591432022813368911499959758257880991468677790309311004203629614738781382371985655515220833609162862624000
-76259598324389925576204010210754836559737649999852441163895910149821816604973153899942903511019140357209354633569368639840742185494022376000
1374019185960975956007134532140930514539301703228856145968162148730928586499948639513138039089327148345222742296811806014544933503642624000
-12295412438147285639493052553636754644215291469024163136553428028941863347785334405719845734038342825394710843655701947156622192744251000
