-227
11696856
-150670126350
862502767728000
-2776881567123279000
5720820329324694464640
-8182838922719902557436320
8596990770237154768506566400
-6913189531097737033768600621500
4390984876492794752016382281172000
-2258239612131479413014505243383947880
959434561821942922845038723569272666240
-342364895550142618683279963962549138574600
104046515002694230151321058870511974894624000
-27250100788945423042641652627550975547274152000
6213507426115804372354165984017223331010458196480
-1244473305700139209311387314447324577542575090266090
220646408941436446661299259488861284959451721886624400
-34870985709402016207690828957182537334409646355569760500
4942599991076682452396466304933839529991891370420480624000
-631775487359399242771447314262405703322388534695571884561240
73188539905253942210221542836820368642481146168996318454568320
-7718820288148114628348674905176644044122830797926481560978181600
744158477685356986854031040007578159263259679951324309281450400000
-65828310613718740540231672884559253383577900125971922796558580262500
5361478917569182029535924922424966774780239084819959612857628751491680
-403324389637789369449689926153959815677366121568564210344155317898826040
28105458153086008186617624483705293054060629596273061571307393894733008000
-1819147288237690670191213462277583030648350317427138404892849111209472565000
109642018723177246956780294858413946085022093804692974396205393280601361920000
-6167850851039712040194255053762932973709537319153111778561647618226184836275200
324553467050339394847599468843583761305456694229900683057549840539502304683417600
-16007395364626358532009776537055857289777431974688607419747612008249574119175787000
741426099349635926863703515637371388150940008083832284896298943706252083169170520000
-32307834690777863792305655011419817418103201580628792116852306826397090125848292910000
1326704747987665028741341771179153057469602818213837353996847708240880997298508184934400
-51423116979679303540712824993551231123356912320475070835897878802518653655320958066211200
1884136996129082443829185757250934808727233544189210776573146530850500852703359573850368000
-65351109038175272991125186047031211838714329681936718659741027699201755683966595745357120000
2148637909783740336449827944667940066818163181284872732896994946207548585301644654854581760000
-67049588873495232036627162155828487247602543423982756675508787918247933322203634982646507934400
1988273590818554626152165841251480328565432233550679628055182665168841749104822603578205310835200
-56092083473404405312053590187006756548219237586536038373110071049958849004649374641195797785552000
1507114498084765200596442596263112853064105853596057537250464212959413530855046474945704290960640000
-38606575053469917661766207477518882087814153717659752812428859356041423158933016442139624432650320000
943792538986160397001518190107207278456865118834088100358754693116777586202380269605767885389590835200
-22039518302893735206538761024464760515306746747140262430542129324659419124299724131394049395442274073600
492072902987197383606379218527207781174707446613380598947187785555546650615872518859372800445094140928000
-10513146115253815628482646281250782564377158880010269089919843204848864529759689557661730078953888492700000
215114469950099731027111806124651580934077909811388796272212435221913792843829249724617024289398847925600000
-4218738938873375885011305896994216944646762336057032516972121394598084539736041713899299233553974445977696960
79359653518337768282135015351069991029479733786466161857136468894615563383392944628091085313082991808072570880
-1432964157926346722032264099303251594679862426821083710308686425214350917971213210601533742755649805853973104000
24853689488847138589324281565701109894198254693742683647646565552311561667339803353686978977235763097616792320000
-414338959918150188011941460820791514158662467567528491139589331685364179469955370518787760295048748787532621760000
6643668400618167510522713591950965819091492339469554358424674692253522036697757121204390586892907276426605714329600
-102521379117064725872680382288036699261254652035698387776545051780046139005712551137258952063618769715597171662484800
1523463276014738370308713098450726943777585287868118855602214558307364601783872566607221362151897261270862249265856000
-21812606625817441618882035192294668028254279247969067978620887098951907266623133820046616203343083112101985801394160000
301077886572041492359679410203784604832393452831490312621883476969388463184920521053030685245110157245123876410625280000
-4008433895975382413140854014349220090281051611322360887126181435462727681108348792652974364753579090722650631245794179200
51500996425367127763353385841979982283299251661945560142899350192583199402963703058090136638037922378196313189626156441600
-638872272253806318261057805378463958163143812565003651252381767412416717879897029220871010818116110458972735288065366784000
7655521609571939656461554352179326240926963901635569073712087895725507458394533310593254037417385289349645575787449948160000
-88653407350299270928940651266338374410617353209541002898775748329577147283698217412443803407426473737725033836993680027117500
992582433443445375626652915385294784170377106798610083106198342954394644995990645320293887901751932234164497189384388166335200
-10749102647572922108456404494368804144552157772959328156650297160740968454636333037579022859042549104518420988502027030066696600
112639293504528905320068894501026631089270105065717709175502334248441781266672556490914955511107487163409784651177400644762176000
-1142592141399205948105067365175314474749613814469612705206950040640822177835916146670926900572771774524164348845907434524777220000
11223849877958005415034192508825689425559743515041975844805427326336898049365706017119493653851583774615861849784792879196551360000
-106807529787613027448495788264088382086617404155692304421924953224441473294668062422911197874580714250318984121145940237562447625600
984976878549207383460756239797845805681942052051145377497807424220955209387528047196249904144714985929146783142993943615116656460800
-8805700894360149727331934400739036239261111960322209205273125979074106708924573176564467941278320992069117990887741959267473272314000
76341411394152545956602621376270120895827241990408344020194862119201300422652520314745434206616331363031197443988305220145855729200000
-642029039250348283224875917136845850550681514861993328554060260258505750249162987226985296113459077476566058416361106702588950675100000
5239413514266308905449725173377737230876174979239989645145881277672257415011124936118672539163062309774984594763491598591225456318184960
-41502577305787124541385262440711844100463579263359980303732601471145913003636426454681029204350344504697865333139548322428036409786342880
319196749054459922261286552082384903184540262170554073511588231925156625563471250857388249573009902076947657141366740344530015227906432000
-2384269602363565280598975568603547324987086162777914179936575805364684886379347632349442636726731591039922136553157711202690095666043360000
17301522472655206605955200376689224684187655526339717574261760146347676515678239957353237963800708267107193353664381737693867818061812480000
-122000063698196377956273787156188753245735110351278924126384214631956920855631764224280355635681588029106332633987481787560400118954927407800
836168093946120213982277040213305266873070635920791138563518573932302822288683001621313676608036831350838830343720329374030799047274070366400
-5571759584957750771486603626822894479810816454852921916022969914490902431981624314045651290961197238053886643895060880071899159921641094998000
36104419781174915726398894745445494205074008788595505056069876176930452106787590271301767111120314226553273302870593364263257148918864636480000
-227561204780072566198999156181150434209503457037302706400027721544306688852772746901304349310211697080145085544014157977448956233541477746340000
1395414756619561933962693233972275271587244451291440706483990058864908448848891872486558877763269069541695206912387993776179731068625831152089600
-8326641353960401140018326189142566868707390396003941684594095898848702619395368443543713216918111661179507107445162159183902118882052975423900800
48360305710146549625473063717097006149871433717576070346777177396404936867303527120911828909462305274864728820622186354567887058535480089791872000
-273431816311824209110451716794046024570263523414781539273455412229027655053575017431446852892666197889973160047900623648599552538478305233927830000
1505342083793211729691778622137957207355138458410780629293882542164302232240411483417565251981238171643220497837249134713815084850140378063517840000
-8071049550253752124541265898867820192373618285224912586370867274525121190613435841153264361517678093369558395132579342158799422216882281348211885600
42151521670012591701746246539576800830790272140974160069480409115887264974236188051949810060006827941317070579965437916880057651495679857957670284800
-214467778912936231289662347262154410181708774781551536317600876485785097603435897738329226161884929736864324731357701310307145883939207594866147308000
1063288051773234547080670765475914106670328623266612310937533308325871775376960491966650158147950721137327118103898512219443914383548759586988136960000
-5137500768940097614137061678413671452702166128691883136131293518827121288611201254360818832255597571018097176687385602329642263102857310213590372480000
24195493926097496841139243166680852235529403782151778484002714650883984847770692311950387107611292981557141539935804724810982243869678350506198913228800
-111087666503359742170043923189210818212017758488952712998438244902653434338511426193094263203597725686700014103657086080829762552610427522240537610183400
497291158797057321734748649668355793717737058938748886331620669072139723067074213120749321515095781265150876187271385452710128463806058798679077919112000
-2170859207889069993099681084688235802958780320283949089905580648776494990585910702320638828042522972671954444413926784163356115768957623400106241332650000
9242486789796460837880164503812948024269358759800900686009597930021996017464430342458485564387144026492736971380913870989544332089283104707645468659200000
-38383123389345722213632535167884791849988219993577160458929259243588347260928032769195844700343370427621687368447797214832478656733583805540380866794791680
155504139146640526188119342556449630190796309763215065919677328303011392569320041004345247502773337225051376881012701038584126843004171308241629297411543040
-614677789543021111061746247850249042829344313630547826407797974477253317898239781459409679310991300786258926781204087871181489467372793642006632531338880000
2370875214261516058501899939865415291976319098290321147762003309982958409689506254813747203073405978713706785171728841143250688001215450639165934883814400000
-8924319766848104963922693440434601773505166369146990096970639863104307112952003342477079315710759764364935682756711936895817794063746730942341226601769200000
32786453318495749973580478468150849000821157244075255046503292246274544698685527744552527945900100997354862121939034947122739585556280960552252974356286592000
-117574275859927843866632094955251171127633222573471364505941362983191547663237448327808384525111496038307178664942108857637642054184694619395864106064244896000
411597255346834481804054010464360812192815054654968319451317130611085442426636119222513761181454167282326117642665710805670075424204957668389049993104632320000
-1406749364231957871838015528734717402097614210718476685093171931739619441215522024417482089291724140835899406706521653057959324141454958629143473763298711200000
4694453227259377636784247090587835666893881678862567427874259805539300699041580441385769705937065797143484527994290926726872425179732867580866968080739609600000
-15297322008066942218245130457420477066938748819493567860632577675422238616736402911024753201272113001286814169775776607430896929951379110400496172269048104704000
48679279384164326799200963799573254187203511380139908179505081202658479967940985742671741215443308705012045285980736078577275126169440155878796682276181972992000
-151288401370507515965150635660583810147331703695372633958705802828893561985824244991873232723537738350198866826686782208492910618121462410469936914743060763480000
459232393853933065926011327292993067688196165340484242480964595320535238669476680702091510718484042482082236526147676278579780371085275513338143536333388299200000
-1361619100675100248486226106077323936382676426520843283742613785125129605390192746806224390775265128421212282245463866577601929596724293733107008686175319431600000
3943701930605598481513527770675676072529454657198818989828134474512889558023889827876417320548639355693468072524026309670205240928009629274323694572042301361664000
-11158484215513298973444154489665206235836350116195796328754946778249795194905139522647059798249728462345229631778184727116061544132885747277149674750398821324512000
30844988144862534381994799173711111400690151829706255612541981597558057577267183836435440336457719703056723593139492298493079759660194073852534421254663700702720000
-83304063429155099499778398658963397315638692872457895885495634729687644009848638909017145493571714265544964860672982468028746363259235718703286190123644675734400000
219822487269307800162963011163628573609970106296024761912944063172019481771063056193217477071095813761378733628531036569825449763595164207083143729435799325107200000
-566790911793203424461850947325997590941984727546187735074006952882910509630402792597081368484216421468488263950953392833406189185592003600332641911820957857076752000
1428029721619266984601376801103845306650360810718104854272930023765098209087241186621210130499677300398169187939537514844524793844554185425112389511867460790372736000
-3515865973443834899940704976918194790526906201878860009730685348083312541789972674263252165557691122889741325721872630440581232896646608768022273156569678894330080000
8459086617314798754566835954777069890619299738805638466137679071335354387015335140669071242402006535341832524044957614385429101555815755116399678954269040369728000000
-19889526435729833466041546583835549411781968226914688310761934928849314981384326960237313516295508732584109732166841352294251971159430735869094536500630112934884000000
45703267657500412208944364066946020229159666382025278023014176747865971525863864011543072287300732514220792052717969402417460657440524873001214095265191908788100808704
-102636596232858540972883182922576622526469487623982567230695669160472756538903019879286039068980411711357640404103915539455135098244333163083414344828035218192375795712
225267251946381818490920991720454612030319292075701089960110774894955395962376272783602565753729715083517916194759663345322821159268980964297406398841369379627385651200
-483216404397924133963831680542930745837742402343781421304204906230664513616803839537335948084401296179824045694874778336875643899078877929091329827104487722595487592250
1013067358730531649884631913393532111098320830056477749321621342982718800015807484753234574651078205704086371384098988439211433468605486039909759930774675059546383698000
-2075828968371572810878989262065362335812056332782589821376238194446660906848958425415370419265809892622887985482838098855707262105582211602132253055786758735919036750180
4157222188974664318180123708330655134152365948666863643206022624948595189475263863683669399762680169550924438265496170472172203487247214517923272129903812379002707011840
-8137170727443808917099008211238349021479938055514427488036122682729100030822651174869808590387179016444804750174744426879788395312934243063233080577959683263652853686800
15566841393900078792166342804472029560002323692611692362210548452911569056647550215252095805229359371162428217870617412268191491740047192337600059175654682663916138208000
-29105901432245898044631355924177959925259412638229691895549941145555809085477177733162096929659461025174660423177224236025840552026542904229797660208523872860083343064000
53187541360741694841064618803776284079607104444642066331379711380608541332385839628270533670528323181476921302249342988016712962671713848146457134462808178970217594370560
-94990487336147297020160442957674199394553497032864477569445610187913167486629619400987269611730217325569157730168822822402469685117578046378780196945823019892041403267880
165799369446011265937474351925696988234086662198126713473016047192500152744524819200615000931337946592021184252774822082258240017286581959580629721985463377466208981355200
-282818342598911781872445616588230763641267865023427131231407597828626730828916653630118583556737722907047267929604604880390617882879364364470529117764008497006395650038000
471456610859983989987460712130517904630089301623856997189647322129517610192937610895857323078277965912229098156239589772145386924681878135234553171416758225329019776224000
-768017251436144327362736381510985009027251087323884186901441293279253457951546172361930023906445774163855248726049686828307656077457535049995104500518656804925013899747760
1222584878700824690527432272122109228192467301022397603091233542060349752892235464157253729520205012863421905924350912365689889821406170175657414980756222049306716960878080
-1901724594348907281213693375079843083825468007169584448569556637905319876981995900282298315135946748088733786913175281013185052283693936101938842534785702468582879263932800
2890390747340409716862516020220134140803733466811613509782474463597111926089316474193057442145103669157310680094942918181318960583755075262763911486191971867746876987776000
-4292235835399943885578098756300086352130081242454186670849331411918685741708541772271740828316655926136239765247086095657665642035858894317432924691083593254414042394125500
6227365608705821083741941710448410658044042721513555776817503228973488221882395159161816039332759684702014639671682010080448644216972162295313861344913861052682328142230880
-8826580837672592062445828715414610208833020395247188059907450978465753408131582142229121223323356556291141316776155403009973488821888719245089026684832167572935409089942840
12221356780191769841657605403545057034026746736350403385276085578957626080396915067587362071444066276284462409086147885513369743419450714045678359869044308102282726640339200
-16529295773063421364093615781593421960967968045305912175347152815769707479536094269415431033899308958862636909659291960752993912016126159770052109711488204324786604123450000
21835556345768389791727289925794868666783864097686220993585032105801269355426988547066157441655733216770569581842606847662889304608303590547096449422031712825428653021600000
-28171749562724914989513399966928855223469724039632591521012439866635779916386224468123710416614412424428127306280401519146933938821086441332962792456540381849305260825067840
35494847657469468787278669981576779652639718968929656121031769329797495085213080852605497690824912948071191669436576239728657435834049878804146971698236572508523377614251520
-43669539675535389987811469625446674239364785824611559697036359210504406068091318526459109758556879784839145741158876368346913418177928835050548721888953193107460916234639000
52457920273230602181095242251593851920668878524844165008358427143380063165223968429408781511838158808564089804835217372716271746728324953719570680486879567268221665364520000
-61520160927616914254629868980586093922649836330388377524771164367466254714723150359552472600301682869901881841030608061534730396852542668991500225011873056351452571208610000
70428741151016674699660350320168155140418776209406948405465394579096435782465994900692245843858376093809838008562157924014619139855664248405503525025038773855997982040441600
-78696941079865073763472382735713865990031549205391319361843379141575007323824695896389063166997075161035951880622565763795592466719883214451465210223778738390292288199610800
85819861910291418830870933828390146367481360000037269846498845037345782663167180238343868632759194301133773644007244420902492008009674258771365363739509614504890937028096000
-91323691381464971208223295832045515071789069395969799450097813588250709679820387078657461553807402524019335717555377665489292589039296454264593850654545461837943748684160000
94816828898409578904056210948915417887121533701412732722841952892069325884099739727091533201389846186877873656674718285026816655872135332128359613622107878735902358113280000
-96035373301049295757940370847438588687311494036872294795725351427283810580032115288427982983548332882013921329840576969236731604301117071357665485219048249521219228262470200
94875731626606626510139925799977137421576047964824880410822684284938228514851371795303568081582720899757435955964565218479774041238494115324528287700682364636371359027249600
-91408812459181090965892700192517219924727570979675243910518654631331470355053228770166541645435874788537066306453438178222111211427957769622797506268547233265914106576894000
85873158906287780138834047077617893384064141354687571530977666438256370208217418423853245491741481979821791373746765664060517740119757082682262251362977114016982803272960000
-78647885311517953902435272221258237943547441775357634946556099694139246257399600982851613481486761065175125926141585313905515076307628503038078749175498782331214210032080000
70209667754311564798706587917923240219650212117843598153943046720527465235623136906785146521728346774215473296930949108141768169497910124438474413956338747686972641345075200
-61080576465165885575533206276541364413763773229099454875325760597735699088895103101551760689700742387076046644916738386176607937558912738175480734713866627895913598888281600
51774707864624817490967944220927170380486055403058952033156476766125423158287505372034982348041362186900847742329653105138764804901312242477979295372218691364315589577216000
-42751189299358041795174601051187206126602449020985291848522948236768458996027859718511736948026642069363812947668387387161951310169539463256423876085939505465043041918120000
34379374525669812119728659253655955684878157246384586785367286688214627156639049123447273352553338995453522488079812384312023307726409523198541493152965882200241888826560000
-26919407132919798562537710389307287930557364025205426102632398978117951485383565488390600300862612737997154338503739600159057973375118377178539634898216780218313968936201600
20518441441076449860190844675520017557411255750274564377944355816295369607955572914922529992326730026486117981483921487238640405956863253327700536322678964382400798182348800
-15220294666861232158663064034758206642015616800965904383247325864947332546193383167184117113358913278503172630599805876063141012328399273062344114034653524654265329776624000
10984609068268322183404797459012237744914207721636657912998838540641597881578972782624776292176568773285727181695205550568473583022935089650393693847055235140904511449600000
-7710922728494736800234580538921491900933467324215348481469293021015189581754455956834600691558614616813368998301235419680002941603462791000786668494235199909157206428800000
5263318488700538059497262745652730341130226969645637376543154328532294629126372157442301807554000977954829895199641639607862252776450161080177780186236493678400726308167680
-3492283861643277335254624264314326146088893172363338875261216777967595929507823055007477694042399990312035732051854165123333964401936342997187949256447528879525120345163040
2251719940157496318814625750555376429218795431764162446304592515399324516456255409082672585133789134804913076939814680822603532858345754047151092437685214445606544446752000
-1410345354514124303966552456122063036164846463305132046045784574804304855102713943733292433151749948876514960606950585182570606917493734663101673697319248853461112061160000
857801263030843432967141295992845555656206980958472373313574788358237664749592376501182951133276208723370792182149527294339626965703876318296102400466824432953096090880000
-506446924707314939173717464538492056609493312924525247812202843410639762006017054632442242970013598662634564310257355173253787784782390434959448852423761869690116516124800
290131433195167631586713756431684591998015033026082532613150482742617351525561737472655780228357352330524877231308874634218341599609166499292418914632922156538082072422400
-161208459967306492553842129185036677808340378059565541986023265151487512221590501696178892497974793794327688849240424998272810564569698992255674741088604404392084305728000
86840473522954078224829406984325052036861668613412236179875771248255687553450167236975341773820217983507166736549233090532458496367086799256244508024677459919173486080000
-45331158098155937631953275922553657982261822702174930588579410009168914406076465193143466894161292309266368080548044553667891629439258181806935526651705007949892279640000
22919221613746978664231394786380379772828592550429072283558162477681779251504664826943887542339430302981599218869345886243073681689318439093855729822676507160407187929600
-11217804936570054044439536591449270744979377895028774453043425980881765755166160524761268578865579064642947727283923976521966893630628660225929560443039117116058934940800
5312329484675000571246496209625666262599974204057207953970634969355773425192359469531488108496496591566450695296456319917749199534536607090319812432060618817865422592000
-2432663329262813610390010784087579460733945860476061304182173126387030129208305172430034377433674664285395102517347938486554175941219867184156466846222869951537796080000
1076552781528696216596547982275313012381574316575839900800979613726552232091063748656924034558705777918410060765214753551004966638078543726299527670140565163178787840000
-460114483828428086589145119626753586372169255691097890012695691417921728225291484155891438482168184141361463366939014751757773691382655156594886770709107476528684697600
189792021947046019763533229904426632157243577742924838927415497504369018566765885079297562190720288231112285867868158602682244963348762226815050468069149675359876300800
-75501844668333058806212424494043417984645645279947720346965827661175446432335658221785447849579888967807662550246488333016903276570898384772209068854006076094633950500
28944839911508928555201842244756637998892314279514978833114231764653692046867115879811436422239545073969594384212189680138564224259239950993238623942527497828971860000
-10684734320613071113227207841067168979663378740708406869179934687701502380888639624780005479173504084192251428947283218890558847051589452629106818004929708984427305000
3794520769639945096989354758337174224888212137134157169267740644910482265654705838080978145713583146691181151781830705796136927563041787463601800666366095729801612800
-1295229874330711163494934635206043461343167580024994870902954057598686847915716307131295981485376296401537339736441744197853590460593683855950916600844924336341330400
424523280720622690604127098348859100422198243137363363082933742499299046754307285081040090816408216914312529605182792295516443883087728584804959137384303577991232000
-133462132304909566924188003447344363144158589599734808947994040819912783166177871865723373107647976570475000698497038951184577360959500428724648540155635690203600000
40199396836770821804290661981261169252885625533335946090545009441678737345172335436336163087498423386596949782370967415209960323262668142567804039973142660860800000
-11586471153278270114541676049549000507912959419345753061947335346327854071312296381137990605894233080601905851023872083248890814172382525391605319421259043426604080
3191362862148971308497803793950181373036692468465620654769682625032458605122725529796380274309819700525680263117092362624530506178319168895764560147515423758106240
-838823808855693492884005138959800392751164756501661148965906434503311404272650507476379238358318211159149123172503077863643017320911505891752644534410913631156000
210067259758566256074229732196004272202480533065523139540589541218524441070973652288486343756408647119862625910365011612822343147171897905867341881509394274880000
-50038368559848791245286412323601267549576834012844359916038641918955036148033492289882860574232961334563586376620731452275756622883386772896553250466229946340000
11316232118805542224751982456240486538754984662892868450732450988643632684138258434813722948185843296221114215904900219451012277070403519086468580426675774182400
-2424792597235809111359924980549409560205935421332944971781274786495818455954123478833094136295924995111193127656312039199454581850343557334651211278625761491200
491194654344484657439010218002027468145989858740459808981807396830350864610184410284283346240253657204722545404952005886981394442366964868836437580771350784000
-93836071980333896397314613807940944531864972783143036271140859254873564534097035664746714512659404511765713705897012034391208049791118820287841082772633465000
16859172017620027447314051628046989141413344621279424661887627651204133020388579379980591458422449271040894694807347598404390942852972699837892374661743720000
-2840063240791364714423947608724741095953735537221878589867645936979489891348452521856594420512933687858567045073101707676785041144098280886523865110251566800
447051126243028771112127419463690968317058885578736442528075800776089152502638199347970928302478364917967652385891978333795502534485765199630719136871206400
-65499992575434862446007454992177043128511764897115954833734851106055248069372386585670802840686632987380228527970333689214208441384584457092565982473676000
8893296177228476551552952958006801685548115933043141391165921285752393222405913759786024499077115634073094133269352543048326478408804255233534053032640000
-1113312668880488603154272847153746922509549931088661227957774188383668231811798051900892620604618393094179593546012711356800936778707197031484206612720000
127744951773761201755116564225061626327542516700795222349119184319891320746993550400915834714697586954494939192386185419934497970238247118550399824204800
-13342360039299089852380894578804983391077560954281874110666533461737620156037799449238315812858396374083801412133442248614129128278698949946332697688400
1258044948384717427521739088319865069472368719595054493647336077855019930191930802408590588228488179849478185348435591833479864290119206985956745264000
-106019485276508570348130734970142656410168267022519006124433570234183882257778866754616726408869101092020034768127357657038272377786537833068697180000
7887190080827809657891421412678405330820466144082646605616625562343739536201392727017211480720688740775369238603832533106327137548057108658891840000
-509897061217153231808724330584105997523496664562698372499471516210197541503598302537951543867252790700126660074202313968795405235286584565984970400
28062556060516940420995700346227082192075490558025700237066797067484510791377576978809069222890102606456470225414217971542803162761825910881587200
-1278314226845640192458715755159479740305362314397526520416665843204746504476963321106776243920710176761114675270978803386770414341374465748096000
46270096087235865318540255369845835077110984856231730715477860358514020150385770435604923466333091720525375846845137567539800635735165363200000
-1247676977160995810267557507880289677521746701819226954281759109236875583216516808820421345861540838206928282859962355087718237008722870225000
22279505923032893086061668881457419624289560858164566255223905871607615352646542126887128822890526770154334176896908029615748864313787154240
-197599972259650336126281149723944926967718127275991630386412979869963383090862314658153914887019512625889133489981583080427876801905896720
