406
-66923010
2757763396080
-50505985253964240
520274780597399127300
-3429880274601517902777612
15701229701509170843826401600
-52803235486175341547788188580800
135945229961376302773627428263055900
-276514276077611762511962801771355244500
455518557839214513091707041126059775579520
-620088754169307591106615911397346577971740800
709192063205913929128686025554526407078624554400
-691009050129752834129191371420042602807194494079200
580447602108992380668520751992835786358043375026528000
-424658045470059310107670531139078629458595013362185780480
273008676263524848662189125058084222016779559762298967778900
-155442071464132260459575204017067766367456838132204180799704700
78926191545392982817054431985357569076058825169151772196669813600
-35959516217253492656052708312442343971702978586416171002901018260000
14782597521750738295976707860161923183327377467089823737582579596503400
-5510623853941525220333539430093694697784816822454039848843283838474323000
1871243908353300729364169157881733287128781434718938754622089639299446144000
-581206943005303937504042612143807091130942705471388790086373690669894324352000
165744882739672265233357707414482209703417793056823476839562052828883405760520000
-43547412703302915753975843987583261020172702745046463928482118811334036709345199552
10575064007950009837533542232250988356614720240572230056952107432054135305038621240320
-2380578915161388565717581639379990324058946357365688556867269539577651553503392340034560
498136137997520557376403958040262975309334525278770330524476151156623587570584847152231680
-97136546909516508688398771817851280185320232429360214452272849475541599576264045194685177600
17693529949064998187045934507479186076067397359488440129386446501802652964593802792262121416704
-3017197940065584368264466719472582329048433654824316468473677336610728152521133644726280069888000
482669168904319830599744943603752594224689466664141532552353546743043554805460883408106826961419000
-72576334619445049863375973627441392145555763175255448605004808281481315857419470409024121757990337000
10276206272068136472004653428494469780609487298032709193483725795426351020365414287672204367947974360000
-1372490109697420307200941511909721383898203123525248639881686417237143442280004732261499615383131455521600
173192154737589596481205227513669625866290230572005526671489966570187066782771584810220406712775708515434000
-20680205959451832409052720910136619964561625362245454659173448038954542911453121003778158673569983012339262000
2340013997317696538074752198718173552111948124091419201988689765914723459410075032582632203595530930991784416000
-251255349093977389951136196800564440278213548905976414840751393241527325294908878334143706988957353053861454240000
25633698852940308266289792638085585608284041793259978783090559016983721544899841039845176346280901551937580215200400
-2487963198305458652698697869046313932135385388922862485636609254262926287125599979093360943948519031949063593105902000
229998375665571288782812958560725910170737849287091287561073211060750518987611020289519589485018648286846767718234496000
-20274064496811502241668110155184983191453785744594455211312406409496238419812740597040524246292446959615086062786309248000
1705911728579852125603168979483281901801560794315308240662598659146145267865441861186932541178222938905628884105314967200000
-137156145403365088603248170231433387513192056534947975294083135947774349237748372771212678499638348101809552716084165493728000
10547281654081080915652430179611928552054164196298078705034597297458337480135356908001761363639485823783766738166925996757760000
-776492880741622429185064627804322817851929633658382818272368245673950678760512760469715910042824201477810155422305420586113280000
54776450040233236397702658023564321280863640285487967109133921747343121406381796868343691966614714893485868134157180824089480740000
-3705794528232105686905802272410525000940060562171277774832223481478417295146033808542027323863832242283788833974103151670543441900000
240633544214034843515816127077613994621042268568254619542065532435712140009930617737391419058703628353352457660808003691835736073711360
-15009297595372527042594551855608114731774237770538557555327566956827281443487540856834177958857663647022735858747092071874267836185529600
899958371942654790854267707638112003584327188688223895547473774350710353178817298150975939654404852965639870654727637498934464798976436800
-51910841983179967176128313942855241582327440869201442906326284527135117975971602124424413874825295518499014354778766436824440914198560030400
2882511499971364981192968653507243044242269967606686431890381341095239472794691980791084051650106944566310152375095288563310518802136776448000
-154189113494831913709691058113276199746077998587902657266318841383127865895002282348359041812084447870155111426765799582716640779468612870686720
7950376164577270550655945183965804049407146802188730765294565258817530585211055183587263093435604343304872932942611540983826790191350351144784000
-395407027794874551083053928729295899948154087511625250283672796699460854008155978439616830248993228384612035277130739019068519404939898181111792000
18979537334153978451986588579006203197511396200558012013616294241574120992391486965101607851951674962461377693302275472915288931437115112693366016000
-879759622680958113507697788039513334367840084441550711995707313228725163093171036844001704955950161898292329130361579699007884381509827350944577280000
39402478478496378441535322375649714438925851070838297388705517876596313999025145915716516361188216751064739438795272128985898679482532922988027739532800
-1706081784483457138567042049060146127876253290856789111470381486881971279213366402636567195252039651128136386638403727240409316244243023887991424148032000
71453048555556902094741215807047618475300148231429810778834457943835150932132748151213898516653581559422719343831918016620181228093957570701226679614976000
-2896053807504855673790560635735028783387782551157828009714981795427293833459158175067101590495971706908454167972841812945235246565832872896446014681184768000
113650314701740844971946952292004034824646525213161443916402874462154104196832296157296364662188108439566631582020164309769803108640619138030940527308017482500
-4320352827115100319950147208182499417093799541067709507421865578755274042404125897779769567990223499310588465093453398806257478599261178787760328764844496066700
159166717560934641723048582178403927101747692917939858069573229586466110726587264480187653873064983280386418016115105932146051461342845264430619274605657651236000
-5685432314712226998522092004134670193580738987817532283778538348073308410932521295968957392645210709302766979200269300713259726814867723238061151442457871998828000
196988426039073380598447535503119329812707040379805900140295671674204344103010618916474611113856941643342323371893067734834075984529322594164414618274018293398839000
-6623172085319191640263912885037140667878403589329432779869319395767330473070662638742842548634877112698597440402390845967982506453167677853574599878221692567909925000
216180336864818415138214116567612271399551093155712685934934585077845666641026428528566380787442388958482220454734037212394949010631393005140674940025156045416579952000
-6852715121863451427695085252315334836003028552036720620704795084807448581809723893418421903973290328034252413720338321038415171028336331135975828613632178194275420240000
211043532915845630272834828453442869837491418670865455350455622083271369788403942714513482602844087085517836874089400777473969692325608012831946950197454574280952814845000
-6316930156653741592780834111864010478357805163808169672843896586908682000532735539606662050953622030165076675975863773655946797469277680109361111312656293259491825978135000
183832357517227951100356779413193701576168705424483184635574024852039365157943158435302714470410738993262713492241353354604032440596072151612086687141144429114794994133600000
-5203223728475622990691360570160707986069937023882203077158111301460984776206451235136529861964189185041128867166797886033753352693287332147611010408253999236230333477511927040
143286836262349825640472266670665202954342829469997095126864470846673171486045383216900353158591400930166543907816979181531995893246932661253290740224529279521259841228020622400
-3840324049576863508694640998454274819677138809679343632201830404593066901894588246052957399118280274516777701595458375914944319684295889425160511326844202094937567480185709739200
100206956528340932894853985500758224223107353766307554289826591122609887707029860821400245401845041114412803038080573322361808125989701025316088345522546149075530689121374390617600
-2546438434643843975718533541178136608021745036142853160165846534063501865229354394643482121375679265428665037305622260224318372014314474300593659855495626744533534632463446800192000
63038674973630010021397121895328008066958311960363919263130634604825778362418436385896052090980800015227495914148995065765641498196863757857633920760203924827642983285777915193003080
-1520720359922464538353395742719561115195523064399725548143880687712056099727446733573799366666664551502839798172829171472954870923198995774259565433367059320544915893851013492938967000
35759092437248767562185024936477579869987290713618293555640283060013178768605897968295741442950574891019780810336461326581177952321362227819709757555105961226947909251720916923790296000
-819863749918149381643843538052231718351703092806484048807187659817085432858904886979011100840428865192611601052433307758675760492858499027063390488685777508769450054083548216774844808000
18333064407891951450647056892556848146475583047478323869160724059798715929206067611613998227126256568890342745755800354048166311020863658799611926205334747071094647042701564291770835290000
-399929773618305655375492496040522822590195587501191156171943374365250576653023878523750017242297082917560665813331134892994538470077417595441610422304361912888899434608614013784123615348400
8513377982485944075489120954113022334856732462978303897743478212556118278563017771062628814849547422193178910985783379874670110428473313443256780001027412055871866817844806696886482152576000
-176889075858319060235162846491015019624245441175215869875336713971999346454587147020967954264096151994458272928260165781840367850013834401543224206688014006049782121659664316924196906947968000
3588308200508142795772495077604149207491214468633395071081662586685087982082128628592187225110458769255351111937790026213954941411980019861470580717592135361360068834679750371159083226532824000
-71084380921946121297644371304412962112546890335261859308014024086566163452647041251804451259715646733708296898083363459583731805537286304325546796275845211491960005200577329818258748199898760000
1375491546689153983667603479107218522181746839949086763024800750522473357396800821931212650943554519315370817607159759901397010897863222987008506501369243835605412762360208440295630019488806425600
-26004115335336372649810610152352444842430065997854036732924487561652676786288630923492452187956548456879347705650150490443570708986230754103504013443045763637628957252904532347600816048915600768000
480424801892393580339813885957426335645141101159786322306340733576412142536097092954674117856231261259349877059064902231999295711908657311043611719059068070834512677640735767043836815595584868064000
-8675697598932509669618974610478962548896710968533188382710190791432429564838177437543263550192067522524462856772363265684966354417375125383277671819248313652379469485798774106518180219381155484832000
153169853489528237716224540429461086196003498312718128984018760011708806260157953854317464217967692792419217480363135971803389688672535033928397103191799109299592263443255857924042113425018136672000000
-2644382054521538420698355885745679922580110922504479157355007979632616156476617279556239159807840906557299799981480396554311130280527020074395288758495003991033658743419073515678994541259335279002880000
44652640551718946292217680440510276644088201145849288896222476322746064048490796554312276264029535794102321492308808519073556650852388765622547182790472278763526255821492645454640313640492378051044725000
-737615683179086052222395304264766794341661902380265429405162166799389148354211822302805203835616820052071582802112996247640098796049976477246853117182988082833308041616233117767922205144097018103914175000
11922277981180329660410960836279495941195841360921841226303845634798289908092566597220851457914459622066136603658642714859815474417787374897540972832835235951101632019592992434126416050492343639557143400000
-188589977228067789909377952581633675466105220425519605603511550657173030905125095643315447992834225845018211238467265921670389967999353705462734896759372595212635600465013731458503102988274716473700819000000
2920051771408510431840844466592983177446986790980575365322531445755404341322594930902839070541848019293923975531931758624775650108514793033902802047463421515234364583360086612410878645429250399992194001068400
-44264504036050878406794332329340844392168885640945130047706072945239383425195516825817127700542953481375937060717602930589371890454875504440501891442947376336463676830495735056382336960685436290833537825234000
657041127191023573060175156697882091615861721194005990342881993183314923214128609615973727897947846216440668219986625891654928853011085534578584015697544139022756491761545305289046238130774057791811314247072000
-9551652551917239381878747656899261131458149276518801194515190985265633958200152047812496949054274906063059189137890220698677039514877998750254621263925453853243723768018460533397467637684502838255979221640416000
136015673635936872189068483183767030276181966676167322483286771038333297174739961021087350230523245287706395738814520321006863685843334815783488976245358580110632242487999564659197297111332019891659201157272270000
-1897569775747581519117715416505976480164156415095507667889054107952569865917816611756414188327166519813823894329505685722846867154943235496641652873040802590965664929643691704289868069477649824177414366367456246800
25940434100643335825603514415745637891884516318856352597700134476816903827427610498912888868552222983570963881186549779906486186810188765778226938527862876288031873726706216249459214620128783641300360152549063680000
-347534751104496405998938445775873539987989370652495358188787713074985974965292941881103265340258522733950514179715373490306244801838974951211887101054529042291234606980372643187684562227067319101068944250069283840000
4563836839521426911837225618688451806159148480931414523704817522901384752862127099949618429243662418055955774857284223958949599518799680317817830164842620238840276682132856524549384410617657356082727394433437272320000
-58754453647756910470504405732387185086362474194164170395864856848361358881746204071441283296436695998127153904830898785930572846931908518055031244244045364753119646487301663977144271738576195682150792746028650617600000
741646300193702436167186852391891661268649492439657746246513617817464504972098200417822797154095471071896609818863814625445617714792725571376301828170125027349791927759050161091992354401915192042064750484085287663616000
-9180438720399523338368517392464033497150237589435467995194142068130070528026909912890531929872321302697046623368558939014677249068388324041754457700135266499979994794429959850575863479555887956683345947575705514813440000
111456263839850463029880281467883656676339603234239978629153881045891637504326703161186614211106150815556331661833910868975065976970901996569425213015704719851319624301126231310897592556483202224108746894786299765781920000
-1327341191427248834017135622364841727605993769678218406312126496123862764536803882027736303801415853713619287870631789812235206979405916979585150275484311193799876365306552010083347498417004551070055980425207004971662560000
15508116844129998688608946822089686666643128192362317852757255091678002629060349449606916002555169531230836616672570865273145108322021732393060112175249139094073039959075627670903007399171896817057348420111067377262022400000
-177784582446532569465307450785923590564569475113213109412051433021126174411680048423769689380974805882755264294165984230996355615713424337984441335879145347991796420509294138889472654426907406301011845090469492335279582464000
2000076552523491406484708821341640393851406595023647480885578621487669462131400544767409005535966566180996723309367322598709000676776023802324965028640385164907709730729559062506567362302708320886383257267781788771895302720000
-22083831593561849340049987889497035620531708131933614273753565045072450594840733299726756443841386410881664967349035189482582316114593152870919094834093673498451720554502203493365485945647414316386454100829382279750577786560000
239350416076386513042633135045947762106124758518124504257447429480176218340175577688046844904696301783896425133049238617868102735527541071966111924705741486282558607607083922263054597459748821410120120745788835004432576481280000
-2546721555138022586872307578776087780194926063817414707929587701216407859501868170902228540075920858081250890256492763840638117341685774381646346603702958720826531897549422356259144938369299743377575679215573244424325857024000000
26605458601996080963800171036163857034819715092808097152923295515291078663334933344294975878809807653216045758793454543134044154195405635755371513727406826258768066148593395943486161663091942791302012144338470597098464210226560000
-272932644950946067915987069788718701410064005762196035235524511298350082633671901758512663214113725870827402004096913127929633340576391603188171880628909792359515722641075411770500925550720193124759628032164236823386642446211200000
2749717547412272559536286824036411362123214041390272767779990024066795995101072897910003418051785905790265424974357720865312038342254170497263689185975966217676303523345507937772786535083418059624022826033263345884202755179673600000
-27209462943383507705102709469629125242209002874903401761255797906865478751972788705625810146492082265724321896796627094823403352773074565578283767398037145518518499013119568830732404904999224499446994858679473575403948831362508800000
264485323329741094016951805237432951268246460047025391989938316542671335475406672733014671208032428163056526450001553433422597886671678236949160501776185729006098781380128171009447531028953179870405037173402323138649466202877248000000
-2525703653078655896279257331922086917867924643204909168909483913577506088807737922890614534759790504872820951560395634518682832209162738010458956008353692723886656337184659489567403235351112506985152384107554178421825632102241091284992
23697960201725660261385624348898593303452132454762110720632194744677834907331861992553914153301738070411653372665440521409863610851403467752454402053688968767331590324201743358904030356380808707515010023725199698772684943181521350328320
-218491696181909464969302005087213287517915324009567189468228147057896137117279385041026406596505769932215620192755884656041700538091614822931628542761356902379786645318436893153483888784569466207975360877804158447851054612542283802050560
1979707597753712395851002274121520200110447124015397241878503716249926595906638138922757086917997714720292556692809850400311433610887231670766975123901913749516851017505651468653624893667413720550925187562975032342552780721504340514038680
-17630116426243098882467356650047394150313545552758956448541845936521715755085886605231535754811169480979133191460306218380755537766085769932655001411372159612382052553287063241218913593957236723576970024090804934679683272581175154286278600
154327154061106454217555672981148597693537554727393430838549498252383227333987320759262276533949418244859706971116678149252985280175364760991553271526198331622328480859353549565263976416311110765626191567094515906317965953406433587248219584
-1328026483070560901263185945311527251581676964883621286584860856268323121994439577712490920526250238290872165197812216402944735228127556149375189637703591784996641128774840360821068569272113704464416283414176483681924457908588956354343035200
11235482089210142537707114702150072039150491548865035646123020462822890728847814912175947634103282835567840198355136274356685566428417086036024762102454193767787239558939208406184306699583380704918992950565345719267668054936921214078651027600
-93463026908304869918932037259159740536202011416182000125505347506529476062963956180787730596155563310831645749752006182529436997187081743396627037655595412422894959544305935855322639941409673841749960749439704141165670828187186719884180154800
764527143700814173184046426410413382154007097171352872490210817651985377819567046326247598015333545282632664720626791495317649039142268125979983252999212195181265964461330800759066014401551174753633004838366214315794928227006793574102716704000
-6150238083134160040860698525237701858490048533519298545331264646736638037174460588693414902201704603974324148551759370530590718424015751562032994496870644672028564297154467491362821807266162923555823784491506669248450492306704692054473163165440
48660566667703988991109138310082465937036856747146093702626366155030255750438503598042513883444931430882493290390596144217487334243645387304709581243082295702025308133952463921174056189193895016931187966181178956413183663719894281750194782527600
-378693749877538417601595103923427755981946963316393439653765540261431315823927801430831470798292439624631741032952379295509389016514814363441686525836928002893480243124409107974539446181841582579683938017805224925483749704756449360776051004286800
2899103086649132586587468672085926244492754236285634969229247303391860659346885214566466172580584507338495630575309456114834322804858633463289769059799275750779577378995686445590425064993858853573686236688293391742077653694384176916942975636262400
-21834428117268698739054681632347371122993796009166408185259247520990973751092697168761416339892539443370487639520012189149118393610527614948015669206391574497939558113169986705144180080357195335529990825096890062592434645066938228045595833534016000
161793112348961057656395190895694020021384028427923084652771024130543115495596886020522095078603717275375313408843290321594967296654009626764796108819361567029732125618589601485118374395446817436277232013967955363809940719946012269817865126487058560
-1179654977141172481896421955449189008208828622341410931836548654637235416058761964343080342644685973424477066303449481845319575699737536615245260296459461593923586352248008434348138119837633590939870538030517829574018910369688356147650955153660860800
8463749496774831645552427947765575887501867409808401226475757139638867392980222718976498677399921104307971936929807748339916368559434085360085414481719065052376169646519732008233179829059220733408696214935086066263264421791487495566006694306210278400
-59761132504808431551977036241088963062679452770306891676226472987482866950473637719441523523582689055098789381264812526752188601261235722181361080775195395653451905068807498922820878085890444717819033712447174524404810018544061079871338870888101299200
415296064522709056068667579202397741962389522772049724659733543474936396969678394838518689223971136807471814710660661897424304467676700789271514840842286676006096620390391618189549022577971309984458080534511856142300015609191705324530282180506143770000
-2840625081335329943509686241744400555022744335760820116672577437368564955272600220695467834291962575763107212620918927378382242558908633398617161511361240863881700883470278668416515314433323760293693270856061096013332106766871264419787130114662023386800
19125844983732715025919974170348863185253531012778800110004143076146389678209963580137621672808335000634319157222475345156005791520668374243269610626316630173780339219161868760139720300594418562457818457180610269273476447888035460195526783357867029296000
-126768355753856521589034205215260152132644152268372863314154444924208383286638828899642331405031209085836995230297722072315203919761708974859585196963091859405804833418617102915846717547930806027356470182174430424232135277044733900570350992641826137488000
827212135893454179317194896814625824718001003105509043974558214111895208177769407061891787453612161114721210840801406649021033905194511833209926560095354531071516455907130193296557844802814370302324461106581249515903376525682884672951123451437248606804000
-5314598576783155572582680694885552655675513403808579905738980715726776857728757235091794743635240331543545782094397037853390170310680563728205840948569924487157594238471848796038670699222982194859332890857944080208138287047465350899796562924902119500540000
33620386801111432514627930639432445457699105593088801309478380406830511592074683991734475405780691903581428108452804301328895256948490165280795847878028834302402814823427958677020454784204550830555466949029170160022469832230579030474375270243505248054616064
-209432552927321710329160042470584070461132953068478044559087836545948498486045688380597614765144536403016891425117058854403299759689434701357740373376423204251646147249927201030244300481316318460503738788007463869075545047185224007430721964345259765248778240
1284768637097262839697563674664162979336794308531056536160346141331820143153749459208745720909516336282565359048852622297103898958634996498131719987854363468879601443127886169339447073918712103880025792326085260954458758250850769088520216648657477365315089920
-7762013500737092213674541322428492361000675324559858718422370615153800990465433156799319965443639920177468966389084532171921616387836799937685281845541418356753188658090800857412532843056162019541219519471197411295067657872744317137944751162787007191439925760
46187187772981044577236940100400946280334596972587589068298403660419311678802577461946366736524138367998162444629263331932095568588780958306887627510659679478200792015085757168074575595044931025369240115861670546549162922879139738341489428406666489073030963200
-270704020707647611569836036315403023795221433269803579783399230710813889565197491571035581541590029042089042746750934403025611201188546743814824296249885541186469582702861209265088410577060219879844664722355783197924419576838066418131257769130951716664414691328
1562866325995417875803828201114157003748710197830678951330029253569582161567646596224954766871852361949930576344448811786041188928623883033612048554532746488194402382057527938105889286903228176081450336681911059307543595929723386413027683948179598791557785344000
-8888536721259265923782354822897088234188828613870314826163447238028277596806510340581270392448552357688949560063257964941772735297050439808226388523440388329770322801472622380593545436451898589002810594686480817523900121002885811638732278374110650159929865472000
49802011227206218686560067849233357053855945997407013113488771514079924852608564907778539189735776132617719630875180983509679379565335648007380284231319259592278264336147197469090706108291938769468078973721656982402778309762684034831467763208764815701398419456000
-274914745334945763569593381143932642840507359031214576759342016085100427704829250255331436122921412847097261306387638232415383324047324724404491735528727474087274758887347104260074897786586033581468998899478890873747863099518665024362386127708523153957859911680000
1495235526619394856889683750662367400724253228205866906627490037172853248121468964396536243750433040592907588877194890505022980957306769739343117628440542913359991731579635211279522987039573944208961622295618861316295213536116439192660984174907184760331116510260800
-8013218748517928958945658663757677846981583935659040983532957004508580261671766567229074198549107126806981123755855415088355672994262178092698938519147333004490692928219784166308974798217754502518726274495424332385060359876918913253674650540381604528428573358392000
42317025331298460992158082819978055485782338089119715286915088293280489088005390644925005766091977401251071784162913949395114671224690740215795278434905775634749813835841957292222734157696808109018263673025066646620571764824795992442206872721100721490777809742656000
-220220864220807870300076090077530422592218997349102927230075972488502141018903283838377273222937989361239863840598201778050145667741515095691119942916900029345852403539476830476260332860938107072514142921380439234758048711168281361248320135139765646368526305833408000
1129434340073551369318578817121302293737756115940484004391607660806959597417739402612498552512346306234734786517404668101733978785256714466821575138532019261152843565743435231852147171134659521474665410268263600090813698662200800526866198670478110992715441650307120000
-5708818695017868778082606046019450135667451124726756449158256081223379877327916875405272297879760791451536775296476539289172251776600981983242746607475838477373882678623319217278450849109701796497710992559266199158749821362869214372914029944652463978643329327471555200
28440507709829185144984038249294168769938586529339857938033292017359035765698084941778044021372244209989365964316312211990766683259246001112627531364286656487657374587073931708084835700601678858441202099671072137484147752819519732512470533851135515132390631807058176000
-139655140354189014236800497906919879900203650522912457421917072749158014665461495160159123475021145534992782126115171160511295671135715232327118309646992174191086610404676170734952633464459038137866087129106612499983562777631853734747940126907076459924540136042210048000
675969672408817659187846854452244140905846836211597102938029164626132890429351820323825757375623183596458119040988015964419257519316621645361121262666344065355467829528189520849041566143944094320087935617967423003392661500065292035550793530932168698384753297370975024000
-3225299082928175711838655162301024834632690648252350940193968152705656652192147309780097163487379620622783872144205100505977883072892147148964910194666014407979985941281958858362912342924476784897937166987798416364529776475662535350466874003983799214746761513925619600000
15170735506467975555865032115659242627011399168194864270110977674954883829494523761324127613004167339411029357916770399390332509114071519544695295232599284932981569858619528005896915302691407482072179471683507457679194453114036761432562802235485873012311964469100104704000
-70349026401269626397781164451380424883198613939721029400694162916299287741879892938570674179586883840752317834093378554267368987836343753382680433537303787164858792961236445400622148027373940615285974332715201043877103104202927898035236591399771107387040143024781255680000
321621366915377214357514131097150663409355696747402267053227654230506735588991998368292348030607261128631439010843619396355130825542224355479796308706983904192180958139303397556954663500486080857850818024891710775637707850515630207715718613439759390762302373728627447040000
-1449730152910314205530728019109335579156201309135012784969420399922315218620874186370116468835080817169978333477091789298141656396185133520154795703790072423497429132937919858806377853882858622416054004720641051341807486150205891424113884559568232153749538117966117912320000
6443245124045840913469902307152602574027561373933390155419646221876956527203885272756073194822581409644348148787074619102851806205267260089576869794622544104433018368612977150250568239479371655182462243202849117074699938445359517440506153598081031794442391635404968499200000
-28236877431618493219190499870865565520418384965125689017111057602753574284818306819326215168990480769625391327244475810756337755513963240616561674187953837283267259698609511063258090252694398341671622534612165970668165010242943549231274167528230313735964337102998733950894080
122023128002209823809427954310242271454132393189298964741428401688552216353492334414869807674362918253552908156797053590774902245386722604239829084026326854943767929469778833643069730153204808949385440098243302454598417105860034333035200157067694660275574191780972705535468800
-519995587161767913030269012611239265058790686505274247046949523579863409259973222596508775038500115780174538264531400100341053786422968327244625156280213840945374093003982340425334688740908245663940820045203121095664428247057218669620175153041485876006609965913445146602950400
2185281290928030588177199203611025458310443677867386584484137828673967070754448760736344414023682849904109333385900927476348061916733716661699164524966009132355714279499629358424257179498466567562335818414937696633313658311834452098764851722565961600872116215796839040540211200
-9056971662207416184170006187182863385547747205218301597533506537210432170058269816234913281741361507225623386504188810093993348591887079182620409883988052268380421264821737169624831689132638426997920945239276284273926758076216599558549311335418584650535647229385513572876544000
37020651205435227461936387018695978250876587928095400937374921967962987496106080906879227635206757795399156136267553989308892071423307321562639401339377829944914489834195419252976364493270682182651131429126814629138943337425364863553581376420293076443775894335521601096835740160
-149247657518325376729503016253907735645570200866982084759433253530683177361747524061416745212903529679415877009173626969200327228510525151716540976523864561215304210642268550955003001753570567115584023183111750012012024702861788845085292277119447149699694796995330284938328512000
593458141137956527587136253980035493217888609364567816321533410488870385722451693309302087473793916831760173669613475285814318920467886993807784238012053166489256979595292699655396551351475864506937654313911810698651364498953385230161635563457209968036656234206283736559507456000
-2327598508884922691898461750172167634975365498348947086218891243915365002045055467798289028738403941416620488249357136324340928282322420883743051040943866560926406775326313422963879806215841033634708115535530311440645010984025509565112136712156653159894612750284951773593765888000
9004869231266161808390256381071317250386146413449465068317296051749601487708570568650162363662457119764560241933506548787871419731172929092410941202233803229860017705347369214904565720054077817387584740454978739145075718888458803250188671625658034938651830636587989818800551040000
-34364791093203934549471432467146992473051423497649323069042815328416864862267468533001208370498676022485580066009560959641568268882636302167681093977062360077582082469338940555964944726427557569227460351660050492285682533812724404713232800283384122757406990541282510978038240230400
129369591628479605611144622630397280023419395199845295309057008566684370437672421717484026424261404936077059422970436448829860427196050179047253603872488200268941219239412175338445901294078075436934455896641374035012350942414418616887832116687129961496262181989150023984845080576000
-480449562641647200145915488207892806909016746158549256939040479611358607212937298498226945570063652802010908978892781329182632734669834670774963075126781580952460445507870999304468353780721136514294574735597967394119047723370222268848754425285467319901486481980752842942030829568000
1760252794409013672512870314594173136947215835603295053744630765782991420473564866940142701328618224554040194247815302169491780162909298075712752334889010878245133771211669065242593256783984308779680655037971140612247162963859688264988764939991674235759486405745010387569303309824000
-6362504956471537760043090917634631297470389200020140557773802562192294091835176165140296320988901264334562293337439398102346832276085048600141429907314874710803741408974962945012665612655416534477995234602268800429727399739053880079897662025895832114164947433659948383052282882560000
22689291913471464960579151035252407055710471580437474095445103785218481224556599412617761417696044132004825800417966713410075396118949717911019587826816834093352644155839358163134363443512678752979479072624866379283140901185785050026750842619549192328230988166749227563452041251225600
-79830159906626185823171978046923678288306723491873906623197179253631154781337197927868007093236910845741054675383024519606102559382905924795617422644967921385167036008408783120778246752886979012052329606281755547076219137954042929091406606300053084654754214142789317834129732046848000
277127420344259067170219302696964978241948459708715483354594982189824385299405487554935020717657171081574822290530501677057078904333475396265862435186681717542930662219728971178717279553506197865949455413820768795313528524366720424307874517725433847369743009230713828718241375583204000
-949229675413111267498369625310684063436749392704660054625968750641711827087847940633882640830726341291977955155357596646102755138854603489580192502299743893692445284454040651984724463647163555185988702190210486946969506935444622910042384657119249598227157811450484181177327240638252000
3208152160499196333983223943551892147655290752259346342555617628909175906195511160820221912893729158580603568279346537713473016624038302791864185521642242089427118720973375782029358905726410995314532971585576945999960710016700925554187249664830708600661453757479583054675205255850400000
-10698987077582211342767826732564339122585537819454568548213554954361643809087678259428616988717072671367913717214259402866094062093646843269930025777382626209134578622626029093883630037976907422138888643254138017073005065034263276014517799270134043086350548650617841071569163805381856000
35208401352247583245332899196448973132998325987490799559172157885526838045212002435364581416951591188940328304097945483921585051277562315862779931767407111759652057202009126354872149869872986159589710076014892964347389117077039862394714186373655396891306652447186262710010768645261720000
-114334540885354071830234463321159389240443712263276636760642880307126976173669330076056896653718420540817407178246071156231430834532127753388094680637249505880946940477662505272629349677922204301440706839906437053719714711996395236620851987067759249246842317193474274795911441677353160000
366393149691582561783900012650849311015595971305478278479570613680873795292583034285154066942147551509641171783935578295573592454952052696501711838532265328100069534386534431752141884979510314529093941478194202120521252900151288806426662504828505509677055759454406695519843542516305280000
-1158689076074476455771488550398452399309061929406872861932502356110306046652019805022632498510134810063127500526783973835159689176937964178843763594318028543840110303752370888626031892260523073661045927148851061906605366201622349275847657351890050440756700033718154150486795940684060800000
3616152737520833570817238616938530093003651375485909514805146603184654140996288609495133764600279728726014616394040103942149873952305692405753501801507135282470600246980774306312982932555866460588758234038849279104324687378643189854992953829513658420557585135230987288254241451280885350720
-11137743271042917882840600165806440239670041803633304880443019171982932057000400314906239201951333086904324863023003894310572004783425133895446573022215796115794884822975982050099156734055821465393483598243217000701632199053525044667360912100579987761740627863232788871907045246160663563200
33855420385109185149605071065711802661669312444570288965079613614826659859177376038095546041967153843616244030253632462972474926411572056840506551933424900103770982118502034252472762671267808253986975729274156725591237254019380902366976488816271371484761630113040125217144756297710994585600
-101566261155327555448815213197135407985007937333710866895238840844479979577532128114286638125901461530848732090760897388917424779234716170521519655800274700311312946355506102757418288013803424761960927187822470176773711762058142707100929466448814114454284890339120375651434268893132983756800
300725555064385365782463729578792410897555700650227148664728228778758724614175048689023441702075598083217530955006674746789818370273494005470531814391336230593040687474179690065577697257325499787793767975862283140668415112476075172264910824101856862337970592742849209144793603734425371456000
-878819896323907939491020894546129084467334042892446076256131790709057411745186244010652180817932332568662181894475305944747278616815183160162795542110990929574346695285936511996279894773810873395329933108474071500026858497996413277359332854700134280085389802863582491951963052188661851133440
2534818439769213210333230217090352529427884033604378351723784786096442341351936946623240336792226352776045128284564460543808721432231558554150395285945548349983505408214691042236418586113546302752106320399595304731908932985077787377433837812595353847734275423473053469104540427653223927296000
-7216385376837896144342219293150384699930436873842967210243630766215004128322685064009176852768403372216187473781165601259249795826125023532524545957820243332853459222662968007871688815707091713548068652864370987382001330440633014745058731201313202871095266075829246272623761888215216859648000
20278069596730230909300394875806179935742027358238655919095291223888001153116805394825343203235029927123389967698868908937904867283969844695267984957103425999945930672558763559841368174536394087450670355631178570589974707478010282650385541549696022084060504978058273110563424100270440644904000
-56243893729352604698067565787832186307887303967111658567294476047484049808975677242051794963209176777560823047470443961044203754396404993797193120978866453996553403782739795313582128641422055943432750324774969431098838984558465598189314811621836074164839414862678282976816273594200344230520000
153983282387916464417820535668020563402927018861070140788681765534445220810351187471572914210386012866566519987741304355569908945369713227462537611213252158497230652134078728502962627747182162049575885333606138531363932508835621371042746328706893429713515909135154765838750331262344053537779200
-416129436007775418710947142896563286669732581798918577502532436833781288421136163173385484899768494374361556396421801701228489808453472450352759657085924248098522178556449365913477876898592166101271818780189630902294457442567727258080636655474267940881419254005888134855219921067112706394688000
1110061194861254238610112025101343128457804794789870641107458591066120199167560895229252682351438330534241627791914441295026835620218576873836175258262407216826006163925992955190875080480731843587880048442383749291070823507127313021222047212044342558921215672865653708260547053590652291631184000
-2923046149716534640922970603336687154829697930727181024073370704641851965746456776000201243194235778481655856364844774145186602548891373479393117537940774603199375749647261354179908599259220859130976343919113477849552735831205860933816798128266029061399653348988098736246396765441478924470512000
7598030693996337751233086309310840224275640703855437791634510627141367324710852795332866538340506312133293587686066947205935303681981594440277681712736261000193328876714341680530533663547420103741624246225243872897431165895421995055497241007703469723753487961034659655052211349422518367738880000
-19496160489899396798518282319819752727778432007030769754538906219488690530043893151048710286189416856429250096896313394808938719416409278489037882220213318626153184021546020142118055778626783037856090718637585743823411747280084332190969891901886776579862086761412266443383403793755637125275852800
49383921611289238547001256099029029007391441499290474313944786030074876689827402533241953481264259346982355462345814407547161733981293907146658455949605838375316857160200374236872252913196871129411711272474920336185073737430563408314660961611903704908438387634252864546447416416881884333528384000
-123485498056116587126372547768956042356671835507591061161716254766149769704115763046181492419852253080955879475563987535208979861349687053978585088082104921556593556457816336411242480489502686081140834742723448041470064714927829209344568460721544852127968205499593791368484018366042838765316032000
304821369159985461429362350052011010035895260648651682665669078342028486312794133374161334036649009204467135195635100280499028816906289194435143797935525051713809933826684413287511107465376212220158101282265237283076681925713607865639045856076211381466968397516377974350214568692812421118524416000
-742811816279337395061752771258497253976048426603097629564647808244710897141590340862473799869338690827382590562954324248521173306976971906332383215189726870145566940138732320072097343362645582936781511798435178738132799567727485233764172649213052380245447998576482470177463516523267899297920000000
1786984228105391093624178629633355088098247409090047016446060582660767727677235804311218995074097516635890894933639456574396928412627493819952838265368409872980769261198211496279229881648202501959237440243028894040356005174956972534681099309582044771616921139715936216892213677890562419889516800000
-4244000645750186112179042201108106374643357183870109204820965936113833716998443257121677429487929023610904042870283343202374474544393565767396848438635750767109689204821493059333536785114621920410346775884812689425095612707953031861762333171207986799690931135753772885043556142726721154257376000000
9950547086635125104182141961335198194196680653164492712350301433524586349862107687016558524717741549717701159843904327443405066199045639792919418691283951640310421373986144915025339716613196821427976435497156803190663262714661730737975024807228010930076423881962096510278244448590984555164928000000
-23032388013056955606730354817981673843017099075867306051609848320069065554778451799340726781248066049254065583586082475397213435922169085637024181610280154868612111104092645794884710707237130176036318517580712022056901932097901985562872593064119420340813346815359469183144601414546088986132224000000
52632605420462183710692412377028434367832042810087398594499067450157825584161696494587207683711400932865735806241633781669413515681519199600231040007866760148976894515211710117217014702084848253832993487440298956653467305770596334196408073994179144138186749558536287000545280576208836159716215000000
-118740197484966053605568219456647792939940058101390456906199170223209390968744523819126905220036796285304267697119273794335711348928434356652681230821500652708638026656332733317480937602761730447773234947042844131127884532530678082467278272374305071232917468717629390115936336590407652081725405064000
264466380802916012572821690136037530833416497173118066756386905877365109182480558964364412597528897043938708850033060279654446766663377954671646503607446046129976151468877980699284036762670813214399780867248687218206361978633603623257059602656843623295808035893913372613143504787469153826005992640000
-581534518613518691156217028163636098238699044134263983193268472981168049567026813921776834368767232769073012937776707506584765855932142403500557945705309420886281662645969402842938468696616309900910088896065264271251300368977424862512132049879465551917912653516110200288719965397228112568908013120000
1262452552604124563988177209570688307141306258245613246986125225316843196555442251552407650665283928756067783472875827091664819874839453187900988098044313226490048056958351397538305864676641732166387837644251254300154888989686063992463433481321126624827644636322715995748357678035703042467420881360000
-2705771336357822703027233986188240351655138477441614402757490221381868978029574795736787206508735286751553908648459765945875697065894630938657377953885139205799831264884992759983941718509012938098837951450689722298695843862545816487727686469233767986832881121631770262621549192860983647491958009200000
5725391688214541438299744111114685671131750106066248578205338854831774781185604618820283794853720095611000724356786245007893043984271860278819513395956274898684497400116569935379253311966443709622524100823901791214117542128505264921933578688471664525030725543118598036234512862988413337725138217728000
-11960758577307696760451715199987061434182489891001575312596093567256462467582415526001970278505246297075322909009815158303908792529126246220674373715151997607444657103090171352605878131059375059128780835054523943996434718404361320199631672650388463539435170441317548698286057633883048983769228140800000
24669064565697124568431662599973314208001385400190749082229442982466453839388732022379063699417070487717853499832743764001811884591322882830140895787500995065354605275123478414749623645309961059453110472299955634492646606708995222911740324841426206050085039035217444190214993869883788529024033040400000
-50232847916596732849498333095825120480243311754404883840063700443602185941588648876898420578376077864866649797307195285953108335130817858649516211509161570511332968913575036716744214207631016692872644612745550581632717575049444545068506653101828046201233229756049711781312916563835089438339622769200000
100986775853951500330060203579305085515106723608826240286255609336542636942984850397563338031770740217775601024318358847938457256395653990067549575625109680800049916319788517089984715829790750192698895444718938710390268658438214177827840097403923429867626450645517427731881909842701560475060736256000000
-200439320744725720283897310539270434194592360008819430041045968220693073389905159564098054232692125052251723021757530677797777063481829416121216415280106785372100885065248332218203978032036105375679830304954053254587374158806176446281346870376486212244823954399380910296411190941935006704063057704960000
392774121410502820880934940969835808460173265070427904960495492882907965199911108783856320722422050563824207314611765623650700027082858059384328489724052976075680310902420335002419961261426683077809836962846261351006643487720951187646261803951624985715313243018321469221314230454660776926196533286400000
-759877965627216258731124948465686549483552283206184713068457044368013670429930040738046160763827680190480249537234359433588823369527905726274578931311642805661769879200863653326709927725176758888646077965454515519767824384984112280937106436824782928710248432036745163628915477947206157244013578355200000
1451393207703195068579864953470792302127753841971674607660167088204648948364433849437375365888003043131989957593610264385263081314807626162296081557384175877942204059926909123309148374063313394140251332307719351442601519240523287124834888419125536943418882818284717405962495999400892037365728357273600000
-2736941218951868083753438375783098909747571034960503674027326165612712688382118521947215341759182223542345166964789300401929462086176773026937946201110563622705213674743562196341886821173120257870435956294987656739899908002187739581792860875441732670302777660957237012364108761672013546766503212544000000
5095462301311154962315689542803409629959904991406676597013790775966056559919181628811312228973744182704634137580488635727453260351966188061054124979553687511187782875430566591786780818668762568975591496688355839551387266224350771558908667167341486885982442105041844935032596652198959109393276710075840000
-9365645873460724643205375891289371654178985509161683857271865744189259276771616101371388870785490267464975075453333522272073015424564838870849901210245242166230811467891223231456031857181931234844256645528923876161022496268669041816967592903867709449097908213077291300759368048165490947526372741243200000
16995183359477121256791231929497713688151580288737628353254485970331277949953438739241517623046848263507237060627290828476499957229686403874102873803278163641310033404749267045510815817335533709947558948050846905392121144789700095826322997627891353366821475678234920789466217492224626971783393961433600000
-30447077207895243380788396960588234143313031956590077572960292423977288362067510438926017795208334387570324424335369182747269233610337780599666729513241326646061144198686018610703867514580672061749096825305338643850299235276939559301245253095932913319716565015045768184986413823264858227303593574796800000
53851068764971935098041826793031796816898385263184210703317636257807183292893524073147501912043765301853587104987140132748042365949485492763116544909706928510988955995055726950200168793424898684865961698882225194797038925602353795928868670233165408703408934024528342345456016117807537814684701750640000000
-94030560072061199326295075518608174197016853941184511587262386902407808215101426932622454359070705290338630871483667546080051118992611811445147991479071934763269695406876897915492376366641516968921054754211493625853768377031375322034163335207135354462523844798747856552596259980400263988253532281321600000
162093793818451720432928519368451396857571521633028756837583650632215985078316161967267738097994843940249288989906408196296366791151253621686129923839923065544720315699077896598323826798996018411624106549661957417031282918433357683829134759878517419815098279618702101850202290983464795083194667320832000000
-275856223357019239413687642486652841081333547125710579360025532203299334241281321584938409800201784356148485108017057217736118848446314638476385641504166469312915737318890012459049778968010614886716650178363062052125211224117429038976668601581845762873382764476896574748003626775397060746821825040896000000
463462136965522763512863740137727812412466800396623399883424790153995297961434728180522498723244842304395409455996659671291438489328410903730519659012560640072876706696077373299598916498479332360077472948598659078599803690987613447182900623352225649863950114121466520256580234813269528503684196558368000000
-768699357346648173188260555750120797881260357394022150078417901251368630600540963410977744813872088488451830315759689316257077741489445900632699297342892427894619056677974817878167361463865456093426991994792714736017335406892005432832592790477994301765444266797003429147681947823786260926055456413280000000
1258649878934825399222301315731909791551626558948394412006799589479360962898191360506013095892358624760867304115097337053895748924049022970994366644686115832016379772547155695398082161644258165036431114444465716083601120579195204287589699452901696397847496071791010286804114876999919852770060979000150753280
-2034485332317390906966604569571261307323056628156850604700122794791046549368062684673732855354650569872270629268756643845073468543047447727039433140134451925420041493584857387039312025698687802360041309494328124908708117556583921344529404990178636095852443016314622506891907088765048780286648780122225868800
3246385545703984873153501736013401530512408261595962230339393471935095882787927185112098414254180075999888627567738224900935133446776328626170947325461455695809140284516577991047297275574758005617720237680764322770994125854178664614573155493587515004801583455045246407602209768183735245087029071985156710400
-5113707688242210982915654353872474747566351416081114902567295623971627623831935107458287847240328930663512484990741020826549183709136479032494463372093021191416022550999906405401206742870160843512910347054920782577934739294462844554571506334295932999877036901402100634899904768027331680800979241060591411200
7951626810162728715451956798011139355754485306920104269104580212611347312648331111355561982068786011596558566778336214416879752459863779163925918616906998045800350026602867669878000192893771092771020615297750215577816557846433637635851781193139190255869309038822288047820051558194896060170411021501620224000
-12205456725092689209042295424318182702609933609673241479486309198015396949215572111580315217105230305320478386908304742747607612038007899456064742223331093916945463075820973856181362203043755271673484638731007255163974601387318536041091920533155182139616633671263227871448937579007931882532393609643955650560
18493680615260376563383482904583672216326391715096326887710426381880629227555943461302571122109212788670707760925211501386069273000704718261523878521374170317881538138260234129620502727695387244829971689239334418301127287563487711011969416945530846961424739434149757806928703332450678038566081015589062440500
-27660301093729304297823799386744798970979655382507242263414281684610542468509273217031250941570694541240794070743218952405420600946579312372649992997486565477033164893704881965855964556024227766582664586365972674540317966305837491979279365195508725018974787422691518788673042984796213892652840244167159401500
40836384668634189531214176031100668296318020157288499965600749499880524449632583642570985705937673426428930276426861560164435630314017219299997898441334651802160374683525121094714821057172238914091875702051512329073164581227198816354001288631888609835116433952327698671961980653234383926127935768204961972000
-59509559834861364583471352214788775201719832150321809664991596239782064482846606549984745422458479536687885976239290586214791148631456795108470275668709006826376879104187448198653081087698039907679541289695227974069366939041827347426028174448953817838610142976547668992377028052010661747717481269224908060000
85598691717493781755006218993449724046071443771726205393271048106086521036302849622696992690801371541854782260142065968064814084738584806644485439717789777925585535748147495755092174447387671722827335456284100403648061592968507750803509993649681559635430412166680312753591312125226460143506760483644277516600
-121529006759404751874391545484527385991336000416648316299088525088888270607096638353211779746199478114979011850818982547252513824011571021779207723056121289647436254457246444590562963721599780841051155277440389461969470162856523349906217892218683695778697498755163406995839517214827690327200956242211011289000
170300655821348725195231506661145304954236241362365754347676758425358961107130118240081398481242646099237531436891491888370634137860862416627608375039543428322448985909204737457832186444672893751273129894055502929983207183519239759835949412742550289382094134960909598009203933918896118931794685374552205552000
-235541251723473933311920261211695815886552046471879666052410652868753570707048201096934568209820009315961730254494041470669714121452314256552984869159710291565928770619437748389862970125381626545172642622773320400796649967843038212265982918198059225004218647216315669053282724142593286152004542001869129936000
321530571180143910917356715617549643070571649755145652953201754963458659278417209773334980766217224608594453288747748873960006334868187247022081331092958521860400356358088088008086016094593777971586966527930637381367557362554331030690220598561802035509948377183199505764022589171922710693608128530444057365000
-433183750372724749815621733304264710296188741260008335657605856017768418839306950998433547387291959237361763191195632163961981621192083497728816472994459219818217701892418256953122478728737798898822563049826209089192822636221115174718867369890076929606717350141398197790529600343820285958461497307139091653400
575978393847390249062322526277138672970001650428819947688783409663514795132596499942515520071745541368237247456437405647373271961695845093933052374064654918317851791989919012015232104680870203521980139235225984384522312646498989705997385976585143839920288997417925581549734648656603150304879553206168321312000
-755811567131560488000015224868457846797188127097656295451508951223790746682784227301862830957813690167830798409394857356602385672414555134763501387824577054578968446538469522885563238319816029525883040651961525077065308548893110999269697512261505292443760956689737328020213878408720207908240648119309121376000
978775137586888840914700045882504472687403403842827012593781334529227346436555003199499688586658595314801155904079896308369084096717289515964340486248880054027887797246548887038204610194401990118364799748276973859267076168824432505347420152184048928781174734122658837628315510951101080111958108193266596088000
-1250842730868113287041180839720078510686248528494153314487222798338750139739921006078878590705646046927712951620759641396835740963280376832669564910184563272981701801389900752184988755375510620862008331238124309471064839743951014993325170721427563531308842242893172786579490013615111349806571579375248109800000
1577468824486843116013964357757272125630328459748127285606273185021554634391349487172397559878110767768809573665379401803285194529494440665134555824180082428873055374658188142014802828727063709733464992327958799938708053589847469333694689923801981904175716329802835847832263290695732195553044783558886285632000
-1963110023201958396373909294225648968859136852421400760719289466987717838948235813511815947291838804213318868004893049220615873340819765588567322470431211905976946065098311641173770843690989879646110932228779489936115011476479207251440287926170424369659176671918004688288962615611667107100536866237720239040000
2410689768435666147104271291076295687159254721509908925076623143581965575044943773372289987610268964105596423496709333204360312023682922567751383827362895546088580016034707628999776014962881333066723486359876111316986389255259095712692650284770158342780540643883739213078893160055568501490835523510885585495000
-2921039607644268710791040098260100559786000297003788395079695235780120022884833250706857624698044510747280873441443327479050660788722962716874293487067597956240140019429300565579610253502031753347778688600428450464961154107457273766267294197785274047169320451464649158254043454294814430143070262873479378085000
3492361276335307681291008567582538044733222157001705556267694660925243396746531948737912786947845853330970366030475159498635879807072475004883539125675150414941059301827135419660421657445020648149829707080484545177352458744277330881508768810181765124326258774088482450382052060012554521413527449458195814600000
-4119762536504451352802012103439415557139774966588815264531534656473413403863204782530352894365676382433179468746376455590516436012809819076504666564503878924526371456202321691548110763402680820391331676011333643105015407564108759871342529247274386095950675986713489029831844579514446299634012526196563395917760
4794924208234675710715007260698101545053723594541120055573485909511300572181681054651610580950179427464367933457437205322610628241122119293778929552732014091689089651686854667777981257657026905270629416025583396314989839774126793874622304178000250357947213465947515456113360381481710892217385404492061944471600
-5505954557141792188663571071150772626126346293373228697577358274307134975214213305037071426133241131978822420638017175375141792835049936329379767051604472436451024018834778300432881891701803353916763491740620577605922269454560719257534274579507983399857356890409594081661169090320597187251198058538259350982800
6237479082175847390169672563808711311042568586996181860802920030434996653252352405188728294353521137454193113344284453941882074508233166315276866685239826752706382367592548389828420829437869251618969996750618663766804339000125512297961296102493180511157695130546306881600314116709136754544496822384215137638400
-6970998480927632529230234255579178588457859665545571626527794196473484845385958524291741087181364208486883903025218407660153788772545885890437057813779868300146346193763103598015486312572390328292189140264386000364758205461336814048652290623660978643236388122992715499091986569842516822260743066806885778688000
7685525825222714863476333266776044393774790281263992718246893101612017042038019273031644548617454039856789503085303294445319552121731839194206856239692304800911346678623821716812073659611060336942138527141485565402145921521123837488639150412586228954168117905599468837748915193251374796542469231154591571003520
-8358487484213733854700803172254566334208154853706834699148338358188624301680765252106640944422232059785233198382118012822682293011153882179842121801694212013250362787031834575692263592394977348753259786708312621786822368139037113819947658232302559636265841683151864672961184536929139836793917823044294666480000
8966843773618556191995308588996800501785198265673727200011858583745635486456785941196641922571166710482342621351733462978832450346657109759653577475304771078849340451778832444563382017936727372577311238414309722723673229096593911953716797685154116589823342458541470235144919460974030201656892476730985194240000
-9488358067685347321143058559748677747565710614704283472379540004203965220826246277998124748868616978776699548398598506499857829034301215907320127986360841496575622810459622584617274980010785933696380221027825370171473425142641864130425369943734544302435525519534692379950136592530386663584470610514812299520000
9902920825949123902670882135980506010589187655547096095825601040888338031754034562610123752228726657327695000795898907423601865305835602497994053435477281754385736066560343051640078950323695198107534306265154974968193723077112578388454766438498982585040450037621880635590687591241915658358221781307489825600000
-10193821030205382562341829809436332262867006082707888601638341996056815403791770807194768323146765953164985001065508200044257009049999637555675971705677944041439775663418613024200414171936158562129505089333774978295668148725151859546163022181463077044232897114134848406554299540675011512600668283864580262336000
10348854447017641057959625744236796800680671244413700785858084984015819247039814267561415736149780487442177545215900544423628319618465082676699749259615341498375947125657509236754882791793958225331728967410101645528782374078642114733157823878291040121192965137143109830312839672571433273098433838966633392640000
-10361167182826109399491998886109773358444717254222640346578915543187759543585965147118300228399809970473042717786056285701943165923781519419920093994011076586416846527353710913419671468524230632500475819245211820002939164529657750800657119326093884904204497516842268795012795460403166090793970345616207019520000
10229753845196708031240340142521479068645770464202358980300450323865885471442682506604598793211290004123003643963827659007324577351349298181135420733959720821456023290630426481984998744940999890971365810542400732586813923390031015246038445407172072995938400736029695652020493897609665286305215802748871832110000
-9959560277321515709346251346237881137282010815203539474900098395435333354609759557770536163000635129910585856358504401194676764015337079077106676608061861072026155504335593795364161982553817676205225163542765478984887323912074472345058322916203076060688103062107191029130954625592724377772160570401749416650000
9561177866228655080972401292388365891790730382595397895904094459617920020425369175459714716480609724714162422104164225146889693454723595914022409543739386629145109284162170043549595503251664969157016157001054859825491830955591493451255989999554953018260578939622903387965716440569015402661274147585679439984000
-9050155428815883704908336292573180147335128232034743547504076373810823906628351888368978083625645333480517340888266358057284908998044069277505771506931077045135582181032566217223672695919240509710332070528448557401451302065934934136174866598343515773062159219960484891089996590661534814188713280425716931920000
8445990896295476381203862538382354694639599639701029901974976135495342464559851947613252065001171074260083104817521235730604648841156439770004799802372861496475986879681030200752041702942458784934679859214788288252348975042111261248401511598838785854453252644148711106138736262808684183648718018742202426660000
-7770894045657966812917442140493273657998323297196999951860795583109536689398700343465013463852199788495861153889055782206586790737415971159982866684411294377594948987936557589101812694269193491428386562916265565401906702368708338969906349481735130033963110421826395696403922715354512430125700825244211849580000
7048429973385910941421716227204783363263785303580045307810245426856722620769796229900238969480453322898740275636331775244069651462508817378669266833933146827750520623978737042269217863282715184969058106953528857507398369495427064825311881616086285745091256618436640087441199741818151864059592585255520952000000
-6302158973388464421292331644412885932535689724296086244711554230498689386322535069747400108638248244850030216461230816012827390404473123689188558708591463232566455159694449962608562035735608747574000348867119033973090198549941687344123445221824647861089293521829053741383363322155842742824946379216516412480000
5554381801555163698550422863193515473320009593112488356197797407769229300719345303208252332782203358602530739991967718367769940273847409277747677404554337002588359060349769746537540636407776062450514825368870204111144370115349902948242472151539665219061760931286974181766153621905521555434422473099655284100000
-4825081503109291894577914416192559831469491492834411967830591231791911637431795764025652161390582556877825652862684197251608194326702552242129162290455454449062320054840456261469148571529193804911013609989234852797613164743154519529922977400900474177703471923292713562405140672558972443041792683810124652300000
4131126940727959115901851142875914475770104693292937375997652273947149065551262280194567644867897537999806765894054376891066553658031715374009779596278423411908318526300950075132001984037967471904353258802548357370254990110259948075527046278830512732299788041887658186306784104499840016095599087152058438400000
-3485772651019715617365086978477249790043935163348874519953724223277180230197195446432111612740459846970564349226719968689137766637885733372539767159710326171712889207408330655334756542610307225233553182601651383521718830650299875651026081766910657911668040748311489751614101172503052892184332581730803104000000
2898458690130127088234818323570260725419199243159737484169521177479678441189303538102150051678278367865435040430342395298003487823475741585193177946267577437625619741395664810251464895808721683417535399701968699302570560117176016602446531723428066616417661082673762745019920837171538513772296812071182012121600
-2374886379419763406530962552844210383455969093232559377240034929086918787669980995254060210001401691355399722148171297391279223392409815306418423249645959879936621908174381929438058040643706517240435981908319404782798484898605551732128986241748794442332480551785154439537685272209237884459183164028037181376000
1917324173166045558853644957359599348215318585510501864665346387203719180888075530048539114324187638018955225003444464820782770238475500204401137457983545873859626160504978841151518460250399086415593419366183220176385005482809131015526967182935476869192417086849748823429222862630044777734513560081930987008000
-1525083950307669281077074473102848975613720554020579895989676944725745848693630164067299130823257530760712383495371248270510553019912539657624000535287002412948043433902962561761613116325261075533679058001440621505744184071203285197212559035260476307622505882880508526708338594138747617157558864077630452224000
1195102359778408601709679420685902038758933978122515539166079513688522705617995763523132391081850657653336985075471626122645150728251234872804818632763641736773906092919543679912309793588506395972007416253293042432544081224425877704965953139430008810141337820704276613402634619411445014224272993166789271880000
-922563779178148885755160321191887248646254317688319950368775447003348605354838954843963022155106450704044958186021961230779585261450679144864142228835150516092136204661600120378208853398379283000761349836766747327314410285485049221943671710783212713411014353588764395431944043585652006626812877315778601483200
701509473679826142357292225947951344606917290565683929965577468352326249532920389432378221810453023304370124982322649831597958804469310469416964914061501097289077894953927213581618932482854937733929344572363112581750459356727492680191266455292459579594004677426631049540288093289957098464576411475110389440000
-525389651016327896429396453574977363810422081816888577751278175456351292594937363036884015140048674850508482977296405093560728688167250773002740637978749673252173936817503211971328455338171030884411194233672453053167881617983464289453054412033324962013411369516001293317704332577090491244671616216549958720000
387529143414936072366311020508815948099836122331878558382657662475035974083455864884643788026854084548825471948129786401655330871230802739590864478839697589568235734388117038582157558999436070301104951118638565578473003590124166841600703357636150850080140204374405912633100096549630796227991254110141188560000
-281491435380262997863087952863804632130624252619132994172968676291158659655408735864459629859369560790982400759968384661731710733802665703169472522595356419858453402860127744900718860342957118753816297324422426615714070485154759494550924072526002473867137167335772793232880439000425674976092975867542674800000
201338140502578120927338330156571021791161171987811919744778095042134044017421174488860531925219834865025663877598198627562860239320083556431392958513157324405730001030111765593088570078392305043312351851108219727967974493939620693209701530168026077458184602851110080287775961031563571229518488961825320448000
-141790794556850205301492440717267554608667644357996804348751149634463667747920754544604947551062841077234758687592159918905348633712301273211860209976362022227812977741814734270460685382592113998254989571429538432920860853947925099181964823847924403863320728933772015578849056416548140055403189334629829120000
98308517281300686803586536498292876763315629653701515441176781220508935975947850568339878370688827970750414338253719358632887388914680283649889765077710240016842881880244905134183232431807887060016290230059607247644382198745206286920500183792982760781796953455766568822399742312476034153304487740105568160000
-67098731486988057696775724321278667645200279762517319080578221987279353896678591431505707387161753819271075090651241232978853321301206774865694035066717539417634486242447468807555759505738529371965716490046808253919473552690092874149099059801420635764337871027842921306203019008138645650450766892768518880000
45079110447666121767966489300189652164571245602956988274346843933195914663028823648250822115761233447487890117294192657638436082630045202311489034877879120968640800526387686455966707672320582839050357624048648816783905311880722868915943057743175209065578122610291645779979796128637103816441425605267827200000
-29807866118234536813485002060717997159684394006103411012024900753851520856195355488892765833582366215400634502250332823989069587477348407849424107506903774309634583656707709710883664974438153294562187090667230007740073685238660701964665557687956348117930422802558278370070591119133373832204972289112899072000
19397083203441758153143080374794258286295184290544380383365827301166397865281747713389800551455918088815226225326736769976864102250021025697560271849449279508893358896940263749932107735529073877189662285206263077861620614352749683681140521736935221726317085339991957703965580545197951366134023988008293760000
-12420703886911670052247487713848143955539772746705203997735482384620746583579144186065076735608215439112672649952726476904947550353591964698234740247156532441946491306923296594820142865966317873354528347044625882147913718633446286616747595778707825855798400724183368352526875691288126825390102812809060480000
7825520015455444032759700340420601911468593026760036757878674238449398820586551504910586695335139255337472804416242526962620330763498786191744113866409922421396452416307672487729727288046814251287169317342146317426208208156067103881632676933794480053445549097535409640403784502623997629635439958958218240000
-4850528935199655392206425830839216060827640305842997990420665850278552987966870767506562001240788794630664961415026359687574585183986850945295938346948299021526726704322937492394459062838934453277171064468272510801368724063677956951425212975492446314119142002604592752316395352866114233245107412577408000000
2957496333966071133474613312248801698963228028668099829393600517851481780827143976953512745209666886538673804012779158139193425786595732672075168033496718727617604575303778567140043418431754995359506372862705688324162672418357391799015474583377406035823659668697464385582289650894030354168862562614092245000
-1773648217286646729875134457453001242102004794514273240335182538995470896499581351654606613777344603154640848972444833388762315451933534228810716206460823689338514520733465286210527683562759483489491525810608379285834108190840490932931175472674050193454285665193076655962748701749755978065671548769303775000
1046083636660555349189115218762450638063942336273068527381052839634379810411851383206497662568112506964551880679400355420215203064278379356122766458252886561575834651169832078067456781231722039411571561536691520486163027893274542856473585533977889717122376422571341997467632504623674603320396074132368200000
-606690206974285409745955530501199098595164900850909693242007152064693605695347330499434999559171308638098138046645489800639911163821103429544232476967165478258864047755974173505234474230442211069558420706616509599979548627307486553275189447846717337594759177223247517380345253546613877475171862641520600000
345950272343018638806897748588265680173626076102494420033784370928522321644218594761623409861415890632873747746839268208602967175986237342749940520416614516923635896763761374276247291070666349971648444058623535519116519783861322064843896131954965895332478703213911716872308593176538510761162434248984750000
-193931943911976110034510983116305791136194779570222931168003847451348972183439784278631798544892746037993727600834081987215055994862211591020750089035627570760382533332819642435700623446960712408722139845255935257963628430032783344676657362075128858021599020080463211055396583295394288858501196632583536400
106860012001630857424262892574907477971842808269338842722706023060248746763730604909449716989620603033468635329753131856405149601595196570911354635232097091946704817192686196893321432017144221824821864855077228807128138816503441912231031042974138525403146887499641740744890887103186886555326038567541984000
-57869639807521234285056358147323619662724812711730254332723000096791554946247960221188870762075398253598820395215653437410365737822041240746325251918422937681618979408550342783543885791663350945112735816878088156948714889761101392620919625223311165264053968656227536789031942686121099418859850137293472000
30795960535583411151175329199979289419712233950884708888469077200527123956932148075768750268351620136963114080782333716896734265520779159681817122646802034021304746143463007743190944279300919916619519175601430539500556075890490936666538615252128670003881783662127629910076375508122073764951704157312666000
-16102007432593408727753510740595780570288651069837862728013483099415494871098520157316843168830294820367766755682931391134326879437075567873471605548690063057766854592892609299857646284559783840514053711099887855646510759462886841036601222551475153397231081996268634018170309511942505748537446039699470000
8270724405413635542659507592157627015423930084870988884794877783736502489529539242604912208371821589275403133570986687736360958018294389022686021377149011636356719729183112890696393963022369778723545531534282158801131550425307973739424481034337136643044240611049424356660922248484995422866763835414412800
-4172691847548294599542759578285273347975627599613401763465438153138755351892966307673227903339257932541670012213618798337249130205650024673277624625751057567926704603194536057842144342476442251521471867321012461804223642078466774202925203212575507963091523441514379490096224726727650550825205784928320000
2067417687421137544184834392594311112640123516385606556706112175381166599629651219286637413423243161307570789546833265121877717183108571159248780991993728733303211567259943416958876350262406229497120605477347334192664587940822574691266431973482849841054164956706191870310776462259130968588203461374160000
-1005789410882126334407734409880919672768234390592884027402399097523539706825932187384287247084415035062625881590446429794929498948292058620133592945874574430065275675846767195255440147062432061454978990735658691463460546362971579118485604574605950999425993894069104535415194093277902572504286377645680000
480372725911646985345871933006341211275875150873004239843664383054736594891226531462537420888680421206718661220723096735933913944252222052428536628744283818296442038161244183757125130297665569169935105475240193993807396376879107671778416326643166385039056211015112496386761279445719181962676845718400000
-225198391471932809499056968299368389097216017487900432723680346240969008632856485157278291382262113077359549881786258341494490055879292977503388198483987667314716970993105081324536513522748792689681049981357646212592567884018594196657912776663164416870481499823712038738283784120460965758417389441664000
103606898854274643259114751040508026233962230267870858805165437072668033485602375983817269472742117995660209581030136216138958098625021942774996306594195714997222217557591747484378777922792413303412288619895444872112900154973832399504074454541212795956037495578617517822300699291531520704827444795210000
-46769936193521983428268593908493734918301135513590287123813861726390758681562547962580985603985860254853982729359878077580994504153501395101178452307976927865549502307188195002876196917889553071930172852417294968333013870378743016363403614198983493825587742128829031568437601375189941550725890096030000
20711675115565493028981519405995194819742752773918628603410165019270694856776832275856038161101262578459898937745307864754189926421815960408938939980788214125677325905301505213276080621038026233457260818506843134325687456060724122788569339742612066450965784196821875679338916081138698950792376245040000
-8995947332458398243503037226879770881104928644113333043910324370105522348187151025916535226906914503039704279266252835158112008922172132715623664857954975227183749902655951764435356150739317265278053391075339363996716782566032705850031226610040647896380619018146064901403590259308900532790364339600000
3831526495336692871255324748292840822682372549494498838667549573412763826430299030380852322076028049062827680743540005119764730720519611819951961617182276473058988842622564369149993040119386028315140456427209419772857677391186732744222642503217658649015537698766778992089162370305649019311992894676000
-1599915454640681817010537346198939518453940017205780747598514542677279586452844139800502958337144863926570962053152148232214863134431504303521362013762226280728401056522893791282134760304751323129674193220071665853158336492884235673891094905820670751910883402822653348018070698482045975977965574780000
654826721423332990868373549444578097768775148795143257318799700651882018079670280261701699852226316865811746310048387881507044286887460877006383522475507818739355830664682907358318416310224131706027179113498775586696726211375757756066092945961553556953231851338241348417642013591639350244666461440000
-262639788725809941776861194550241027968067666926165329778427368483033062645032269842573401481755078359757064430061056863761467575290555945254955157077848408765514229458596268132470068682526380188631475837692345226984151329260664189542543734677624354579742720882434993138771036688358473255149438720000
103204013789127250309492001982373984252595545836150350144477357984561227462429020312328143328332976809497561992950912183654240824863193376946621609688682657919791201915095376454839255963844279667821826210558866727409774175319605908715253884384376119591316560649618266469652964491014306773631430000000
-39721731364786460524496014306360299034620076036966046548780947251675987324354848557261622129924486457634050094174116681750761826740665841556829931203093814257202728426233432394645168283635121158265790216609218598188356771649371697409405550913947947192588136609280927580266935150580604138683717200000
14970801890968334214852318533053031277707723535600153866492334692068065656009980010221226824335868463433862977790238102514236807298429974030573745329643430279035276041562134298225717472665447113676972623320257468928619879855822538233088129049060538084546566238520794650854055548082101462940704000000
-5523738388409921053768771067511124754584134354708601814039274085529386946985319884012810040152892460073385133289761630612329631820273803920440330737403920612302238277026475931759868034433537517289628372764901947297060812749500684384733751706787802618426781206377956331781620359230983744521312000000
1994683306925804824972056218823461716933159628089217321736404530885611953078032180337959181166322277248722409243525033276674589268432206971270119432951415776664697155592894086468841234656555214576810245720659036523938626826208580472264965894117817612209670991192039786476696240833410796632696000000
-704765938814558260134747985460445111191357415742230913054294866106701179799124103093111496305388947557070704524553163004094309153184128430871746453617492286177989032035370785224970094937191432412812940161316915598457309919178711674156392864207685330509956331277653157289551175476932321024360000000
243567108454311334702568903775129830427733122880515003551564305726475927738577290028979333123142420275723635483685573134214993243340434785709275574370205334103113009471424143373749664810293359041868152119751126030826846308068162754588449373870176050224240908089556931159268886244827810146018816000
-82311966302994719363815685819737911947619488243847389005522519045477108557525226827351681679386000667038039978273300033628308566379160902127463969764072524455021551361943037876040513424213796996032341567891803900077724580453226485883151027029689530532108263799065777297393365953226076699292160000
27191966399100754237148951220085810077479023217952296348576702524288715517470159030355428674624126576246134526655174304110229905725657073588272817749088137356283430239112961860328078960162053998592424821288637309836497792864729682013245236944563951637883001790284094107832719324617847458156530000
-8778268281878724977311356809944641895743876180601457560964256293241757490400148362591047430716117935162414060009772141108926469337094488353453206747446560853800396024595311067061108205109092811926726587052123145702098537935217206769549680573385342010104563177762105896651018788943030998557590000
2768338939160579743235858319201157455710348133178282125261797445728512368896340956379059293800480232353559031979844513203619442594736300071247651781568898504119120071595061232167121487008134220110315001438762063249281290650832966353319634972870094131949091391244202057483866884827385051094800000
-852545150309551758894877184895981924329095984104600734485503833891444503465470254775065822270902109088466412141795242229285254406223452029876553170358821819824377457636785728876319397201132292931572588937431417867628297333461442230816808989740616729657418654914332283697729479603536133450032000
256296318542434051997023898060037489876109053421169107308875900069940944814688933743608823290315067196933549288303234510602892570990985373834559050235695550871960462188814040763380326295315777369436589749685464435966403613849900178277051686254241079093135736903768937072998147116010657464700000
-75184194943436056006816314578934488571884355155844686227094314399602053400079837157390823594967472614863628645511483249361786632705160261528553846724273627572205241311059251481145401369983059643552525174552098948343854654889455530959396553868506706400639203097876085731140940503466409706100000
21512708693281163555147840955640316819919346089971726329702589632519322916635933555724199329567172963798562698481610387632997092744948949086913069715930857887768098759083399943170969687587924559535893099475473398408803079679989023683272919255531022261510571268104240004466157190342999412800000
-6001578518687193889132925889464293350146259640016243047341785136965357620344697752159461727443049820480732783140310065000616153425599114411123124600494207799091425352711754602747590530157461747954415595717294605409552336883590330200200788415923354919752427355038275225677801086108755704000000
1631725468244305276832467412354659263007358060768613734692400779985427014741248225270762294970550181130085650823549116129334188133521685149616777919930662855006060676914748342456898919140650633880569351317087906760887238753319358602887924233205828194077133721312721187129498449615186080140000
-432156018879936438715729719211954055468412331607559050750901335327361004088321778494796392069647558733472780581600799128336718590468926442699358429619223520695315292728819906537702029558855108757512996069008748412397257890676235312640915162629961096972646545001255145170576031402983000100000
111439029562519551731341676624724149464214992748104723932224733092565726398404883389519243008588949549170600725050015293678111127629849228897902384341845496255731619699431353451680557544434173522892151973107838789656360753958451693208096556695397312268395897932621210170661039446060876800000
-27965260346089247221275681085458290268069099448288891213159963642221394067011620935434228145960057333230306477056279213745676909268008594221455259909628251141681863477761055821830028279199241216685827389558673931331093664299980436516268081568856885343131139774438491274224199860080102400000
6825840173231842886849833401036417003300889658236193861200286983678298847717333512347111899531670798791420959636517855426089778149735825512633310480900386743161993304483097944677447730869637279220653135025415974363358660664936053291692653045652937990557156897607028195631646415552096000000
-1619603180454357556736423971778286191715852302394477944427864678859483617002759464505945237426126069586005689285569269490516974870266835656069443254732536125637783977091500912960771628602140019016281225380284664031526595025552963637483178498225821150831317595723443560083407579973858560000
373356521637183562901406224794062808684833222087412873808806334043871525672946432141476223026357707223385706389697953371757623279239749507744516167294788703452587186931421871302730955621503208420845383855468888480497635450364862470702921496799048621470267008241063760752602541652428800000
-83567173694928114922441279234878954431480426361983799023781337395188878709191664425224656026665917778463043682336524885464864012645730003266591398669794823949878207755804669677281961549357833410770187521555736407736060227057514042752422056470839629008041781418255011139801385586022400000
18149498705659452653140085249706549856293583856322863723471886042852783115214033214752980144260234328480587198612372031038018226754018570239226327812470502732261769306132789937885581972838733136501452884156407425746787891350245178295089773783969866259928261423925717654506131504431200000
-3822216900469185778811788577752332291399288467917084313941263153757710033186906694523701394941739700569038402480958336014094877770958516033297456320257574972625099954123117129492799429140140515192890485918765159871689711330471137018762342104239363070214252952982645204889530195060000000
779966773787488487340293102323514644941786140538580477679058637424217585734911799986954873404619724434599392342644646273847731960624522307569011977813846708803906444984539080566185864517596533472816571326710179007856273014814037134814790277750407938126408842180592961605507052806400000
-154105218744056999100698708362246574561299860448170938096076021278191797822312584191085779544166588487434198202266920143106262455730370196048701191771692745954492017431975503636252458101554316866291632996199412370722759531228832541766539196921137915863352405628419043677841372128000000
29457099420581828392095056029585402866628395685736917956681429318784898803299604557048510236026524733131065808520960310624399168104547869882936205954046829951354367882924442292361472581384515476840865100123329691513169406290214753113138042237237976575452348780805154811006040984000000
-5442816772958168767658702393839903625357877709846537744915937751999966890701600200878652564436845455042444844278678972070678502788517218488457769742186617150698033732480925170235798256651393594169066974741933287666331576648308768540559047012432179228091580692078273506792489672000000
971236714325802084995004230534501948074956587533026266930008052059818507763390009822493980442275033299918665912635671186509018198986171848436514718500514484839593082177956849274253799694148989894334351064933618777714805636004653141156122661716857742094182376349578960862053120000000
-167215019310520848212011003914459211838881948023197148079235021855433001894822652642221523630136325910928574722921402560686718859489096580426641478041713466257432093245230316641983706626809181826358961590279878003393800243579083784537108520980101993200655996542575333130177195294720
27747739029430872984479530838566751851376262594953917878132452557212385584912145137693221935568966485615552590253905217814271336320267978842300030237512717281570824662836006312393459692344835089735041583493421358360814803887260253403976388511438948339798761309478393187202615731200
-4433070732512624677993771199060960354953604083217489838518202479554641483980046856317852025209243166340946271815712667934824414678386008454095271103034576133742084413589184440441558649072843475874829128723801045418591714230509034567499186330229891154879092043526133822807518489600
681075338877111061639646603970956872091637390014209687124881588079725440611474962836213205519115548189555531472372865306859169333304846291987202144773487691329373737067199804292804620982384731547298851052216347169934529483973953184581493647442726761792123880486868296508150988800
-100496319348238796384404938500598233818911414438434529964368566491111734906887391742702563272169185983651112771123445814070356611408972488068648571497511654873790048503834558740095056019671572776192028376659348502633387072025591145614446835217998995524843642462243882627454976000
14222595444602548773626726614946160016089152807921385417949002941913846361199104831397988802147157096689017594118273813409569305476134084253261095617196317029091228748091156803411236598462661089018423074137191454292353865678081583461058417759799359228155849566194016519215165440
-1927718639114880354372771241236046171606382440847426361751066973099902364661254659018299885521905442077117277810686322626830044469540290489063261180815353556033438221138553124510826462167888461270158472204305852558208212310581045560421355387632025081213041658674625243802112000
249835632952362992118485305462131693192483105735221946721829024665341914424451413827431316541420710236578232216466789106100503008469792314692335705240947112549713437393247969427570173874887657818736034006248679337057877465103127200725642615956914958032270523346773064134656000
-30907342958139541601443549538283742041761760730368825659463431549754649094755024621658039125477449765580140160695231557297451261476329657538887142478355345332231113092155996026983045390639968412332232199492768946066775984288027386590461701639319483692789596951195323404288000
3642914636315004021763026875646778948878441036606243150237863771801322436976741047664501410595690083318297227599305043306679300431712574924220503311318738483847227278250265916266312180510271884537314152202584664460181793938028401549901152713293271393369433559921432296865000
-408247293127532682108319375485705145014807111209757496836573824344015968970286021539922637418822789502447193440054350307756787717801838974978760536375885073065854561099781866318770191468754435986165123172454942562645166328922852272864955626382287273504872058450699354921400
43401414287229977211440434023017862875745286058434848921389361980249221109891074801956928888789987554825388225794389841840502546712536775240030382669293266647179362183015280695383230642870078834471096882142381608850569375353284517719810579625596864428019365659877297256000
-4366251420959571517769184673896534930118076671690656068335727132827320837174106951646101980833141320891199943900567352035540411375637091738220444655958453675814430556466900588488533248510195553145016770648393617507972469459286887329717004207939346302218535093359582008000
414513134421525906923937103832296718708467635985511588164617734232968895504917742008489807033606492176221102124474629312971248003112746540032459580075979248158278254284627372799169127880936569013368714037801849169837008007706239994395760868183847495425306246375113894000
-37021596551086251294116546667636944993391136064024088619853217188351746438028847835031091137774609880727910833342857998326778284323185608663296510231407798909993527710342509918522682002569753902073593025560840805508469830520217507974826416250914935142333277732500210000
3099980629024552902576386182505089621537340624006645579634783524726152811536721933116081372325426899677519213500687964935501960743853332754344144341270280913331213470867338634597665207000186625225570550779374546344220064178208350963625175788110799565895835800138873600
-242412519672088290567831822213671721309246454170233370428855364879227352397757149092449374390215125395861763053621605175292717477598698288722498188786613171806010276255512675719121980819639007493224769164038845255755462531318351108183089962433949338441563811007648000
17624379619016623166283691155840928717636540673090946574546882395556070263612445788609201964594722126995051650582183029326128694162150258236202036684741008664467583860413549127538205238162529881522719186671191555584261944241257669855148122268794786085674919932954000
-1185274304804341011131109298446216722608050217038606025741950206493022951447678356002847417634593805936571952518935927883058477207766024592580272808787398150831826645417681790026088468094932294021822635251465964090759595820199181715552859170379681597627083330702000
73298934049586910941138970761187356908431562804830180158743603174089903977799687041841681113221807679862214590570389005626023481631540596825289359197344831404993273441790210932067621516345113392573225916759471097369760364051586902969075781620532243405009147200000
-4139316826860504869747639617861379918091270628895104742052170405812569421236295738027028055046289680931042927463648117472013413854545772784025794224565328053256822511107922118394153585518454056093335642061001120582758907660045070995420776874593876600810995648000
211696006475240084273135839042242289964620896105874018156683033967304399795397738872160780797056698557972172981446140075792952116579029548820827400781896815293845758972844195678509283209991337171389091988886522976441985763146371986170254505498436960122080560000
-9707104535886656783825496695989981724230946304824924523462164511428337831731306326600041639883057188856378088414438606473968269239171916256864262989110826692185238787738929897205023759801834880861048339902435149964445121219339189665897438034866054037537680000
394157321625861571889381548121307305688325084168543184104622624034159926098430357141811241052800584825662381408813345097602105425029379089948176432072175180450843765831271919262283230366944028898880476012300591428065648718989354233043687794754289409165440000
-13951397964596516087189559259449165944646778910243910794715790016598458449159584817269403730708546400415873764854889100099797514274662540887670141486088071945782404761648590555605592949276258332832026697880753466982933087929755536103423852384346962774400000
421681003479929698735304428616851040676948892562122203770284753251688406625848451101967727760665814952569784542739023050516379868951675298329830026417011974561273183920828649543179046891874908109848006943445773539559152582676861078725985938316886949856240
-10581295197427356387068198390986336833300096277312722509269836502077491562461045019598384223445666154648410648129998930409845664959919464610051331500380242146222581309323596251930817931534724623747593037461232804722117279563566983119877073283801959208400
211620665813254720446303415754980326261886532315256547795599809254192054218175896038105355128439846859135066055024359193365394353793592421101494414799317731099424412710909773806591443000917242048168490242040447172482630674670481482162834464822949507200
-3162406984395995335992330412953329260309457073986833497527358317949892651192439456461659741127175885124105223944141764078947669751411860217188252773663677095347567250887438633503053600251378596327204316370596243358529051021958503267732694900684681600
31388462618380014485758597619010350711335411110789813903013923114638430637509508378271056640439815544438354467634972415742912612717424845308333554880251671983525260675654657547513398394809536602110522206893723129109995727475080723052439501881612000
-155196117564433420197837053309052854302045532149675592594691611924839306489987570765296917758858042411458652481341031118228941496197723210151248364626636829621332031141325573973683073300963476203698421032103700397550413260065785498524788514104480
