-147
3176376
-17156400870
41175362088000
-55568724597886500
47975814068831288640
-28749506580747149717520
12649782895528745875708800
-4258430820065106717064782750
1131796280177303918579884482000
-243438061903336299847347353233380
43231380778337937281981817572552640
-6444177697270998776095414681908627900
817533549286924341772104679172313504000
-89315540259596484338602436199575250312000
8488548946272049871540775536407631789652480
-708031193944324534793008515737938131267380490
52232612646688578137671078046826439303185301200
-3431392469706069091544224988354014693112034370500
201967388355441983537760921198188654291536028544000
-10708815849076422572130928444230957922172969073474240
514023160755668283462284565323085980264302515526763520
-22435411716866720016819755046384692836949154215915040000
894023589776087822220341089561038421555554198244780800000
-32645830145417456883264642598502293612114533770282073900000
1096064159634303864381480416459155406650578202616958461948160
-33940696824888879871446049641626479478426854312693478526569280
972128600416570386441417718130536202345065456857393459032601600
-25822165948565150889850158137842367874790801197774513755553480000
637663189559811003187167757677420090396736455737670751100279040000
-14672629991771251183336730104157436280028905846523803982817420710400
315255425671272418765386891977776008647280799083271076625613010227200
-6337434509221819082310048018908710095707300047977671008142816226100500
119416121330791301716255450273651727423244992639579255360046454508340000
-2112818278182244371974543879279410710196911621502867223078745790708545000
35157296148952546349656410151209394217676609381807710592030329957390188800
-551041787556846507716489706328330574647889634546805575043142046623817056400
8146885157158928645859570238192411125546593282123699663165226459945987744000
-113768655951599581817007087155921032096015965051263437470724924906378700040000
1502554083337102169322839162911335761173417952629704097246497233083060701120000
-18790377908432548316237930506683073278324324883854843301128226960474350980443800
222757079690210483549071671110755671796815672983616488581132246798532341664654400
-2506017146514867939927056299996001307714176321065685496537737776483488843727362000
26781448791310865599220461053499721925598769120745238189067441029374656328854880000
-272144339912943522176376100364411172232595343446498487031778805460169222085517590000
2631938149558067130025752863968705381236122077064803145694003025250347676702605670400
-24245921715186863216253308401390346879222933671183463005204726356902186796769325299200
212933852998924919146814931184686613606575334187849335582151059902174026191636446720000
-1784152791729273248319992294496690571039469108722409471967632904258450336644766321150000
14273222333834185986559938355973524568315752869779275775741063234067602693158130569200000
-109098802230894984006869544817719232390378288635444872319454390935919127945423486818737120
797289516649308672050202348287276881690238566083251108438365652791215218756866450384680960
-5574244937964193951593592971291038997172322519158233063989387080627930366345621392205027200
37307157292177588568871323552962453950459118319748943254895150272625521853790559691511040000
-239157301530410035362795490800935237207109841821353565248201318260009903982478371849593920000
1469255964178889288324691372246142296944439438151416415395891999518685638218306797505075507200
-8654835913991269714037635114637431967938338565360687321941426309664757587629713479053335409600
48908214029202742982373339705984380095828838430293080711247949229130486090760707748667047744000
-265258729180381702055113431312629314758738750642300017115552566493901818884045515123195685520000
1381387602005733839372334467921673145057861554623273401399234968515211770390685750690402581760000
-6910391479033683531460103175778169908151952427002925190499672929997346881379405467828738915254400
33220393113935643915817878422015561224676733408822447139924254063905547168533943834592980842803200
-153527649237530362685875288805178575743075486214290003496554207451946421812956688923398622443392000
682345107722357167492779061356349225524779938730177793318018699786428541390918617437327210859520000
-2917458464731845965405527270882261715482292740962305589447866574550713634125770934370095567329778750
12004046852283647399434245225329523706969035978435200086854843202837776524412402822033074873955236400
-47544954164933372034536049787100613525329838782355947451447798388099209911773917788920257300355760700
181325376543475012080921624494355647929081496982386683085049300156885380639244703173605436618866256000
-666049204280043918727174262983700406590711337855933782915130268850497013442381332916022565088979965000
2356983195486280181204669603602055125024218571769958490769610327576806066472850387937229190636239120000
-8037312696608215417907923348283007976332585329735558453524371217036908686672419822865951540069575399200
26415829549177725261634293599355857201324791458650809850821619187436521150721811470986527497693458681600
-83695987720919007990421155935459096167391917382009944405815026071304949826505739469705577575157225857500
255689750440338046553585366603354116270433555072081421453681483287829720993716164114619403813766116900000
-753294876525561304793461051755279758544723254926568585155632463455543624688024630325265675991141118325000
2140562721135035003701098924667802961880685601199337291578245208155272763913490789532274944896426601832320
-5867647085133484974653652921444827613479379349686479802208856714113994749141672380655212812074986562813560
15517744357377811503216272188944998647218193321484905262039951640632052229135001337269984296396658678515200
-39597794403072078170189451961435092701851158993434114758903722751612855170499818501169708448645319852720000
97506634255153292312044784128077952995040636342107911490920110758978746716910945477643980041464713266560000
-231715375060410378558420175281865247984620787207362379041469369458329337315234151526482389445412003761111100
531451450069967287996815546051136755322751654610027294591682833654769069946600139029188690195787202041944800
-1176480492904738709374271178312190749996900413276361731112016504900540988422835078740254856270715720165727000
2513832610764661605746737080092240940623366828774574638114223102356795376627105872994128535971103991992960000
-5184779759702114561852645227690246940035694084347560191110585148610890464293405863050390105440401983485480000
10322196825405566208676601931501247333629539613737758586703758723545889057217487880154575955246331090720435200
-19836314694360372163861620234238402968209389741759702919526841906132736772611162147192670098961074066036985600
36795066496078692717745692705602745101553683706474597567731121728379392824344129547705785201402230134384896000
-65878563658074777186408061642972890086911392638206391435510330935431338004846507771040897703698595146338660000
113842416279728260336769795198713914847827691255115400324361243510186107134243024664816034309837946012256480000
-189863852039857909739434958436966206873988182859920239874295807231988163120554200024320963887851952182663307200
305579690857049416858735554407424901004288673005315415655671358385211718158525102997723681523643378660854553600
-474579990112938868691880773001606843537496999841076457796999055526182423817794480021866469001452293536972248000
711129225559450542056512292531023782199787387899219666209863309009055869196278929481256727744111657329073920000
-1027982525811550676062452638354319462430724796925841194714642830010487847130383744484392506052007491971962560000
1433366438206377142113008753579031148501744137896375135101281481756451974325623162392420531430300529526335385600
-1927485923252130199892200247732740128405177419807918516635219336307260125631233490834338937284691239411878736300
2499237779113188270664772348000789623397084123887406302789847582415620526379110276137627275467449582402478540000
-3124047223891485338330965435000987029246355154859257878487309478019525657973887845172034094334311978003098175000
3763774065882120077034184252269325052682477468480575148370385707219116311535115567369796815212688076345330400000
-4369365313082553197428984498459459453659088093159099689743180767510672126061115662159597122780409587829294061360
4886356189750589832003710926225420394798831189761690938201176962627364730330870255260923828710804095476579418880
-5262554892940730398654515660164920753913966117001129081367184531549367724275028951383953431440269116668115377600
5456508985045530623546014917693856941564108519842814581491095282028753413801990617892684300673292514218990400000
-5444905831693455253322128236563405877431714428130870726519359410034794341268942745831706883983621126661017325000
5227109598425717043189243107100869642334445851005635897458585033633402567618185035998438608624276281594576632000
-4825632597407437067372910177105493129221716519444772264537015179234539412059757331649323930870382508809233126000
4282332709377199808237292986233890312943719087916751350135040110142625594071721066430005339998522691021207840000
-3651217317794603231560346257552815428860192586533958519983965526008951606056521433954595602390715720353730450000
2989566708821302940545328540819273503236423994764948108947396400725114150636969994908703477826519865970969600000
-2349404118527418980301283396252105102667368245142139799006677055743397558546028734015443088483667554175037184000
1771062856333306345997753444070250157744867807879246364189109365615183550342952266986075432662633247559268352000
-1279869642272115914099939012316391715557814626787736630371036064995347487552524099189156074385106057806502520000
886055888298653354267637314502067723825756229994799264819481464058177757848250688137844756642206715561867200000
-587226790236711398915601738212242944391446476527024166504323934282324178850952845254790465447778273402151600000
372272923201859233913679014984608305918932874041782276897712806428960749753224094867006673898992290677023744000
-225560429761055167516217673095237181789317755801326612927099621790674568425835021213637441460945611317611072000
130501760808500031173091092915061617340302186130945048899308130950554648398905206224852694599363667297500160000
-72027149656228292126199730612772804457068536370031075897097313010270933133121697058172433064931756907590400000
37882791514694465062914737208101959437627742312265479364563292655921044416036325096339826387092135120947200000
-18965072502043916572121690314806043443462388495077905606884498385870472860778185251355125585038000144924192000
9025928911566287184928894072369954969882243223393405250240501656495147523659749664055905681069925893711616000
-4078162586017420136969014555004565115053620376062930012622102502010875241642825617493682189276757030046400000
1746744236723701664852879523856803618583347216398161575900008210260458164177771829027633061439182071168000000
-708081219270215431648543058805896003813085535887730300636365190852850919440690154157728724762644501144000000
271178113031230025151032426489246827956320246192139399616512595332061433723717752478710316094698540470124544
-97925429705721953526761709565561354539782311124939227639296214981022184400231410617312058589752250725322752
33271210539237169404591367624730375279186996401802155587038456078864255100332824736987419001292227290890240
-10610478214569959114928582509717786305770999523890152767472896302005965142775818435715287126571770483087250
3167649526469776869356721225183460270841315163432863346481903060414977154576664021911756892302659441138000
-882630865097407057858035517715320379608979473645287189265282929674208723130266915927956402713208479782180
228771172306582751200544372868582544636136629495614324214904636745578952303678529342552886152808770938240
-54947621447603811626163808566059340524691907394349514855336082689408167779550886438164820279471114920600
12176758215535470720479514363669659950070228785451416034423508629231726931756429127571151308470053168000
-2477260957972325381037628980312166841034002325309312919010307252315855339814337024004088646126147484000
459975367998812021367974566220925793693227098427803287677963223146055114948242331370635718984410594560
-77416918283969605456234041124877919321313579011989167092425362978680232095257265222577259580367116180
11714212154428775081022146986768250352844081431831703049842188228432620765652439300555139709533944800
-1577764869570983411196272160316139579660001516102096110210313631901369053974926843411254639516623000
186839502177858808799599953563652365729624940160529781075575673608526080197434533291493743347344000
-19151048973230527901958995240274367487286556366454302560246506544873923220237039662378108693102760
1664554731942173543311963370816060913335907117410242685182131849984514829463789775996648650554880
-119285934718133345074677002124043246368299235501775475108519168975779802051932961035268661974400
6766672417870540382738780500948220733885623413470563407789243288762510165790123468184832896000
-284881607870417715766346227687490195827649944056703407359182551653629985278490441151878815500
7913001616947631201310163946230405439398219611372879424388233539392147985856761837464790880
-108768505993885153968093358803035691205839667204553090230144137129006350152750573202157240
