240
-13823760
199048320240
-1273710201215760
4584083014175520240
-10557143181646223112720
16880871947452310757239280
-19826756356078121150813832720
17824253964114230914581635615280
-12657200787183783308343470357472720
7277890452630675402297495455546814000
-3457238556419492491311221002391531586000
1379438184011377504033177179954221102814000
-468772274236434446355795258118052497962786000
137292875664634096727592198964330028535998814000
-35009683294481694665536010735904157276679697570000
7842169057963899605080066404842531229976252255680000
-1555164535920308132410877805286956080696086481056320000
274918530738801137629522954245727458265274843484511680000
-43590198839219496722371923484961756187385226499196576320000
6233398434008388031299185058349531134796087389385110413760000
-807924764375250456873084169501589229328366347142547678322240000
95341799260447944410667511209199938889088785709491225609613760000
-10285920275223108951722505731985349172663867843528116704662130240000
1018306107247087786220528067466549568093722916509283553761550893760000
-92828784736644522591863338630250658627423781068986288760902979475161600
7816842814125373970442645988444361674123478274513277368972842017224998400
-609810243734052322459593580259011375540571101440116045611597391442527961600
44192575010196322388857485785709171317236081249262287305444537490049322278400
-2982552158149504235991869245791993882039242254015312919345691442803459551961600
187900785963418766867487762484895614568472262002964713918778560896617951773580800
-11074414793113502119258729843269513749785328249308968191098542050596820156611699200
611861417319520992089044823840640634675639385774320492558194448295474313652796380800
-31751056523547705035761259908226302025854047134520317130354569759068456325833954339200
1550308507279521334808398403339035805836769754723931470679700117197975734303954773980800
-71345830283986134897815069378153586574732975446989091150667831924110924099090163578096000
3099579960115397638338410236317561372302288155530303848879013586925263480304917106559504000
-127313718580897680497740793278577643189138031609659982269040038719060986677155437413402096000
4951128241432749408608817165756098428621354088000045681648346547304424354461454808439756304000
-182547219363121074349358223430924552122719865812593400250596729800318746465380620777444506096000
6389152677709237602227537820082359324295195303440769008770885543011156126288321727210557713360000
-212537197254504971730494757502192415856789426634803308864639588744581106142722583381253525742640000
6727452917178310431714232018079600754977151034909794531613387798833577461782912792333147314833360000
-202845985714228223298269415489429865706182340371690619216862078514208100092947090906092642482030640000
5832241192560330486402308235435756221419903819447203836822009678933305621680685365804101679297393360000
-160062619395822403349041126016959087410079582600384371966115154521836276506125476150401457198495128880000
4197029477579305400481189903556218339253712457939379250551953323955370494171014139285857491115928039120000
-105241131639925443837959977341730416491445172819248599396705860827167010883941441461830209275872507928880000
2525787159358210652111039456201529995794684147661966385520940659852008261214594595083925022620940190293120000
-58067857313375206074917645540553208762128600694207781138846482083786340695870223679315942242254592904618880000
1279815575186789541891184907713792721117314359300339496300176465126650948936979729892123367019291227617800115200
-27062121037946266057083152148923831552760927507558389833530721032487764529252190759068394103304113121011683404800
549409096338423898472498787118092698565223327091318553365940259541216095265469032511027574961162201882787489715200
-10716509005866352374940078691700753665748362874567616538794315685483364569487473748775974318154872980904168511564800
200967619505073941451036784354240059484836582795903821264550191682089268901870032399885246781200642691276937889715200
-3625721598178317472624903307812446693019820332590562329095149325966949372006465129991318129945132256157500457960729600
62969164898974452432730463570375349709385042919072827388979021967303549297500037257604320991496072448776181422950630400
-1053381680955420272136452270087248578656443972820722450421175384101235828829924445979702200741398286753904043249858329600
16983117969173060011769508121418553481572798843610197033603706341294478719506475104683450820276598537569779931539630310400
-264036013034667289507886817013229157101188825227618573186325476439102526234119771959311598662036551638821867312551925529600
3960540195520009342618302255198437356517832378414278597794882146586537893511796579389673979930548274582328009688278882944000
-57347472505891583813741334912076486517555573963069851268634897924196741511561969336451557206309597013227963137327271683456000
801969493243160244404651196548799065878698604047550188552741304061685753562831743925673753689484572591852858067160462178944000
-10836590045886602939699130340667332502428945536325060257564139299101100692700486081753038317994645279081295195515213592118656000
141552957474393750899819890074967030812978101068246099614431569594508127798400099442899063028805053957999418491417477547049944000
-1788257776377696202195949498876062785714249975033759897495925450202809780175054510713547334713010592901353600468498902739358760000
21858126043492666802048010816840469917945253827065544532202262321074013759329798523515177752401179065298363430519916340095137240000
-258611479682766546340737781798443795458229087994938323824859513061831576024006444504881845758026068464482374728969319834883678760000
2962846398718477629530044275206392410941856437201525225550553106393509855416904282891570212127419767079242708400060269803805745240000
-32882554266306582538697334479653553581549412368261161813246308672280333385921824281392076966729832613463580228765130139920876238760000
353655226496807530569255005526069851785235516695380250522057238169219095803689824414155603295237179332557281235902522117108199547480000
-3687317010403829993888013059996965947228762849036399640386591228116640836410659290097917943581505833870239663653600607013110466180520000
37282871994083169938201020939969322355313046584701374141686644639846035123707777266545614762879670098021312154719739470910339158047480000
-365699568775140059268100124892688393476180945398559866346425708757626590720834908144043128029739770255896417271412178998677864164064520000
3480957692263586641579702503635224583921193498530776930869447341724347774786851488696147553948531005262663413779234554077261685845087480000
-32164049076515540568196451133589475155431827926424378841233693437532973439030507755552403398484426488627009943320127279673897977208608315200
288585470800093728255923283162593656588486677711048651154448567989388645343545192853834444896651128522611870377877817891589350548971419204800
-2515010939738850233211639730864290239430543957498329373216649006000961493261312811595628200751367930830136271596445391849605891755085545915200
21295743519327187477667789673768043388314250906391179485639199571522934300928630966824520445415429047443343222807771335720627402967617847364800
-175248852973742192223287936204943589229359335411207272424762642331973463028584130399798196692211347612184371828262190038659782533089871017915200
1401990823789937537786303489639548713834874683289658179398101138655787704228673043198385573537690780897474974626097520309278260264718968143321600
-10906296243776043589555729889912044933000787831187450665797848501120674994075178090504862259989361342207929466535801149072588496517450299507238400
82520631721943782519666465478757465498415836064766915537348503917759586704129797818638514625106892868258569235496046885814546750270940130536921600
-607447199194584287321063453461063990839042743893220359096310056927494034163612451325443128923471569784041269342609962785098197162576519808340518400
4351305447291818058157005554384356342540898022582047878424588366970416448804652457453684454125275938657111949780736672195295249062537927606684121600
-30338686769179977118291924540084699066504877216272755968946524427146675239935552601277419290873463724546991622173648423783805975297626035043143616000
205938808891280634295122739265875098963603414787149464665358479223968588932629053920299020832748968743531255732775263043218252458604923940414545984000
-1361253078034041671874657916265160136906862524140028387722625191445946951101646742857244062793402517533044293244349211958680458284643010921241927616000
8763769816434036879259161295624460716119387655413901768891942348234650205852750518064405991041822819489599210226016827403405595072205830641714558784000
-54964691416566913031778294912931143026902545049022500438932307021581768410119781970322134229133533120745335079512471906144904249159463888454707431616000
335895336434575579638645135579023651831071108632915280460141876242999695839620889818635264733593813515665936597020661648663303744863390429445434304320000
-2000485701922090691003301466202375013241950972909883917040663832197621301668187738795468255210253989708867084534290787567977958868846462092720610367680000
11613405653313309096542795468256131693130494211353976387961963381245548237094526551684088869093931951599113074867310035200870154416309045532599233344320000
-65728733973330997061494552083085432132088197726903514645291486816435522228467356831019520664934334947708195644332257316813249500385332881011245817023680000
362742868206825796820588539812084428756128211176405951580239255671872092117358780953806689192491841261888009551858102738465515916341146741696739590464320000
-1952380589822333859341838041149252202418717768187691866815525966123123199401739920756915227426625062525895851964709954628361488713160244097276357407956160000
10249998096567252761544649716033574062698268282985382300781511322146396796859134583973804943989781578260953222814727261798897815744091281510700876391769840000
-52498422603004833439430142891420338787915001256812472999995941346110852166801844482546671703242806253371622569950528374253447192956053028725920494653606160000
262360921621597249662524899855956953401162890495832096429384131700118332007270025800115582576930625670223281639665301941968810024273086335561149527425497840000
-1279521446035172628978576439977031569801263646853410710869108469659622094849046011959975995469309965963779475471315352262439256234081140062594366519886886160000
6090522083127421713938023854290670272254014959022234983736956315579801171481459016929485738433915437987590303243461076769210859674226226697949184634661578121600
-28299642801505407491319320916530093151119307425026459758273501852971963114111329864076139056565940382822644131304461481990375996245333684859924850749762194038400
128376580321015879657853390040037896612863017419410687692375643353793230597231672843611828038608816061870195349965913504807553394732292252080835568626083862921600
-568625118848605636818002512147367405008487703982988747794554044381006475539119006371398191286857090730826878093151874965068502363263752023520647017184306419318400
2459555987445743908366626250767606941190559240305117009691236724511927417864473335251432413199364102510263005243159885203935356376010667036648479109832710014921600
-10390369171454469163916155794059074220947872709044065734818081672938142357100938375449928765964660596318866165006818290555400383057840981154821126035415734144668800
42874606289187878988591015239921227944110641712541746504904373325391957301942675937999332262832460296166599401421869279397524328951026989165372613697580553389411200
-172827841283283238990520040557044684326024126620273748183058933823055657388589085266364501988119562855130118698141382576074342327314075166125522883636740337101468800
680642979868732756024393739971571040740761683850213897165380245550058700085924916049015754743335068528228492156877790639107595091520863925852367899754569969572451200
-2619166433517262256769569682498127801668789110676536416505682976710978344350509320498691296280661223637915868438708501828916769631280395406619342480336603353159068800
9848931630168217577108712442451637601316521036015074954628807887632191294871749924189293717419015345084724959831507176298819257704401486859601659740108715088325424000
-36194284171933018722011637909404082375619735085603975235016459081576007600072880839003898241296615194390979746466261945916259814105802688378857523851341815638688976000
130003959474698189695388740246022826492021905613597951864548914252191374236996469952340532458534781106383927252613512295535953618012679043973039269343595092906311424000
-456434137928592257986840990991420575962395962922954795210242961456652165276747493494665080323327807328709988461266847029616441119048195960557234198758141719013458176000
1566542650674586724780321295951163694231048748092911333145404513143468234841800954127119209198346684986902148763184552547630943342107243199807238704325034874952007424000
-5256357665306978140803535539344641885179794948704948235034202288902941619743282974623131562054943980816165054923728886147532938435236969148691585444568878833723654400000
17244103208777589406036806840727546921772953939925032319214463870491338797707155442312984518085125378206658010148118902355580710039023540881379410513157594176270585600000
-55314910950444351552960933974957068659651704321429475795823385420201999996063912822514826734870037291433454590080652284413463697751739550269723960482377318859976454400000
173508621852313092389192886547703600314489215594854480383394296295083492662172325225233953782834224988555556066960828007328529191540144828898338386816167177429498105600000
-532239320997290334036731148841585812729404493766321853920928242127118977314603745177525437354179499984313593672248528197891672872771156784303009758132016525694510854400000
1596717962991871002110193446524757438188213481298965561762784726381356931943811235532576312062538499952940781016745584593675018618313470352909029274396049577083532563200000
-4685021991132285115746998174254289651466939617725719661755854727178246871072617093589505210702451432243588758397539346257747771656589602683602143883531172309400414956800000
13445673164015499261236816313588164253699394834101843662426974638950953597469625891545908665705852954831842072272862853718486550260876207218002497858701797659792268563200000
-37745467972033992274703471852363204707440478418873646783457997216662433091290401298158919091889304041553517393846305655382235592314738145069454959782994517047328801516800000
103652747115710411667994237480110819170588368935907964476114104739617233015520675365079487495833374990280678878626847684239042380976684666845256648144976618613840486163200000
-278452739851644449904899719566569704619868594309423155768632930972507734772894742300749535208806778573890015739543163618939763452255765689013097459576665188244221082028820480
731806633759763985124214909246381604658566214976465844752484278905071348303367361284736306818610105140903692159026137492859831839375130234843945477662936401757488059118827520
-1881626443589259856599064821213757302175919120918160769280815644520566302032918831907700376965377870314242483571639466052848291041647096904285030870119637641346939506461460480
4733466522154231826757022440865858213286296538559748185222051855747049603551561436517808760803528705009266247734905531789196482151643478149842030782644713441513394695942111520
-11650625279785780986247273730871022568234686612755767436963525146297903053414362410812627187894461404271049590828315346226410595063347468393689065490435960450150059092067360480
28058014727058064268654676973162758492730872493441404419196181861202642264731630184619758967296128944013711144775883703634018415330073488971783725766907904752728248819357489440
-66117245938319507077683496423153009188715328521780604469895367302906220531640486745285148469115328848375413145130934158339028652032681185276496829222538824095074742381329614560
152452162122240846898129714893055285650013030227907344190915764276949053953121452908550053081679146683444134442078765538649495817496843394149938969860234148120048372928850929440
-343971860617375455964229467527657273196770312025892363276818309008836773832496484088028784472999967396853346696693177195604049271983521776466629782694997178224843157440407566560
759435310888573879274109657533217027100287494428295658818566776695607321330780274848842344155023986827848857008448669901009519343869165588451942030806441753928808316638868209440
-1640755301302474430530483828003863947438892734875947411027767727428781249788722816031449508976903675245352468845413792996008220804655604666408516733223793912809153770516073292000
3468863284068553207799742625987407861194337235325964941653861873560502919103493566073410553580927839359551413372137811489830529106036589796455376207611550452340460047700071908000
-7176697223275933167034567952992542738453690083911904984248554020577968397448332818168075294693431132727941868647955850496116430055757196354955443205166184432566061277225291292000
14529759406670178491293047783846905997890174064025803852798112204232522029616567955119108961468175317866967374899736702989301883912506535531488241347321329919240551281490145508000
-28786535910559896613436497909936116903536979089945848852609023190612116907597567659748686503599207235268860004336577881772552498022195418125865037551581863670545471896079979292000
55810630847003881189315659213141451139510469664180727367303208226696961351464671993390310568202544639806973477795406097314132394124664586162391399334699531606159588369950980260000
-105886081430417956570584847334665378780302570557981633497676661692207770495241484981574826433380201260946593863938681282862620581157297093982155887103542660462387883593691515740000
196585565583670235180341913549917333863291362398760188039031120170079850042643336231414163973419024717555876209601689769155180721890724757504264421226355040521223606933814500260000
-357149510831773334010703820739057111367555254754576739490344033715029415078206395634665147722455385949528991983124474380844252481733205314002686073303355475104111605516071323740000
634932463700930371574584570202768197986764897341469759093944948826718960139033592239404707062142908354718207969999065565945337745303476113782553019205965289073976187584126797760000
-1104525795950607768862802884906836948459734892759298760469014815854327988922004929186978699681230766852500283305717756150984576838738389482121135632697178618210733843561923311680000
1880118876912734672800616432537045967250563935488759440085275547872885942486677934444564418241404444758684569312472465011368192250740463687806496776918015996582767253696792336320000
-3131443310609756749908232034034005340705958008338004581799673850871999535195429012846236196812734849891703287247220902782366264394298673172652303461430714689851930965236764911680000
5103177520796469911647381788115314766336736535136660498170250081296881638437547207932763298092922900006128585718443998617574240952286588640019933544522954326559282675999432080320000
-8136902889900195414729321558375479816835013585302582990618831702528188510384700401495963604756154125368989946662186347779987863405702128339627297308345032215029595398752483951680000
12693568508244304846977741631065748514262621193072029465365377455943974076200132626333703223419600435575624316793010702536781066912895320209818583801018250255446168822053874964620800
-19372987610999235312923925749724002567774437739472547404291468360571657114937433238181945461680569955598269839045654990464341228345328899959715665878322621404292409492507030169459200
28925319452433761312094171687261045385125822552841282689509976305673471426457829682493264830597859296585782391262072132576952692737208523762567157641041254672890882871083903771020800
-42248092502805020847614670603577359253399846166183788134351557087756062264172739317105695152418787953759856710651523272456687150983719793069585786958214427720996718195789215850099200
60361543530318996727971643562641897492924624198641064140005403961946635763165335597099400174757893870180426074536861804854207599255032951103467903748192682952363501406060119323020800
-84355414111569628101629466498052100242453455045551455920944076504572665795974032993657122200520136802968066824248704894817066395212808796391214770794820783772137546710029906608550400
115302370767885112967316016337574172520749988849244889454071489186723584608698234446951451055148826044293629801192016749720368859728750485008110130494695864209253096390632594240089600
-154137223383203471028683924473179705413251364459875384494344989256835118521693193365308826472400866849994701431257987907015938751954320955474957885104090365595322275920635101334950400
201507067069949867028205758656733410746149316235879388253382593710385792664395892431910705846550019648951573301976273567271758416470966940509562791950692724385873169241541706744409600
-257604798094763251156385503501719358486800354077266957357741863301529149682394321724098022319316881651614489044997080234985006932555088032527532924846898388490448754270692868963750400
322005997618454063945481879377149198108500442596583696697177329126911437102992902155122527899146102064518111306246350293731258665693860040659416156058622985613060942838366086204688000
-393535280218934697416338893437317597580308843062272864768715736638687836734142669934498150585125935237910159641625636779256685439239064551060902141421284578574752424990417007248112000
470190986379550235184679254024559159797598082725980336369755015929076962682357017164537570863710136614841905415440232695106410175003052433434905027678928488255979920667562706876688000
-549154898503663041439865329204565293676061052545067402532645861692016531634469517092580276317203855971062485112218219005677557083086293050619840337005714551510079902075167991158512000
626905562301326220418263870757620939062677667955969271540837244846507866868856040036086585516189291855127250999611399328908525902702317884675475078354530769986819352815138236188688000
-699440090170901155012112583076684518788937894000461583950520893010566628324756738883237099542855821491257676735103627350435132205494321606869331698990592181390252996942509602359280000
762591742963222321860353841121930239602803385373416599949537295311709383850667421360428778439017284833914415729040984907696077514220910086978596369737021029818869249533341504328720000
-812412179539614127605614148000059856891207694174390641511015188103058464039125811468310066198201532851677407068218175717758189932411253884837071129881194442860928117640830056119280000
845571860337149398120129011183735769417379436793753524837995399862366972775416660915996191349148534192562199193451570645013626256183141798503890359672263603794027224483312915552720000
-859723442888221048703141569124488043419743057492868198164299163775892809160229838462925436805011179034971244087344286263105307687171396473749325029043901221616006322319628995999280000
853773799684842356324573115358920652115800198963505788488421660912391820861543126778060900910166811013967982882587578399692814208367442172892928316040137199321085863341638483916240000
-828021312036607653055934098644493374828219891330873111581107003242519737622259893037140627506289818868886769486929350427033566503713699688145773199089711392754921993040782660147760000
784134839035208220930741269186862033166150908448003687603309011723987052772621456305047722424831515867723490195572359436309234693349209385583152445433252919801983996654629766316240000
-724975613316290109304505384732856404147835269727177989230216968940306917614060219767348575870143101192013655558210523504364089451691201607419940904059057821639236164637316992339760000
654288335918031145020356227125134376632826361144979897533572746047197325171309996199069642194338423073410659415792850582416580135355079690881968069180528997175006241331419259436240000
-576307848535147433042419893116751014193322158102394538317326524885653807232525294611262158308319313058130695109910600635451012217182147744050321262567992479960678966854368474229961600
495338977253349859805055114744976078314921524319413487479355029653785090513906038343564169124505855851616465218435557570966159261049118722158953812455134032362897624403754721652198400
-415367559495124458710415363384253137776861801059571378900384180281355552775090987051095607490500601330327050265042629287460562735708812855496117833541090560318097720664912390836761600
339750841808977574546746766742403241971504558649787017282614455755952862824114948251994500811886554225374189959248983102317508643436106361666373872429330354791182316902912180309478400
-271018125707551506751983415348119111811419275756995923183619202729827384317641583045870211486876453276937015735103297622175749927205250850405132480428864721391586680744094516916761600
210791875550317838584875989715203753631103881144330162476148268789865743358165675702343497823126130326506567793969231483914472165604083994759547484778005894415678529467629068713036800
-159819889404912694747099743858122341700283547625042486668448669102636525114418888885275484338958821500567645597948833699488769394140589186710796372955675602435549555674321248977843200
118094179841644822987260395202010700261325326399907616945325130568655101699689552117981003341394641801953076127744102573019174003471351918063441976345342230564319252647164801653836800
-85024001020093114964490889208865000268769295733768477773858109323683691871397019651725640406233874062733751933949597095705016703923609725474861879771344218135396742231054690575283200
59629308843959443576230850465952580528758806648824395565408995385797069346480707544026866901158350240593992377117770363906542905776293399151557197344364281527849133020267089231436800
-40725641905845200689390683115898950178516789055259904933277874861738685054024442332845230498599749799090856736745884068847784964865474308405190635147538789794403900200109370658432000
27079797271420482040083919366346960628587126125193630855738357998596274453196273309769097074511175985035439599147367242449255559364243582800121556565324960123438181298511850000768000
-17525319341402869085451090370894165288843125377884899765398346531677551178194539771608694440597741534425835270333840489115190670707546584756485771587116279348952771911310637346432000
11035635674011494295093918834727833371109455591053823256527433239277262874091717891492844711123340187590012159816374884725771943392574603619860438333037005239652922466560930986368000
-6759292094613742159580074751127075566935521930423745108747339431766950377152170872819124588748007053673801854500782903695729804582350431191705902138476432284604750445001164834432000
4025617175462478017478437871169864949836945194019681989974177223905524462846860769130503563935793674625671464591879014666431878075361060128024290747292058008836624226247231134080000
-2330446235810204579126864104636286776009606248526675912016245409710829503874971973993780454668458282788836809865845040178185215127697986043248403176778623751778204189416827233920000
1310876007643240075758861058857911311505403514796255200509138042962341595929671735371501505751007784068720705549537835100229183509330117149327226786937975860375239856546965319080000
-716197418227269961120260447497042956869888236720947933785107474357073044075404695066858899394312851716355743204881862120453276963096384174231748297698589136204904999344607672920000
379906612219396787751219034271202189152684896319933163728501584070161713570022832721723112645022366129910884720540479736760793423617180722031103810587061151960748310312353799080000
-195573226408801896652994414092275683173275656685409380144258211917775556689893410927750951479981928126048798643118471817149047502098785342110686577047777042725355639036537162840000
97664430847210942976651521239749497761248443301043667968748686417914574123774343899364177769470358943412123937150790382657937507295478394498422826272505070482174681884551461160000
-47288317659561978651195824051537860095122767864925959566099527596151221684656747048698813792319243343184756651884885002976765794006270053622094445321617222279124544494643162840000
22189467698839459220166268218857526637839976472889958988316674565319811093534984152327909869490480577013232919295845947218666042917542697337823931643109642410130984606760933160000
-10085306661736103292941407077377253654061304930066068327332941731299494453991974438972501950480017168901320151370064675235190275661545188489772807394872110647204555236915482840000
4437534931163885448894219114045991607786974169229070064026494361771777559756468753147900858211207554316580866602828457103483721291079882935500035253743728684770004304242812449600
-1889090945300553596087514530394718191686546588860938492393546608453077949809447936570647926050705644085316559607486117514982711380542137734404225299599970041567270711830700510400
777599537233312866382852025598217987147515844194400620484315479746541938167814124660342186205951671357145792941067954852015724447298935040364997748556050799386429734239497249600
-309292485010343157875253647299871169582735135581800591384367857228410514899867536637813797328296096610327275403359577955771548433975025946919912594253251198833821975149108190400
118793999433038375516100881834898615306863667991625832677040941703645561086108292618675887555158708386665493321013540322112947668412553218367163660768549768410222281112633249600
-44026568498978529414949940144641188183329009612601364519807559001410579748153162582650254578741151293808805674593358489397005590375384089852910743996910473360837882887073476800
15732370739902686870777191355295951022999366145854630303948577262168678275544220883290330390046913427733922359542220947620326910464047609070825207888800792205762693375897403200
-5415953716173178698005422522858656527346347639793265924841780746207616822855908008341283660845807836180613053410985115133315649285984883693989186248633585050461049032366276800
1794635550921289982771027581538963109653227620286525986929820838980038710532135198030247840280267685361623260301864890221690392662811559093866239230316454217904252933801843200
-571862645847701180609187814094018624190455237901333651062846003016486774842535423213365529380303699836277424054890167509803085448448389254539140217640958912548002485876876800
175059993626847300186486065538985293119527113643265403386585511127495951482408803024499651851113377500901252261701071686674413912790323241185451087032946605882041577309248000
-51427633176378244853867865752889392617198515741790800091937555311797119324328400861558162362945842733413164087302358810224717763872883306113171644107363012024240735599552000
14481757864903948622075287223401747796441447473035430000969243948605027193144807789780173168063425276657106725901091427158330990111588001116240217333187661983330160861248000
-3904127938584500332751500761079741173450491393742342664415235573527917467860304262311298420035349127351122404383968111388250707312368199467758471604007544660850166357952000
1006295881453651889418261747396830832636247716213962197806739468729223901446044010662996037865692660914766548636307965473554706723626391530208336946757469149634801373248000
-247628245571342136119691235838592768442126939360385505679862876296266563092455394727778906018869746195899826733109856295547534645348841615059379832760761743149721268160000
58085637850067908472520166431274846918523603059843513677992526538630428379711759257133323634055866391630823554680089748338310595822567786248496503980919421232650667840000
-12965621258511834737511084740791478178780640739068894482137642473774011609912087781684222742414602383623172851053163654882965929892140627349443537839908344551304788160000
2748960521016018155356487034934242364476764078925557209031623717821457389560520926021593896822016951800923525949239899558134094554187546527501748322424805986426795840000
-552474520174170659483354778460231482896343465665091343755464252540210332936633122869042421372936790275621898347088746936904037393044635453359799672230618729867348160000
105015817884346488992703800864341521542280162895017362862608907507643286425971585338743600756839224597845484809777199830981759173884517482870044565795902733776438080000
-18833225135623572348786728194974865117193176773560268653663754240483355087018798058640388178562166381780237944530998409524154472759658660397181064102010852463049920000
3177848799363802200562260199444261389387599587065319254197463279438754583711718299156997567018159557480814437682001923009554187879825529986668243833136966339638080000
-502983126541705787782291017913607379916543593271353291837524049799160194823843928747103859920769246856592540348590101067952321840417196133545129546353658067913920000
74420972804640142069828773058645989885611041861577782975960191041712477805568744559520469069909735504291753418924045566176619047816830040167391616552326959028080000
-10253556253083752907398630954746780828684187989817383432243404099080385830989471472645042405187563558369086026607312944673223068810318805534173956058320603243868800
1309699291156676403161341302153026825247389036838605401988330494604127910591575532295721212535117563137283993217677767465112916064658937412971863288520706703011200
-154305039814709822499805993622446114927068230368281422023931270405823139304109434620647081862654014745220189074589487983091084892556510101770889829505893970268800
16670073553389703815768514546469247873007371147819876617543821456584771282161407064280432666602511288264784969276980696234216927450703307393531034212548102051200
-1639955558855427661286965667039813309754677213470428547699482750033768140284714232082201943651005048266776485126140680228682235821555240419580606882068146268800
145704936231011531343076344708641258144555442406635428623583533556875430233235479977057639606043926783626644236159947014646625866943471266011887567972028118400
-11574806032181890919647319675791875963246013387337710723850201434523246355178598594905405338918314979775366745695958010439966399617199353397132576237953321600
812025631270786640022820286411082855923323174617033213682713299211500041564253646967204417355743857082932982159407280161662327678257742985054485134410518400
-49524155264189330529491388095324933890145757541251394766959489651481453657633108458590392636903754182276172040925371707256791743128651974129481115512041600
2572260529829689093905206876746002483446097860459474152919000448696275370777788013299566744454567114003824846307103461455152233864012824428815915927318400
-110622340576650277918060051286043565381339654478791328441514279142664626629194142717726953699947431340137329288897613779193962072015037718758493441872000
3781688747090314010987976473151158942941516484624006918856707617919302088156881063892418124186654504302310308928128710061499996141852768897518161328000
-96344898379644276197258173246440357623409889609872953068132752964135400098853403165982131348450258962356567716643561111965790640370868491380449872000
1626045527345172093153358054226343158816112111910150115336750791499778308285146766236122406064516057623276582464360645841382950571897293230698928000
-13635542227873066518801465450086979798549004772412281039307848761898317775749466939078493592634988736218719612759383577983971452249414461537872000
