226
-11542950
147380385600
-836252683492800
2668691376196398000
-5449574537848092571920
7726285678104629024188800
-8045901618298875616679222400
6413086458635347546219382704200
-4037473382198883310116758283959000
2058142431309702756165118702830939840
-866716095763519867275980359526863963200
306552667982136068611807164384876634539600
-92341282064891129259297439747579377718978800
23971043017661533962821702726310401726232864000
-5417562259960474060193095134824934391914077187840
1075470758012465983355519901374231116394817979242300
-188996309298197612099227644398245936707071351943870900
29604755214512732127345683359567215369621250783504123200
-4159017065662086453845807012688230824017567128768453208000
526905872048729732837725290437471963094785579543675336921520
-60498591453939750617320226941726514402050947438081634206397200
6323852766193636081056745705445925240968102340469888507789353600
-604256683880509873325473204486153465321766860120475339136537724800
52977365513829424657875688934983940970050740340423619143047144275000
-4276417708061133285463178211934199689408047841463539215017394361308840
318833509595090410632165949528821988677759779896098189995379697943736000
-22019630600252423736759477449832099676212855471095823829488863720676648000
1412514364984559814501412806003770353209307305296366290857976956939119874000
-84372959720569990822209836277763856948239658123142640453329931547962766790000
4703886252154799843883556383414532540260970095540894585984758494833977540505600
-245302039049675124012720528777127261451798664243529586031869065524042439586304000
11990095369642909479574890533547630556821705803434709804753037566024777525560242000
-550366296824922053402672225069279530435120852154537042249944985135794815583268886000
23766682990917049226523700238285842698374768978853364315845375136659928368440123520000
-967177888800168017135863657615336770903412741522301277150373710969497215587843753139200
37149780327524972139678466725379216400904233235324195660914817385849977925897270085856000
-1348870804046956749559530712577373783520633105499094078683048084586154019548996058551968000
46362296223309250272949188591856105002559599925298502294457785688490302145606490566517504000
-1510508605750223469609465509973326287575174868046132334780970131356434531772208836307544320000
46708702361311285238998697232150182127543344857156527122264548886869346808726127740720039235200
-1372502292169524648649815972505686047703749862712222877575405944239685535762657394261074561584000
38367819178834240064750411131632874367555166230195654500565996554618692255968345479479653503872000
-1021488715368563080404255537467220933743449522992883441914203522116935837579531499685421797206656000
25927662951038837691665866276414894981484044194147878272553698903319332158397819160403733013809440000
-628038417487114087710569089740457784561369803341801272665200733287267437877319223524426423733514489600
14531550529380484751564018257888853087015437415696876327829975378896320301736081844875197403588312576000
-321463684798205590020225839840767127117783331911661048217323407351981206059274382758495369633838873088000
6804872758237015206799676502045961078033215565970283265475389419865810495626271786413774378377426006184000
-137953844859303088376082571319070035599028224770347162826744931283618628019412236236439178620375348126200000
2680498387154202728382634793758058419703358018577753512588784712813223389868387514968507816265341164231316480
-49956616423414062767531034843299454784744436736084814118701014591934257525517141402575323488451523620189568000
893676571609979676106143201716006370875613126404546830084987232929380142390649099084827495482018158489574624000
-15356029577037696342689645395951042898915350221491015253724485144821072030177807072099454868077810771027518112000
253616729914312570598056694879630393008149268404323489238467491280721134764527842452781120180599234133293989120000
-4028607434417399447870156114268138847746968759040048919470281462323944213742256977751598547371231008045920486348800
61585280741699658651433445190693423584499260940172176402871585874939376787883864640756260956944137284987700291952000
-906567935374967551345677864923143850346520822710253826044979789978678231343219942805001444379121961812590563823696000
12857957589955544533235726008089488521918311977750187440029154500434808494009426251816952709339080571344328472400768000
-175804220480877374909323291972139961562971002177828259468022869419188368363222821733762672852913972936838067694316160000
2318466992097259514220842391574810226434336472054048457362181596818163049003435190175587960101373271985923361626487225600
-29505779202033250281087877305301031516473529597989643831869419381167457991281288210364140782209226362508304431556652128000
362543434773786284411119308242450135428220018202977850537683771126769348554682051184162096104398069603015669852050934784000
-4302931111586986772424942618638724749210672813677923306948518368976750743856237688367932441720806214358593892597773591552000
49353443267176913713018506890538888847147804879538290273545261956671813951749523095587272000010614245743833270078955891385000
-547280040357516114643462737592576918669283267789644600616773743889238143302583883207422314904733085923631794683187967447876600
5869817145432312414174145798972725812724727794107482952437022340336365026422570942022674598794566063900844225803154692186592000
-60917168936122775326159708250555218854401179270235087615322690971096065378914749938964210633558130812864475372575533001759136000
611964604546015389154578453212541311899793161648131550585417309902542047790083902284767628103382848728196498703909744592931528000
-5953190644727725845136379134748760945313782877910777728494770575117881735643296772593785485319927880455034832487204331195468120000
56100924736928054821432131209420160287920252687838382120607046138090470821441810565569518075537344858753405801005948407608558348800
-512320188507138068578581265666664764700338986805125951383087754208886098842506199045029312558492694023549501299208259262896247488000
4535377718165428287655912701383985220221442280567291697699202009289004793225365448799090511561409474176067460189673116144451116844000
-38934119811017798437867336901897761656871893415108255450299379680792663215552785360520171445374328995145910696434035662274386421892000
324213999887219066611897473105649731839546811491770717409359334084029481853397920460138754183540796599461929831517901059114686055200000
-2619706757133154452724862586688868615438087489619994822572940638836128707505562468059336269581531154887492297381745799295612728159092480
20545830349399566604646169525104873317061177853148505100857723500567283665166547749842093665519972527078151155019578377439621985042744000
-156448406608929369792538474540379442679264799550699200504035021568580056608411895979443582849929195425872371427840935234654514042625192000
1156957052950189054192289784109262308518323777347971470920043341619584797325060490451532820444446804832486807245466692649174210355981696000
-8311515697648089447958870769193843230639167850888687854302218109519962247727781940297143727708183383218161513034850050460779638088517760000
58019574266894694402657892263203771901880541079109846652938421290767786465544747806986748934232937629477278711928900133497779861131659288400
-393650563708400750089058996204315791222711825352320503544513614351246458544996867646397672429108248525557241557920284932579434616411494166000
2596548156096815893508320136771834320688535823620779145331092775685080745001145311399915164719781237151325814630707982946127763846978374368000
-16654619447445203060887232092253889262340591150868249106509652559035660165389114221923073215774854627087477684872564035773050878372250461344000
103902543661640850161600900893001162886654311573302200349851885721194693945639003408312596791157752364567852563504856697098880338144340321480000
-630620130395378950925447903814393632351927780872093396199495507371641318229787673142964108219938906427496872354636881802696609232936673693732800
3724376324455131500327685835399231187281260880001763053812055673606448455959589719156932429292446110431728418665567738932096794388138711052224000
-21407906030924746490257184256931477244688309830391954707649769611784351033615255636327210886672803927408271675370967844856485035466343097073472000
119789176669942034467435990214534448859353543591237626729323323452716877452042388589014811743453762885131098687651701788910280159714305150101716000
-652632485695158249898017946939557396859664458235053627257157937583890524737140421608248226333638068085826608239566871695546413368573518337664380000
3462658482127792709582372751564743047832214784828353664815261669827812245815227994942725404310423409142775841444892083702197859373804385688822764800
-17894513916514779496024349946046755069675115531545633991760551039763461545666306248469258987738747710936492227343817983581156550163260317057501536000
90089913399164435714152835527049187976015598184100018390465571940737313726835141996664941397155425030532349573673767948530274446544996293768224888000
-441929096518250608630403786900926800584855334045185741733412281272940456641049204473638971980242018472701583461932819141206376915662453203341944424000
2112617138629572850673184241590668634756030931424699607381092661947601277559746310204448865600432646026133418450887537406581865201174968685962396160000
-9843508398505503373258511971537862244889291600813301184485576457347211226888076685917704071730060188149023421526678319721238117847602061851900800102400
44710206332621568056054829766555437670471543664284373652622203830789307938100574009604502218166267304244587719738146100643557683713175163750061576854000
-197995553965495044764761036442030547498728643836724093632034155278722297147075844112890933566195542540754515519006199763579032629107967855029632875202000
854984549568618335743874396431059023934535018450293795408967147825819565523066368913974676890593663083108211953792702685875639441312540908349535047936000
-3600600681914572166904235864982344782460762461640228181359567291757035258337370102736894683058795372283980353881521661397767270476499859809420167238400000
14789827361032296632775839239001479428435827887433401277752558607621198027146581434002068600132307871193677701603738376357468840209270824153174278948451840
-59262248150396541992423529937671352969053471708542326951096542798403731924283552212021816883678863271742140579654230578728706876144882358323791652976960000
231671872046609780460962111651765596689479315775647205089869145395682101578667881157953800105054472028863546871943182054791807580407983014008578826401280000
-883689852588383258168889977586200245191173482090028791438564870084557225429725058612396684781905864793290710836735295335211620073180304329143666638512640000
3289326318898697297880871902516681016216405731226383056889480553772584494804061654931128932074660698648103182164105306046192661256124172734035134880410400000
-11949279673307185984347102092307990147889638634135861025984633619877168399219725473165228558596121146626320231188624182535697258591295169357899427400935776000
42369108417992015807795349533423845451399359485935626848987878552501458617382864262273291720760899473263848167546705894644195334841331394376887966149277440000
-146646926306207495014019243249278253445943088335153383277565085457243016912484126309817777187404329061667089818794070616391434058324520845923044758022309120000
495511716356331429483241290718497472977667095118747011465654590881418191234124175764963840407234174981003373108565836002505075369228910800713223594236560960000
-1634675677349247569951657469043978491150548084603929729349072610857435064844836046553973379745942554362463362426583447699535933767942694961194747813828971200000
5265547041352419279870727397806455014139153896324195465380946618246230503090275185990716235452715454448873720160207971697282029300771444529547643867090742272000
-16562476713547034266000327919973148613989360380816832664624509876644157385542051362151627928331303257622441443454984168746706034051732597414383486573257180160000
50875745593621996519254196062851192792908006552426195490538234579627923499657710705231706579596761569093424242602634724979916845031996208830598254515365566480000
-152627236780865989557762588188553578378724019657278586471614703738883770498973132115695119738790284707280272727807904174939750535095988626491794763546096699440000
447218003740795389532132914606041879398415717801567295540096023266904738427277383115240855621201449804034532585020390195576000336754020229055674407189547731200000
-1279973433617606524701759013289473813013945809792599145821412066289271172341087049398486323335961896146125602485868188226294683459090844589034883326013729389312000
3578522634712719787401915434003418909451890707817893866364560191275444523147420838166695562120904171597595508733528629687366675960983767348357038549690584098240000
-9773557290087256533829747412600323089172170201854598435369406959691361267215473948172857548470614673352275789686641455045772365706282424563739104409181230745920000
26077793769126813756452368275849411333591242986160732625024720437119610298735226093257541197987667074431467260732411903035085818063760746724506981256097463708160000
-67979786525479579819182202874301321896724859461487426371922007975162094073710251481717543487304196741235619937146881251362205562730296445543053118640550658342400000
173140739625589518711689338376241339019741732333993947890042469756739233489402582176630043398636716644552610889916598387150017445742802252551181679115335829539296000
-430871036695468486733174034815815394247953692889083361203039231308434804465977944239158229030075047533930358430032870858261791246201693878266669249270354548819360000
1047707911857188623478032428651840281417760014313471177684788757021961330504748304078447636727793343210696555515973505919256298628227069661530992573877497435559680000
-2489388347381212204915383152405823424953679637419945034320516983850118576750227198539755251335447637543453571361801812233426278457854350791397619806542031880234240000
5779862383032601178165919520088963076928093330898285492016288782742535977496300142291185124393566640238117358065577828871833906148894401876489010607020716579368000000
-13113721685816879639498240826027125122571381547115207614558045032768361148046165526039347446072085181637215901490099175125464563640605148219098362561887451101131197952
29075523012141229737360675048888561622229316607360500631925118742343557093173660022460634297161589719931342890680995903528366883355335173678021060857800345096990310400
-62998468764666101781359260396398323703394378292357084480369962470623119209817093236092242965026106760644840969720922799963161849626070947642495009845467707861895987200
133394951073229760925226773783682290400278184308987547289611495241141189674497961337067388485271343734148609797458389512714966484816140949439296684665464216378472631100
-276032398305790927075307010110035434765553709313141409225273231093605965172846421407482454329085915599147129281622477187088508557457112769301254812598717642629211288500
558206109141935545782585347782282308789796660916326674655795144725152512766106467338587003500049719024642147356729572801534725944358241775363294939371229239911001479040
-1103173485901098073260088693551430831688476997551262698616123322262895371508799069971923444071102279629435255964307643002392065171196886534085784503745425072640383145600
2130624090194200663530102428569372724287226120385393269847898418319040119491167717096830104446782249431230213137676813723398632756032921582016461209827883640065092608800
-4021434026757520354642971891155274303000600287258020526904391683668822006300617138940124749684251170883627289616576164835949468699512191353880015287044126354845002370400
7417570448106987867329874639956710008653368317775987962300816026014222814027424796262916669054488682315979941640733046300214212704825338474075858003280322169328719008000
-13370348795103575222477569920286303456475819073100629934131363910594964810074893387217178353641097816338121100841685668258344971279353481163888395679877194161021549966080
23551360496565445542188539576282859354021528189966399397383209137499132434701558529170397424395921650967559767810451939438628847549812738771598395936980914022820182628400
-40538856815096161177019827806008329540751958614377135986534143406957454929293156343007513963980981446950234611255382322310393850380510424183175948507434726907946701485200
68186340133436265218562230848669334795702937320716678214695530435394937843684015121782014665734026344712765966589603368422943489570915244036730307844473281470035115625600
-112067555040487997619970169276926387166168768418785679659834199522590251603239268163769363682541483700447900381401213962231280498489954638703295425992508102742144045168000
179971345023183684341131686130639538900118783405596839437394962457808712217528530853204310779167129640576434306376765850775091069921929194276781981047968624587332957434080
-282390529047744833409868867202117620642281849420934228974877312704156872271304387101539584264177788297257777183613661823596849551140012132964348568924670853780084080637600
432912915786743120926694426847443954041569952851612719999573868791454931345495001690279291250459422329142650679422015189993345235312440738652744642065037960327809913740800
-648384951430416233782672512643976036991107777690172760302555082374487269906522344210875047832550282540694017426703411375809388455274787153538931495551172067629704837798400
948688243942844740208636382794089166778077255744591124015216107216528924043397372847123309762711013323912832210946252948594562390675011682020215160832492309600947375521000
-1355958640605299752105100211146024901348299624845693596565101509534549854764715074978782524693423479733503187670446889291710591885953615983657050454134469745342119837421240
1893100447758196688996424389365063851760433328739343283626262944443057031234655687341366482214124730571826555876923410833238281784855489382324724221947917978109471118486400
-2581516539131416624307355152085720603444152385485780394216071552774471819121273503581287710278292074402332968764186318062984517995017664196814412913514706791658650814403200
3438093520797191643731472082571431767881337353423629732472207785680099155743507608038409655051056263443428477209132727836622733699354241232170838819989546499555613657677600
-4471643187830228760539897139059055551442440254047444192835232638688025905233718399266207773956094302370568770749682785292666160784147277851400070759299047573292569900700000
5679185588241627424941693362033403175023074342207100677975982572584401256353721643441384593269748923757394364130797123223254587136346338305849263200787981486862598999217920
-7042628503466164441920371028090630883460261700184455579569795501943947437542277946945535256116054156363331680443765126930289173776597198175425986448062812005659400320288000
8526506427413242372290366101010696289480195649132600046387046389386084562107539765060617736499232464586007347877986414927893385079595603677415845434782417651588674937634000
-10077442578804826208473559695700924184760074032404273804237276793333538450161446566702213290432067350066259357244660179495494309239915056898759630725111074764684688346342000
11625857183171700331583597287669813024752724975821425673972503502513307977585477233301254664623940069902717828226256641549870311216228535872409491340826404349880800858320000
-13090158695607811266167237886732824646517625944680349049183358678313735446479281774735993337471059431048425389025950818337795704004586810567515053080570033884229991426364800
14383252938878734108206440708877207883295583405685097533496178955379244158401380451037165591879360995489599560427100792338620033081962989586429672886852510932951593143532000
-15420756437005489321172120922288854425406806875006696925542761217648070322287852699077413894948917725984974951657551731880916532689238343372979713796943133856347590247236000
16129898737505501408205673030075571493199108360846613928848444997405320151241003432074564638075073692554064490373417353904602327414732880233746446349374263389558895871488000
-16457843358014097892672969257972365280925240305685629773135779388001670555012130988899307576407045840727506567350274935483929315915629707908290399255650849417889787548160000
16378125679248717106005334563129061636595758672954965003922152956591037463261290979421826555333824212436482707414672041265179033291663376510609617634256290616021883889723600
-15894130298271728667935812311851840031965059581736126872947099171445837251199327749213226611605352728052147776128084379384498228557995148185810151290062767271557057568998000
15038981998425680775879518797740622301240525816707495142090472741401578670240119900490125103619269888088360523426786743974846060492003334847966684835956357144006433986944000
-13871817977169564483965499912538275085118053603449530785773315347718336725942813745391678117896700935201981683451400607271314404173191528740980825220173226110435683605632000
12471020177273946654606104546593377883631563657473589173111197393955583805521164350221994976604038838979175978058256494788086789593537000481741387337291367019271818470560000
-10925484012788279216125259854574789932139446273439947671914606760082080049420947324780341678126094778640673140593846672440428210049419687731497294008511896961493191637881600
9325278849643646652753161263594101437215843241083886240507749709577969326548870702526986364839807998026877350368967692546047013367772937126027593086086508075711999830272000
-7753065390895594497378448500088078813321515910610350685168101850764974533855235576015390757701625302099365524866623180718749044388775183518276087378073357336280760875776000
6277389821171560567392726230300906216058081122068726398010964551221697776631938895376406944267203139298990255607003717608590318961603262959171100792365800802462016281648000
-4948546333240351744506397922874720894035492330918993552439230659667256939213196464738622679534192734194067630859972994711579112475771067733123396741714786074277241573520000
3797195968371558487410860911338055728239829686175072699615653256359207262421863141939228254025960486971890788302794502793217245614626269828710880489421006781424640454476800
-2835463013214082267111800143602012476526681071017841811022461230895088764918483694273213943663241586574714796436220306025440257104591655610611883160169203620683527387008000
2059889503785730668089737989666524207190083476822453224800389966684601397229179676761760210830529616639527122938319592249146903924144262519715744756569649953208841623904000
-1455460701545552689301135663319121501201132523116857173472346106635011719309213893697782858713395362460358851574614735450322749750538899378677164434734818656169847767072000
999920154318519485317202463900043837527531922342139952709235005218927327309804762482292359005107132354850842672479406043292152028379214793119468233666409963282231257600000
-667734435133650350831742288627585192531446705104297279113683758097380661904091990123277094988194153919642598644730655771146703710445169689276285546015077556215017516707840
433285838913557982041516658103514410184726200045079264920746498507145896961268369107627505464317616664024284373679176814309424863763814267641184771271405568179295328184000
-273104646207221088173061044003003576811190535040702870962685725877640844817714146151116229385038781201585992005076533070068250272423123634431691904570731455036437321512000
167152042016488806396035846651503767249166988243571205457278171828658353197358689627649473558725919866846217553416365651267627486517775960071309475237836901150946614656000
-99302116656279904801614879092767835260693911588788673757975406534081700106479905654077829318384191650242431607293171878901385387655374844728859144881627458987181074560000
57239701563971713027004922281991731213849367062722755280986070754028081209525269073936961121917998866047149774623681420072909675921351253091239919438557852593968942854400
-31999790425937606425005193724082859411545775701406161685273950302494560830025191633013505172245296212925537929923772937597611205839246305069016792055101708441700228576000
17342719409685784040022136147045510571068402529635412829792233903827507427261569864625602126921493708925228140260583618396096980051507960047065253320045461597192443648000
-9107659418261037472360157317868237164841589635065185745694288204085352597069163880951072429937242373880019926028334202177794427667767639921996375231856416528108438784000
4632381119519584867498874911793804465340624217740503855767238979039159136387376005138748441739110162990723745457464406944164108117880398140854725351269124899988992080000
-2280796325639869236003609675343678569626146346037844571907487042681924634251677810448299488436690879665644582460298983825160245022480718453514769229926545615477414332800
1086470211774339374764119766726321621789770256177121012401300337131405884277594239686321411996666253234183799252680288282999214879479773387499231035645435071773262464000
-500436835512862372653655440037200445027533801831476111605929381171196047300729515245719894278655476017129413325028493905295214448905622407059112765339043801682974592000
222749895209607029385109421193561492790096247465277902551620671813752156409435172415280256246938884922518105772672823283106165507870734826501074072666190501586593376000
-95751088741735000033827584961986974658938100272370375792394821413178924488868650721889878073731042747550894827675350676411499436559870475656448374507694497686574880000
39722113711806741288271521118856424722777201930166724317642793503705472940312933883961850804215958343139119139591857388640958879831596128626896699629563235383771340800
-15891676478819642803166658006351512261970156031106146800142445963284487200566521477931614059031603081552464127692309930846599458653604492675901354981866599611472896000
6126641333468553697878812488776792867489145440377619312164291504725453887110769402245119873235599582113270946798044399337887139387614666067434626112258249611497743000
-2274237421618558672194430462088021557055824693390462622601832495794218660825273390556612861747392827240468130188100617725172903334654567578040177595484303400847789000
812141326032347448036272329962350136221444464851945415234579358685149824675621064116294953286347103786584431653950268419234876735512737491998617995624110896678560000
-278744416727104971579786723953678675287996626187580265988862464436552014775582656351920195538201605562622312097717421515829963873114444102776435593974760586786374400
91860274775227742091839335830215848322210466668439352546308798411254386377001156534134466772012503290889173030953315191337134075219410202549710397223044279173144000
-29035790426646363272452089273860646019442804365527211154257260689810548009138941668278685456782637477629866411675238152287681303324396530564490129679586801324872000
8792799304794042056181797874177981571850448255982528589514901512841312773301130381741775169445043162290117693077451977960395684957331792951270962645547763119296000
-2547849095288291522807154632615144530112469223943827569119049894190905888074302950190320195686519792108257380572807793921758048657493051289508706758861154561600000
705499414485327922665301117771133520388142728110045853889064915701461840407774486907699662185597330434776468680610478136934803673259825902064960901528653698107040
-186411382134869819421600688898959192350274092784206813946827256135073516654364808983433427237723113348462632191418946414984258538453222482229238326373564471852000
46927206089829006594909378403345476517547678685407616725365394937248190448819608809867369978087732092819531366293878481882126843127916413524623470456554608736000
-11236155754527962534202985675600228513155935489551237696357114995409446847982311634035316061389299729667070688228826202546311377639427097290578751801665275168000
2554162664307826931313923598884519457286984566780918603602900515584711821941384757256201699844837933550809513423796037007115187246947816713977196079482735080000
-550094616886380524814332480511690317856145087779514438577271923059065477701165340581222643314589604677415274384265982889979763468700171066703333770741183467200
111999658070938065189834872080804136730066301216302308165416849260776833993262054449565549020596997464720236843247669247087971448052820200214836548666316928000
-21503913439044259196638696179812262430354394737485567674318757004093701446067981095394893038167786836151447840308958783070614042407770351400673534642063744000
3882871944013816402647501261018245980628895425509367018116173486408561291066084234403312324661768462555822636106083256595498264129287675322255493080246902000
-657353037384267125239309352469722053678960684774656466174517591904748305840839104265298290810049627540585343604873644891914325753441596094596721030389090000
103984008816159806477764672172988232346132193582494410613003054900850888470423890960424509675530752873540212176589536207845676563628312343671354328979462400
-15309970076816053805209843132318183846474619369134809675619034273153738099405417785889415352824601538286563437873012956636832278578279630124339696468192000
2088838032018423859325978063531841922093769267789574869412956527300167364399119389975834259156293534905064235516138204211842638221831850567872263677976000
-262756477963568625386791791941110049800285243476274632011720401624502527025629270175496178381823871006705053937503597862791464134805580268263506112328000
30294222282462274915762526453163181564885712410575815726742154785950155967667974201384833213731112737256587579483339084538801000781148218543787935040000
-3179173007944283301597923544062619659735221003865944447602513636920372235784907362918719868465324562215937400715493302306062166680137371728629859878400
301181942196367716758033737670541385803105213414940724845745676337192328578731364542625639116442356074126442711815852113185759103356635438969135388000
-25500911115906434341656873411889156813629095667467320817175731307872025611998597346120079491118003645597530784089910645273240492367281222688312404000
1905968274633861938842799729800317418609766598157645053922401262637013613622990863004345643305511929744180400325885081474845346117510792504605792000
-123789978847073245751659080468046720438886239929548265110574840664587840254281948630314978396961482478537185359252976977005134445821524126933280000
6844255855263801769244621887034979832530156571311387550328476727653658275216084597824852937815473700672841074821507570050945036715256168670939200
-313198170318269424341469869935570113750842528549393975860120502985318200796624743067065504719755609447058819480069397003825928155823949898232000
11388100016442228886046465524806055592920822399977964547141789249040057946342657649058140257645524960009930291946359050216217499700440674816000
-308467307248239102123601702465638900514073232374878204769852402390093467669238469570699489775553944803502505645634250450265337571567769088000
5532935597166278537771873649136539589896881161060873411449042613023838506503400482573930580317254271427619879645065876220479986734912950000
-49290942307594896208101037348357123062587524022487978440760853698246936620899429484263559342678156571137907471010858472601214301579175120
