46
-97290
51369120
-12026081760
1578423231000
-132019319040840
7627782877915200
-321767902217361600
10316683364844156300
-259190748734047630500
5225285494478400230880
-86152434392433127773600
1179809726540820333121800
-13592245784467320642533400
133148530133557426702368000
-1119039424366920417307457280
8130520817665906156999494300
-51399520878462320238194034900
284283769796927400823591699200
-1382044365633262017854303136000
5928970328566694056594960453440
-22519331746823611212690609432000
75932953328132507229568335936000
-227798859984397521688705007808000
609045563152729485070496027820000
-1452939095457151459584175323967392
3095018191506358138759190039220480
-5888601140767241067844988455965440
10004613162630057528532556917533120
-15167516982584213256693234328008000
20493000723136003689043303269841920
-24629985260376778627310109549081600
26265570219073674083029921511325300
-24770193402193446541112699166327900
20570402825350959065283902421864000
-14961819524398126144626903720719040
9466583341054369937186775502306800
-5165476812101982719560643754728400
2403878405631947636803845293059200
-940373209303753349045554207344000
303270360000460455067191231868440
-78478647590838963684847225379400
15660138294770586857747292139200
-2261361235642913299631436993600
210250528107295658023584018000
-9448295337167360434640071920
