306
-28652310
670693272480
-6977222113609440
40825470892257235800
-152868526227803684018952
397458168192289578449275200
-759120767073710301598618737600
1109882006509706567831030508042300
-1281913717518711085844840236788856500
1199050814818301601255829763882824815840
-926687908658954332573875374954564980605600
601652124696826100423588587189251313658185800
-332749225674782515552021032419039955820648829400
158633100240059582924392067700179048325925646016000
-65858117895663136446890610826406333702991291200002560
24022777535535248755510332964725872817130182704125933800
-7759357143977885348029837547606456919933049013432676617400
2234694857465630980232593213710659592940718115868610865811200
-577399343019686231803864631603495217538907153068267807502880000
134586012864458663771162806980458700256143868308682543250846299200
-28441595167581009456130425842503057982701423598702198680867620984000
5473949324484516927391449231571993506621080601376667792397067417152000
-963446124300151072889670441595413231419601042632093399143126192833216000
155656764457243157713737380720258950201229293450247589799061325529616460000
-23164466110292229347379884029075208347466460500961565719680788718136250497696
3185456759782197692503600620329632201154559420368915901333618519582760127612160
-405968767052242305922403323502009792747142183907016282092184493551269540707905280
48080372395835207384575246675776292444078630178742698756152442085742958410472475840
-5305134549906692115638121302352747987334454800756752355620886876749723930677518900800
546641064022385555595352018994427152614942222669975762723176183780291553817011547538432
-52715879925363768329655825557032816200405588434901148606004529481621768730480275929369600
4767698312156044250533286441882737474562463238411196459667276840187456294596913392940212300
-405175551602484322547386648610580078106824871740349861113707502046674488242479838178547132900
32414044128198745803790931888846406248545989739227988889096600163733959059398387054283770632000
-2445236107698754529366631679004232855375006904319834841820657892025158278071889262100749002345920
174223072673536260217372507129051590945469241932788232479721874806792527312622109924678366417146800
-11742176951328831352429736388076116246724332027328394336162526094082049757161215643842438885471792400
749677823751321066511912920422100629513857076359736378559207483147930977293772017061718923635329283200
-45402085953223497726327980713137277769670575009123679494399340769343630488767790500749663807145533808000
2611641489244298647962701270571439060505875650962316853716586079404568984790145229079372536346528968470680
-142863470043699870418447468968112242004055797432623346986025385444168436047815469684707734431734129265747400
7440562766357593251181182465441274318252048878531730234864015992928935689673981196640288536118071385432395200
-369360159348655712139625308250653459085668366908486707986729819330972536586320017358584188136651929829466337600
17495003415429611985125847503401302788303610147473259877264010554054845870333442970961864696348647709381230970000
-791473954514035646207093341053874938142855323071690276847423837465441227173884960006314758862812822372406889082800
34232370660266796947482600459948314904931058207713182484440562195102637576065194489498075014709182185029621214016000
-1416823427956637593715478366795696960983762724652147186511972512363806629998602325301648032761347396845044444877248000
56163766198843587113377634633760674843996969256914022065326160372921522192288345301410641548680286653060589947712159000
-2134152940088086076755105579263288283795111824304269389058738959443354884303801409235401866594688026985415628437950365000
77799264939147125076461320828695616412780524487917558016502893523131836294364498092831033805589395210937135485328417785856
-2722974272870149377676146229004346574447318357077114530577601273309614270302757433249086183195628832382799741986494622504960
91570080096386251187443538792834039462885929306855095597071907908502161548509740724928219234595015157630453453519204516871680
-2960852853298139564472030721942590709254375329709408247702118255466545328218759067576737404208103040840904662094264431703063040
92115422102608786450240955793769488732358343590959367706288123503403632433472504324609608130918761270605922820710448986317516800
-2759229921368424710427366362125370956538089874750551823879164680584101335017975897308165686727497480162272156266907270446021988352
79627011442551797287524443804957293229176381908458207927635332778335832531609317189537306967104120521264550427983133920715876896000
-2215219046863013019829939028069767578672073139907606044923107055658799906135602139984828736483730422146980276864915828159971057248000
59444784125570128218218863240759232717564026898257851631182734877654930180342769435407389922669236821656421983694911307864716789504000
-1539570385762934475585613793585363006507321127553127438612260690288704461479115880048593288847528022308656915811552636874617507083520000
38504655347930991234396200977569928792748101400103717239692639864120498581592688160015318154076675837939509464446931448234183852158835200
-930434314864072850534999841681859754743333925662543868746832494862239889804866045661858998071433568387081696720168191660300091660000448000
21734016129103753744859184647319862408406201834831201629166384853972488081518868879310521112078606392459115429733960006649756979795723264000
-491011343977915416235900355195573218083789090431798779663003837415256006249824241824423405532061577070453893483989667905332264829262564352000
10733680600532848234805302198293853991021112098941226252691739160684087597560855130116912043784373440158310943006942105528186277542033694355000
-227150086668459761780396893456012255429867137012647095971460613040455610931482513145297804200427127493016506443832828543758736866582431868869800
4655638139981654621614746246040581764182400824722023124043159672234131529835344071077178135678175836220503603146325742053898077926648190370224000
-92456264928702286601267494674934226449447201230005389939647038382859461681940614369417954836556547398429323838201269977028035632195791095329552000
1779783099877519017074399272492483859151858623677603756338205488870044637377356826611295630603713537419764483885374447057789685919768978585093876000
-33223739340813800176955941050781244062617398693414625886275575052158205659927029608292144333103348170170461773852689347250799902566575923493009500000
601661578397235382143339262261658055742942344991600049519295801597614395395772428432941167253522184332295121625426988146458567378397485948382794080000
-10574133612002195731201972215844395050296761962811110174005556743213776504679321225355370504428843071001723130411565962078059269368999259590750573600000
180421154754787464663633650932844990545688500990464567343969811931085061611090918407626009231817134898966900912647344227956886283608549866767181662050000
-2989763729204544312638674575516371285441567734465181938157992528091260749801202051383417150916508863111854028690776698581007460507903961922426254650150000
48133230527149858765928698060175911710103837010673929815195146325150757432884217101892267352958258102984121835167800172918483878447190153959294852074000000
-753111778119997550195226781328736384980968675403808575460469337461838811097879614463047171911326089582530763881769468625551766155736116024908710973490633600
11455748065377940574818667764463777490378792905294082659272305399826377760225017819723567265257809942991889355029824361745321706101623122220997116712411196000
-169463534418975043682850547076711845563948859730920578140798800759415097692031647480940278990380626862875634957261056720458244371235462840384043534406383668000
2438670507141700036903506097577297091192447496246147017978832446431346257911366666707968985234353162902447007195614733397363611306773051052153809915244527104000
-34149592849166619888668789520552456222522664466340653522874549215809566769774697938942949761986267372513917031543142064615060536797857842766060281612369082880000
465480294029671758219986019158580323598122993341514570425231902404744276051260242094004244599474065704472510338077740804493659529390301058053130426052598330331200
-6177670568912310371438086056734245035407187874594174854408941914630865392038330373469809419067094081880345044610291004504082518445612020214902656888969669198840000
79850342725357929655328217632791003051354775811530179200831344390897943627726854464456882247168245217784733568883047558515588911830016642016302753648740614129920000
-1005483768383890887474344156625304273725631112980520896376036671777794152398667650490381937043853065453211247336318439041740715827336108817678649291735709399612160000
12337696239608457063141824983080901930153789932235473243797796916457117023055080099129431421379931747015168621652274723956053171248690518910801793605226434214628800000
-147558847025717146475176226797647587084639327589536259995821651120827119595738757985587999799703983694301416714961205698514395928134338606173189451518508153206960448000
1720588827406415185508274445515025407000986426625420100329861978455939804480328622049365752126348236046045724377806162714965049329678929339693869429280170785907013120000
-19564793051709332246154136174150045145244272530105698477353709988078659156058718921115439580956323640081254770778787555342700079357573842182511858920578208353898652160000
217001446900493022376894507266283016220986706631694041014574490998973681848165739355946195310885918142285528767010798128033986985560528467554275385641309849164909998880000
-2348223585541694156424127343811317855748248397795184285514992109074236730162293441345149366377046644813281668762066729143344678003701640903473641545290351435572561615200000
24797241063320290291838784750647516556701503080717146055038316671823939870513818740604777308941612569228254422127424659753719799719089327940681654718266111159646250656512000
-255593347537701168682514125394459458482943701902501147388937992938477525377092983770597846540841847705165759715093144769143672685064952250498355589720758835651685270472960000
2571998652703341675215866385644718926974158905770301007255508829697070863825350143396663490734473281278872647265348927962843205332272225080274804145521794842878702487798080000
-25273031506220244993822503933031301589403727936721074309587689780259563129139210618204675695115120910631003546437762670918968145632306577974021826791011767639233701969071040000
242547880458066633711651011036787502804598928138744579159465379511771271316320174334965651759366484067622125479619994849924003932731959915368611465807808725193188991283072000000
-2273930051350412847088809273665775889174506361080035189724268723088141721589492107551886843325402502320839408194584751717110237867300150736759399970466981057874893489357562880000
20829554571940305181340850573227517422321161784112041093372695920475360691903746063317088467179956515399876610219926729596185577339136146397268722385722931955924317314622988100000
-186460930272166657934827911704881933247937559101966721773993204303738782548302350906048295283788521354297524418003376411276216667291255202742348037026494355388631892279599364300000
1631474895109403227777952840106688735390534044820540146200770194091188814566737104470746600300636924869255473958107010265760416387527983881387441716723279224491619655564274654400000
-13955177821803573064051084210829940835778535011481479762957001246978350603938619034109278771166605101154375335096204591942661412901582341464760348568666066093791953252140696424000000
116715525230436363678497647905697293174117355422026504145467175629228133111101034153676363930529018424014733552610616725171642992943674071074669651288895510382038380219603928611766400
-954627962709681208069351166847549618271001034176725945826590902717836416638046739007154928393656372140738093712583747325232431439687819441242531355287618557859560067995554728332784000
7637023701677449664554809334780396946168008273413807566612727221742691333104373912057239427149250977125904749700669978601859451517502555529940250842300948462876480543964437826662272000
-59768042876724819803845051808729570859599512010248675731280507403113435131836822772775607306807508801756291229465314950831990261206870079930657857166907422756833400897703400832716416000
457654337190305988919604954770616037221896411306286549932012908942848992013565612244940439825240188513448228515561888334680605901733818418995662327160065897995649247628309509704657320000
-3429231968220260140647390922317946616865132375004411625980364482601151753218382656976578201759901788053013297587218426958394515568991607565682599592654893777715970974677757542513509828800
25148514968080227446541919900231292384272597694941573333996264984543868321929043337030085780083295419683899583587290706779254902357147424653991296407508298975061944492118834238440121920000
-180529391185396947606685367354381101160469210127885674521892831713224465523135844592583776749734107839772963147549014002800823011619082486683342010467629012827619532882677144689901152960000
1268720443608484104013649942796067183155519726732085434834413511762383049370926907831213764380075813429515546564719459519683561720545218586969042462453059451260770606092147711292916436080000
-8730261751301373446985603154052055597919326256963357017497472995045335089750031929108735064968697763397865794916138322786948033706184188669106478117822563373270288772078405532930930328400000
58828977037529651683753565187503173986111585594030105601543302324298879494037901105108249773329565358380858302006797874938561560022101984076385603290477729520906302919023543267194738450944000
-388254059557399856072106253812338332333468353427364502636920187363068207617700830156795497956196218417071625097612431555931266395032645307618804912877623291615331224889245955748067539740160000
2509908976214020179256954746025999684756506354921224668991799412758763320482668663829309671577157505092249061098181385501720205238041077270840571428178589601695666429266480631658346056489880000
-15895434973725363758788641197187290822085081008960347349624860451998035354175892148005700149693006184062565966311115522074368222804030683347252289896038687862818032511198409369591625855600840000
98630953853586744652871347040718923660583328144241490479666724134281438208736837705076920596433057762604287436390301300406052130418362134897077920684561387292832113088876556753144714450265600000
-599698573181154156845522713564555717994039016968363137312701773486707351818732541149560700346297059187052805825904008912434862598039388856650958992829207237323548056377289437056871049804182016000
3573411979612436109978746371403543212601222382619155495669770228757743420691585549150696860416624420750438018067849541810272538875653849474306918255428495562470428296695233878063311591356964480000
-20869571738919967103840370819972172490162168589616014640390906602271554770547899035572413025036735522370901324455428980868278082072605617935745137976969971125197116738687549335198157045380615040000
119473951626887993233361364464350891520813471891372576774981323404213600536477601833061490020951469546052088938163685357869303539081552644132010660616218783275762178215617777406443227118743147520000
-670517075457024451819885208728499901392320505512805277818772733390994696888394704165141015423707227044169886897857417824776703535661775043598019013662452355119073449169283444627997703217436032000000
3689520207702277046138918361028570707411243581584211041197796965483948319628391859668688437368949016810544802655460441580833811204978917177398099622677644084042701654053982154065557361953941766080000
-19906676375072834865087347580728908068571216906443873451227373218250426713274012359437746268011756545519362522079646033923773438708920808853805264646774161219790534605695944283888307069705049505600000
105327235816295074663756973708516727238384874618131411047504575092962752252335059213278782188824365188977481680920201858610924875383292901024917508832488493978832584067976821032301260303239186956800000
-546561259979501449311095824901482100952070946635312491711708749872643716774014706435116488419461592827751679180646591798133907012473803673789622504191431964888373962418180731626867277587837851174400000
2781860315166219005143493708167923336401474524172707830473356319265940249397397953018484416214039038417003538805762374747786131815569710946330375726978503223996107329529580128584718596775766794544000000
-13889005122971642291855941610744823513344987462735175076035647988624336946927386349627199218769497563260727236209685031452770811460122158120587452213588480960458261048571652826305438876996757978187006976
68027780194146819388682162991403217208220346756253918739766439127955936066583116814500567602136314595562745646741314439768673362253659549978387521046147661847142503095044830169659292458759630913569013760
-326903661696803120488473458179347086375939885674063641872594543833497472671130115626603973782551883895981259026720755055065445240758533742958328575468024479309720006658046974515455563308393745007005614080
1541379496667568033689914037553156806440070071294724393429057232679769699633187481224756480874615364668722181538832505463495835921574600141053271430179188664284331662252651664750242503460695409502026226740
-7131693669005432411150467599387375056297890459668127196206373513020784088892330395823575821461511327604606956768367811920068618879973339214013378629087592765252816317237120060539926780479312724872814694300
32382109194366914881777649805123645699412717296632746066751022360660525908002477233959639895601806700299829552341862273106413345465895512303345007247435829493162136859142464199147445054843819009221320022592
-144305215351040721145850811074344782055975033812714250652921416877309814044314984352139354409192247969548946157877974321765221175601908939071051187532641166627211375578516400537835840601898552457910404331200
631186241525109931127616047612371701678717245003132373207096362663770405644245499738593002653429729238708923587247255452844986009812481867796312735550829235020261326652312437889666269740122387507017202415600
-2709972383125531343736166881565763673887361558383904932328528885478284300834615465467065564617560497851332840730435146694398674457981149890526686829491708288319508563246264498864067171007579567188390269198800
11421848404708187352080257830078914838482708996351855941112890735854118728400740611859407547909165653675031710095752500658949191522611574054079954291375166142794631770242665252507941830132191002718722186064000
-47261070510148099665718755732459865398344009224904790583004894555911931271738175598404926342681925438095353431551758124948807543589117224197104166423423465239741343013759650444821750417124754771249468245447040
191998098947476654891982445163118203180772537476175711743457384133392220791436338368520013267145322092262373315679017382604530645830788723300735676095157827536449205993398579932088361069569316258200964747128600
-765854423458934131908894971603557489345990599564646332308456709356634631253261460101016987227415889449699350153174969065131514511237341325982001058245840538876410181954700382746851687793459747472040685583849800
2999717136875069038403082005978395307986564314362849150365070513774946986685742429734040070955020270207518059579165474296696593699969321790991883161976146685353349521758297151326042905686292243406556333704606400
-11537911030840575311263652982469046494126677036482331898420382756129868294371458447579586350241826581464298152146663331212618775467792565027563883711104877642049281595645559381025561748153657060646873036553896000
43582692912209838456363051643371343175467482707806424715890380496573006583779862123724604848291013917616876428180120734166196105129259711447995902777314322505446970010980338486408596407464497660308770006852257360
-161684096159148766930690451886567748901292902123347057739575223254601986851098220961486254745018043936111499469866948581481202843609906444235548403467673550444607478153003111768274534884188120564160421098304322800
589131814769141946237437456903883438170789134338750001301431799393082581726040889232410142264727520535309665197880601377632758149459782100321077777205758336553570751579916912707729945795034199270481772412944614400
-2108503600543263319442483014251284521952444832258305850909476703123944198189826131363509270963304466987026674499353883956418830783144069273617229169170024714037174560901725223254957775094193747469741771117716147200
7412707970659910107414979346977172147489063863408106507103629034420116321761107493074837280730367266751265652536790998284284951971990868540060571297863368135286941815670127738005710928065524893448310914085720830000
-25600196835081414164542642823465372023844395537975078315686164462224925861564602909852889883049355415271160537281756536333898437461984730347792539477248847737042574657675322006389187928550098836536280798224888237200
86855237151111271926239628870004489808802152622741492953200572992498904030228564573116954228848254064196393791340618911037133373862391428915010154578468599565721476789410737826143088337058695245745159848359162944000
-289505398967240112130652124051081187813345950620491531905232896984160236965397418691651388876914859340176484594793408223669378755110669973180685658930230821459587246457998390180184563082665863411786136720707364032000
948082600379751083060442757598254006767117043914768926526030230390238409331715103980530379242095356564533399970494921416191192332980212678789122702994125149969827993194171864700739548897269344149664132544274134256000
-3050595944242489915698514859196940451935003199497838758001304874011381504013831289259456224546600684482115374392698739307491456434684991338646951952091587319854721079853415033327207318385497752323375402382785585360000
9644764137317056117472424578837046932837706115532367017296925489674383763090129004122696799526532724058655967679956334194564988663900068616266203291732762470452686166064556969367298657807589693745583672173414906674176
-29963022133540356566868084515675725603594531498343722541565182099955483262071369150784229980898291544611854544564260643510021971492801252595641266179987291329087146378368619487089715382035902633940108741651850572968960
91471255069376230495773014935060607612219940081422240231201325479313545076195369154393754718348264336243218695343076164648929609302729308694415243516571313712914413450445614164794486033836404283979559806362029285519680
-274413765208128691487319044805181822836659820244266720693603976437940635228586107463181264155044793008729656086029228493946788827908187926083245730549713941138743240351336842494383458101509212851938679419086087856559040
809032318407503715162478816528011176114827737876502323785494604171901215010235310921978157771999153616561711651845321989237623328020766562309855855963737509041192754484966774633466494790754096922227713989816970101644800
-2344122735345046456448504178869152382124007228358843007743270130739238937693131747287817754033990971171799263675196866139139238188838858737521389219125566357621913374920000921915098279661984742595346239273471346753198592
6675201576241441462519778911720589253829458453536646138913897931468986619910175463800368604312770147197801157654961490115152416440110655428592713382864963370447016637161245228826278385132131108721954897339396956360809600
-18682385944264202287105034191361446340781891773870445339983491281522616736895747280668425855236523759370956568750976847684450474784125675932180839715351747658607989644522813282528235098994293025980830966885187140592444800
51392277181722131848264577310894617974450171122225253260188524005957424153024545636038380881701752908328886776528884877591194640457277616472309030000506137446399930494659134503195760323591415265188095824304581450038630400
-138954911069839655175354028008631051447472071795407902638352381568261529527312717730762371946075049248400817040846166125064123636266651298364965141635401962942473290176908553418217087809781701295515695188890457854412032000
369294387872953546074624478499813367823445698307514533746208696577275055582822189981646435067311017604070233913711318690814949832696792489670264389699461248076332530096724622670383507274465149583660384291849655882139726920
-964730121323137586221333920821529346945126556108689736222542413052358334508344762725480820592684138615779325236949266816424301837161502389491993100131129910631875979919744910463524524327395069791194896891423920684352131800
2477331669570526147333795747294791409439337329266758828818380517467784365157230995640740872633065442371383946287474660466867342989254228358201661294163889153227533380534653597239667914322199685389735043869335500028953622400
-6253423278372783210630271345696856315889496656326309397130577973014110204298242733435114912299363921243615007176109866894929884160499579709417396891704224993018592390843374338743377922008617798939868274575058300291385923200
15517306275974105869923568917750155804672256351993526515634100755464073283568735872600370659089067077029999463821147104274524853839669168270617083155574805771641168060859860327473715144068082685204000916312440175544582708000
-37851967937326587508815211584819305680223662684747184184748439495725420416348331240964672758154785441786567287119419663617097155862121914931862299704127765880641381527631374993860675718373018887312503392221321010030901091680
90769997143944727194894367162318904026316578248225211602851534398226730335037658891092523438048636304008432513167776577580845553032697638942424907985511785795934914042164365640670396700177423721643570335244044576239002182400
-213985980215243787116164794643801534046334973290044927650782739864470323042695003733108398955910347846091376974550604419169129498197883454679178544419787134021489934867875526113419504888901182452827273076528028927318501075200
495934344452931072946519683504830851227283987841851573394734997874671654296654109417165766457766711781056163217804143150038658543655043669836820682666777069537050014865981927229698010692772255761208106097004373164461373027600
-1129964898472549615629521669552076875586131630853558738792842687115096036670801658566649005715457048743119282286985911399767714881424038612605689784130125618855205690186049995254808936866081528786128549569782556061668843870000
2531121372578511139010128539796652201312934853111971574895967619137815122142595715189293772802623789184587192322848441535479681334389846492236745116451481386235660746016751989370772018580022624480927951036312925578138210268800
-5574076152908355555437817698444150969650368997850463717568682152948928039067489178879469665867273995572705866749763188423009270528642459726670948386645229091571607460064592331162780484130520738122819171949775002311966418736000
12068372287252771431750375176471902308952320005757095120257883628335746983448851300891961568352171240008888459202806643620558065031794443970143577138365339838201210148460562060425852338072205054023891752356915510008317774908000
-25688789912927672478282640628403738193605715212896096054872163864826269941347053687925563688563325643598057304635410566511907937083782573490792771851844054431230060975240637080542275882975240314634637704814795562701724096564000
53760131090074558337428593942913887301719451575145218854429260882395047677492050524077279538491620847482260233244141019097452995561780415390957524921813954576652684086115958694119388292552227055596863686651653020636188359040000
-110611579432381648829378388014267655600608795533109400334251172488509203239394337814616602808159853754145459577369683910346109737252027616463661211521581031569941625369804168923270425329045171559190660498272891705577367010333696
223751341917388756316143136395080426779898861315361409637918984637460830158201485261617908443933898380512477308819227589820739802951060512900729968812702332069103249150049368050494733055203074957996086867955171560933555554865360
-444995846048285653541125806740345244067003681955256259386185903661344822518020362673421654742129956474658971677378774089149377091591551833039860262594179329191152483155929840566956344998899996533814107838797372225321173543904880
870104237292746900902027079256970980950606366130918942731125776531613257310831887020067490044957551556560807137891990038220622698468621990925559367132767257986689768857346467706226470312203401883059323596426423560885536655472640
-1672671592523540006899296462246282187561330767511436980041936650087847401269020632346089605484197134550306261217142321600580482978439336210825499491855522588423899263842210158183733948343689914140852003274613325402850867023308800
3161349309869490613039670313645473334490915150596615892279260268666031588398448995134109354365132584300078833700398987825097112829250345438460194039606937692121169608661777198967257162369573937726210286189019185011388138674053632
-5874275487265505969561061333389340656180655651310063564680564355637638440333188320832358809162646014140816794405292524155330629207918402324906575262082119959948603520261459875679368143806593616161992954175896428300975334751168000
10731317421972294929056845290606683425516357769957570535742975192861513624605781055132462753895967745673502773307965862265649288571113342636298354131720602675293137791874817654785349749970552858990294579250448154490659928041984000
-19273688344810762432380246459856077756712125497615276509102473317359176445375016068650967101393913583535613822632930894254591291459486823122381591148156083762156420280327709321937783493430046964964294187887864825708433297260032000
34031813836625336076550423362777538052228581706268939913579449873338007086026655853732124684585543301741463679022820441237578786727555596829394243821974559525688528011519094496261835339001896490003707069705120489155545324616160000
-59075649140913012173672379909597554805579321190683535111926039340391069071962882422967984211421817767706708506484288830806889504697466926610113701087138949772992874731697908637470033581459216139301979275916754225893940198123321600
100815884069820332949867536994526524330020901927909466788302502100147089779416365425252335178701125014608742924697433592636106959109100686410599864498343264961194916295509438257493085404363282485385271605102473392784663813654784000
-169137392282425847841513305866850284619787132986492741801862875424213712605136546953109289597325027917070866229037843134753138121480557349928527045398046965182831140561887735258438812703187986318456282114345471890374270695635712000
278954189421886813104840811045451471000923255886391888442569905336924675621848675729703675566072615644576022358054378452100212974687207136770985132705493257538410843301085328872932188492933287077734653604838904691990068678983616000
-452272665389226919206261178905890706951610267480204535683531705931748623740639009403034303922317279333042757337888618125287193371658397058483569999737931245215337308299945601233892323747046032336916728633695729829417004774315840000
720829918998187258267352996939870573827364220214433467176944050761470604308626206233046584777685512014015182443012729430928641491183865184401957991826083438357607960397386983728344286401940180513485897470036496162474703232549478400
-1129328527736119973308586950470061200271456429548420953825230591849780773258943856178552604176656764868316048149184302804877237587473309794536715249659269179006306926249627286943710909495432992989454413801703241088957036902945792000
1739210047109239451081681270401646985183678505271347504084363909518656522880228966009352985143152068552084382745374653831339261401802157759750390574914714350872017600288732647959211039330368974555048447817662120309848874214790541000
-2632791133355222554381131353704466389797097368432319571338962865205199746453528167370114278860289288019715484707332830561564791877994530580661098911318854146490387833968180832249886785543813669312881334454468951593638714337281383000
3917427555210236556630443081290522845909168153688221277366933798796130986326856663107832915723674145209482068859885176730992356923363102149989944176688697847897271726597356961579170474823402207501364510826077725827499415530018000000
-5729179849383207499034203029418731518313076928198702786473439986452377127695537827536875641717534329763169160588220238348118762941884167617701269838522950059682187455300607968188803399747645500627439363880315803050442340487569520000
8235248627731692995019489048430402812402335172197323195258833716469707022890139494913220349220175075216633721566053768262784206831810801120612872773928501205113764870931371616081469276709313425256330739105347736475568149774145900000
-11634259489104216337394252004903339302625237199774862501647970217549656701898984206952179445146603593210399058267464504433086905304637862172172485134277562822354927634789721755131508568480031105324250700428480516059315492480277700000
16153352017929821030431688734080669444967271483984933060139330549986300214206854105520381378385366972391297866024248237559988430505612899544834524814534136811203535889625398800513168921525993600780777831999873774363347130055261600000
-22041018567431071926955791539255295913204376521732427411040850641865350169810544218373117036970109450598817711437091323869447105941031616042653810468254642119981390919317906724217294580304968667917207397593827918429420019002956000000
29554801797068324346855020874987426290015748477991011915464676625677248042698958742416512634873219762307954669265995756176541624356329293951594494456882649618683047083713381126502970302730932486810183399433563855822009303481063700400
-38943339859581006574214178764880959346278269602877441630646817162147677026634961229982996710910023366908343031567913766492368836727041161444348726823894157383495260302999476356263102994130867823453382670449884207437555141477053194000
50422863725649047625940679651656475938206390051446451235916396537363642600509221441585670087020839979426075361332124794415371786637659019738943043220271937135693108330753561779582694279627536732886214911410848996356752113383875952000
-64149080942138916738702516734145309617130879449323766627323859381794357800890508202528863249587264374320436141827253915329532302605075333734222304033322741348078880595414035366502024145163262110097929800784697040258085443674354256000
80186351177673645923378145917681637021413599311654708284154824227242947251113135253161079061984080467900545177284067394161915378256344167167777880041653426685098600744267544208127530181454077637622412250980871300322606804592942820000
-98477043917451862932813075287506650049070250424124001172005107274056769793627603177891646673838438477782630271143557460561347164478005444656661134249370017957040425532716055303406780730399200498639626857474687654513981196712584696800
118814795187424247859365384454716290001706023699574626732176960421144938576532502655953725838922802574758946881952826420509496060450416598322675324572715263441428734736428080675238645805364291298198437531876331603146287050421442560000
-140825853653147454457130616357480366410339653798928716372542446472699199409236066475015096599252546719043213033997017326388381909078282055100789089805467807519424984271720995431710077353427997436617051668216370350042952704374753280000
163962645622604095227315629788253536816328333976507888801722173486566292359514588121289303945486993420202587068890942972559993840701073032533675758868366873159404477342250600542855492244056839101268355367774477793832369027939281440000
-187512968157258020125009781966351627290118860003123820084018936757890596250533441303976721654650826590650860489147388022120246613223646513134309483168179921445892966407182270326190932328743833641717467374766466843499370316400879200000
210626811579091457707766089784244766654043715399427246069885760799067314645497155293283239997387377460192313496381066055867313746772030695569640692930135160742488752470434942015378549293348175584492436822594823164616435555402130432000
-232360815136836031205878832455541917616705758672151775358200380531573665434594748146483824093611577546716054836476181113046048262004633490103611837857720815342587432393374186947402741370202727787613621314475073330116938799747886080000
251738003084790406538729354528418633245653186215388355414326560360523872315354384940116375106046078095067153393060212948478955633088501555271561668052868946703926380787161265371193803017041456511091190126477845109248264151773853440000
-267818073902743691780838232163441604859440197911749206523910601708686674712804119506812957685722102127324964024396334465918000210326053132497795125127462043478110926435537763575820743023287707055937721215691466637750137005745521920000
279771522742319377561256464029588749595502206919776444233205589696558007648278213756789498988665939509372571380188676758876695127565690930620458528825613244824718899481966254901460047738537948850468612607185775263122686574261196800000
-286949652022414364728106656919563703776578802212515327150687078704240382922931712112993984565746692440862368452268801596865397354094472097601872564849132494329578101532493285259775496448498057175761328119400428144941258911244945408000
288942357939236686705385175370394007275027266116768905811455738973019830026563182336000887236342155582812801566520668274621407057942350376057441124327251469984644616126468933074079492951612627017259670675785153340392239875906368640000
-285616596975889274694208068932568749742629789461174419902861183757929750647633979234934555802629453076370011563567660094264109119455554013768517318568255307468310071287110565690483513313485377684223192060688728419274938722500238720000
277130555503581479561891307015794339452321876349500775409492780604445262643373833231236895824653845220469109780726200283366438004299606655224599583238350911917740804797391684309392638791167362506836542216616417912414905613414927360000
-263921480424221431558753684200629812858047198812857278139083479370906306608204579404865311748943190935237517758901382330284232102049259481190625424082310166632113827049495739889316502508007949844660433805466001295835174702210688000000
246668431579960344586607059059910954843938493502033302353297113074841274498527734585919157898247813742694304821108738245717717424964882270478081233136102948301039278520888208463494241889509248330021888091406199062363635595644683520000
-226234360324815700656355586711752650892369624217841194466041730926629571285631945921996860794250953432648622764922215550806190537689684922627825983053822230690302296868270250365926671555467062077830725764307460678499192410206662400000
203594398772953209064010286945857754491891436841767970476379410154570950930532182159167372168383619159257197404225105594297462923618474671057327692565601890584698633850773519686502307784028795091225313470874208587224985426862387200000
-179758677369825585681865705502458855526462975676396192959970857279590314353935862817723296462772618923073171920354555919660936366854679711679585091143555716179741457026803533730323489872576410265045141437906933106221469065077657600000
155698184759498962725882564595361564516503526046240803293214553917629844184910168169209471944198382063073183427507354118870860461246499925653594707850345412650900106074316039060902799542852574739294918823569740768422852470668746000000
-132281177771670318731909826880219185213221395728886186477915085008418315619499678876560367363790945400786976640010248059392683047875026336835294063789653462588204730120738906786143018491607547498504963032504851756852055459080166601600
110225681845921543684510968596251243689300309386431907285223314628363292207022991874587070933568459477200519339784559429237853209287358463773790339002420928963779334989792620268193415048218678470051907484207974210424142069434800896000
-90071082021506694093106859335177300510884514105348217897861361739146755127425665525495115290414468031719658208781626732265681171446424398574064891699333153289950444573253854366139846056305068880406677180569100313965521359189799168000
72169142589254324837759443386980704079704558739534548551125758678803875126337600424513745423136800216551000379196912831877696063271130906613707118903136051493402122140758109073146677207164102974120862533184521511951598485168003904000
-56692432046763637453357111235992259960020390482163302140760581010532324628238924686559061473010058635815839908106573560938992187915070988309751239740178288767771408279562371107878899478444827940331209016886336333877044671087430080000
43656387747768686867674012917001525552578272716094598790283989187997065709942170813453117734679352525304235434718891882389617878391461848389149839358334645959242648160231620972600280702342693969325749159014778769315979049554207027200
-32950301091459752695706056300148731126292422061818743394589450432836375282845541303795362095242047993040386839326537556703245067600234739676411794759410953055761654666391719320692571452687393407443536428839793387196661535968135680000
24372350383717220465246906833782723015754197144863403166345778846464063851825332386792155093188473816493086371270587715656019482596992892687227006037486416153685772064104992746644854612707909228915392247045367388731299960425895840000
-17664331090057313150842160349036615198306846599844173301888179194161276140245194301296964881498772850071901664248444709755519508219784474729030208818673727944870490769885964921111737082028000228962293259122364947676517518150596320000
12542720300632411704739995514108839194064033088646750273530068066860077732718481160684235418815696698275906507158658965506877757315823295665583580226277203274464253801102460299014251182505088919973225982808779844504036107562553600000
-8723919048756750855423593801583243499922020370629430959829125296806925229360789132875367436344585348618847348962811218181705414871128811404449631508764756088283321914968702626445204204096024816751318845190910685509181184745771776000
5942715611710556008596149612756181025334700029834828544525944659595926874496343358612673092051737434045516166684305113792981604427797815007986552345635859774301013240697942000275262990221976112244057687922708119222535445081416640000
-3964032221046474068864888773899051691791116203204997793760856852731588459946847845201819913829736090038693126407108185983044771548297116468233939659490800230798769126906831044247062943165211753768949231665155247608302364664947520000
2588755736193615718442376342138156206883994255154284273476477944641037361597941449927719127399011324106901633571989019417498626317255259734356858553136849130317563511449359049304204371046668900420538273740509549458483176924047360000
-1654880266576388332818462074073891806767546965686152032457302780913630350637223298683683127693403450565702861467431925982212537245051308786611591009747589257778152196575223572509987966050473816964968314028723345152859950025062400000
1035334466776852950719550335092478561608946570407398865306100052309089988117412826238979256763185533760167852705562098692621718613935225059623876625473335529397456467982374247551561221260327681738708301464220042811258006234429664000
-633792754364611605565221193922506073552557554292024356604713888532389155274781994747454545793203657871640777585548809748733065982308619462387474964596071774723688722975040312179469348356793972628222201039244221383142136183349920000
379557056913388058028540361198861638747956057375347965214816704777814911102335122597205208490868770727310042884372103263225976540733691376696494808385927007771142867498473701057959650733718294652295079483101791755166330855516160000
-222319428397828121780777413212501947524522958160869109940640237229255098821258021054878770954185137312155539522121931541011648810553204688407960607929754228145786014296088162348077874983947478486323729683517784745481513409198080000
127336275671290294153529121717050463762870076479535686794138539530999712271649061374149524481619745739460224027552369415958365097417768742856615438229048293129724924205465707069159089239327617179246828510614694635530092838848000000
-71301950213873187451799538692741076843545624998811727927326788041256665208869581038676212700570117018725490875303001889875495365086357771197895901612936979265025979632984721037925966654278059825267224540945780947851760939717120000
39023078046855046077130027125117067635967861391378221114301395001758555616989895630923328783179362080444646998976062902251907040975282063951257721287270684666165319013888128111178994242674488423108772503075620744808816219238400000
-20869149919433847274312337442200242025909675844817932113234303376917772691168996783263706145139127777846997945148945308262272304510818533339961082339323388821370221827371829662565146866130251828103557187592785950284011322675200000
10902827868289028040748634669172381906486239988385955298231735108401435225556747604055498924551418668018010828133550836451016741814217304781471603435990165348729643076175722403706154056687325242921167721639753481960943220281600000
-5562990268113794972163078946456803948511995000606275638450362738573239195504712995827417436463672030495472210899902916261478276597034958093609041381551085963243532502940581252580509726993170014351561117950897588778155816416000000
2771348239807857924052314017230064763853911621422031972460647907651462009459755901409319508827726277464112364137270035211478201922004487283241777799295593800824810048184927006085548013754549465069603311496306357187146551998857216
-1347601678171992944609492546433279377163292368728495571123187705765028152883281567588998637369841661403994893340506778125801728796060498530533036981657759656009715017636946061672525252001882872691025498764929846390188006864732160
639423245255078284942259218460688684062174440264031061808451309368100092949720335641718741200996298523324107554424134518875310092008297772140675710684549224535221921633857059875228818551913812042170262169073855685140227747041280
-295961388041872304644414283387255286642660284361612402446515129788759415923094633318083412419533461487455253706743174137866843914073487136109169011864755579298302111769380604491921514275141784895458113035403632651402920330915840
133585399277378038180379191708054962288955723860905095778450625882706215383478760651971432972546568270114343541762682604232787134630478414711063947323170724613530868229964089571652837988903973838361650622961029555596333313228800
-58777575682046336799366844351544183407140518498798242142518275388390734768730654686867430507920490038850311158375580345862426339237410502472868136822195118829953582021184199411527248715117748488879126274102853004462386657820672
25202177073143036866183598728613152370310189358768167178417412390346979476949026438918682819710781403987026116185818599223849184151782762443353189769038129259059076763843933158323908827130260201072745488011019430929459611278700
-10526313175321306273030733820742948938511517113663150508728385828892218244494130000006808626131528510526882912189710331674791858214283805470556472409248510528087673555756522945671875014217361173779978951653469288574406914508100
4281118176225863881730184874634233424424370399932227789380068222459139058874843569499794530476424791734027014584457636246318808749130027968555147242701395304014024074596487428418199032283102002532473862435591619798785289188800
-1694743566280732478337309511574247083161985599054878563929990782000900966121874614094408905007400908520998306111868823221493358273328481875717146957110590961644763931678265435244633730896643962929143027339740544472454843464000
652726974729070278195121160404542855875820370665574235066290532546974224170845080659201630928590089559951359436813856233650903491189058492842775712652830566233477421970049095740078162982618671876082364790199479524923584385040
-244481566040020377683071540460678953152061137645250753919002993760162759350554340556062442024382732712704730347914821300356759333798517747021967121861642839909090829869875701733798598501218646422076034374450459037278155863600
89011177939400228411155001736397768154191363440797547374041763592651763907829585676491937402735464948952808997947194422506207815253955998099950502732448252651477157801234391028073751147113460919825829658619338503870049404800
-31485730466586265357829799873996214972438521437435752889309948529274829873684258450270037624264173559051430232514189968561919163437646075633759183309789232136125889053229074372679675422753329502022272611392955734132176246400
10815088202623897966403314522834443675966744192094408921173096989652769558884313982143375526929584409488223711065049756763262522565100537343207570713331528600477126146899449616648752146761861631634716573644791096693128721000
-3605440084181247067162235618285185630445816280258059199054231023492502501146894619237573007631876121189445429686634102607116253695572355710100853513275961780929441085440555571026898348278276150348171587121369944673304898360
1165872422495151406194131253128569269384932394317151824217886904538250568520562904745260761131456352151259418723927133637441628760171511937462653745035813295659246029098308432713768927138432900672256287994473180141969812800
-365466636164052637492744338027804253993534545523227872684384949371099124054608975190314666063553354676376358627889290849863346068868307554692560187971711199737647757890556727487474844853519617771646555118075609934668734400
110987389563520774796610318292805557865156152636342258284024901365593869651914833020315542105399668247398099999881950490326622082509405273765790304355632722887580375572354969647427062206852443512407477448143589940618657200
-32631620803525441657769855608400080755948606947640048437592484578060137046813726627702949907994333162385740626822300640976477450634839170262533529458770417482252490848687165451679920792288466656437432908738890783525130000
9281883250780570071543425595278245192803159309550947111137417835537105648871460018546616862718388099523055111629454404544420252625020919541342870601605807639396264063626571506255621914250941626719980916263506711758259200
-2552356752352413673490549963870918991689380621946615336248419182591084660870074414489848007823938231639929984332414205958178224721372223555472001631233633600817085180824588602671971848944019909200719143311522419955584000
677969762343609882020927334153212857167491727704569698690986345375756863043613516348865877078233592779356402088297523457641090941614496881922250433296433925217038251156531347584742522375755288381441022442123142800702000
-173811110428146815545275779544411411154037548353677269692182588000571406864097511799135642680484231067573196671109243122880332818385168081188375518643681828672355054607573487612898004468509657919792209955878206999866000
42968914294134009490653717144550532673809698138476345642907305041432752296308405069422418990753201137702575126748728653106971297208544935623318365736410234164831767988659011269851709773236976543653676498229787440960000
-10233561855889555635519525282519003556865936835333520150405335155057789112182620610980061995933301232279815941922265808543598810367247640800153217656575004661722776505702313414628749021167222274747059403763526632715776
2345594281713815918349229566172833991058591382389771868122205836579880774767755669340893226856167815527273502756284932487545095949014700277917916145292475076056496505324017961292506273755247071480304258424059743320960
-516844511474611759980325877768302783651912634102671388579834665889768461194573695754492848681166563582473551214019593029583663767415078231161076102496577253853004553891138574353535215764312870459897875603429968855680
109355642198033894456786511480607721110140202277921465582235086908409164606563701063317983821158786394345627936592934957038352956948027524920370535014026593538175178112259949896861030073211066427206796515026226007040
-22189750498040176294561258833213845594669447912793637657165288186409768052320418009726333865895903586781891204615631963186762566706415574775725550809297799937506930001967419594056088308299852188663189719490233164800
4312283655460970995203256882434262136229384035705661522252172586838510536290228173420796208938647793982256306039843987131549929417588618587792786889419148977651219202933362307844879610526231478909086206200933577792
-801443277616668347090434451814475460659898060105375854397115445749865656717355383606466285459589624962824828600634623562967733617901406742263385058474766166171041929598752445734268921169595711211748079127654161600
142220807979055677709121912680522580615065658470487702545798666697124190780082983419526837437826678580999245274535433425388570202905093455394860544555051306989157282210371642701599555046845413669083407432340620800
-24056553155767549425332749205047377287671146790441844777534174952189956329805393704308083092187916127518095815082364826801919870878089388558156248636982357824197002111449820121097393802140304148822846089799078400
3871430023331962799305929933067781159417420716870848358614282767300952603164972355211254197289713739029766956950122687114274448571682209178298801171742102317968620901192951115500944400314683939839820252003472000
-591545928218811822741593061241049331727049658566747909864719771313907328505761426907071416959835484334853034197697416679289137349623242820706265575161480232296811991439898015321418540502376637455857299447400320
85626482836700229610989068476380557577977749002766580918361314640772932288965417558067944359191795864402414847923338714396588906786874602635363396864295637322048192804640722057381724284172079166186004516812800
-11712580972466601355206616986043047047203138292490755832985430587449023638744835552534952823210357828846070828728675318324932525741088469544278058401461944975749577976300392325031503205207867231184277008230400
1509824890982022830944602970857111533428529545516386494095778161663350703431951457943958762366960188874688817765805802752823333396312185527192093465813453844530219036007472448148592210046326635269848208092200
-182850765343843595443118006851207279134943024543507014855890088782758735709751906671413690944095524604201067895512813482175836224466873679763748343610625898126497115087410158080279333396613952368320717243000
20733233035896462855476495996826547132352160309713232980567989139505199806518361260625457275183054965822370790149942798644813011135744440074044045239844572705520529006819777258662826673841981566995319377280
-2192535537327769214709226646491913529247571421847663600347024040153860538578570459594253373239147591773117115123731861478540646836015061948525223192012472084386536971175010986541557289879133984393702070400
215283208839698863125652625779113108309024534899941823772111152000470543593776879899173030127112774891214773970443365831984686330820957246118563151664576096482502433883904015520335870131217274785889399200
-19527430106754126980622453341820566045060210989829199894156362224692939032076559584559638267188053187315978577593710931212533080852459482061820769747021561850566068942608074279920038913811330577615589600
1626608088859152601467926142592300378597268720518883789600696561823651731118413959563485070153107304232901172644207491146400090033524321704441546834404128434032991998551276491455230230221685179309920000
-123568010059728329196259232734015487536989870857228850710143119450918260205961903897434068357163945857899565094522904038711301295163795355220489125219714944870923413989342015340540385544332786215660800
8490223481550910127847431759710249668698400093139582739169347825677135756481586256648935029105722174768939256174989526034537456593385318188770824208166133675618139976897358157757180434816510375026000
-522355347349780512916233175298977711480985129697292969260189443820356378038812010280512990771426433158419586927203212345559237457995239962027222426030423283991198694630048665353288419772916616278000
28422380054886485275564599601872216362732761437517675188789191844285865711944728094178626766897127663410245529843767420991647171265179490749465550679913126753811450975771307046834485432443731024000
-1346391869581372301674657770203116702231219390027934300785474742570560075279761115410862119638587215518197669141154517599351525937159932700126246989736491670142297008785041390402166036245670640000
54394231531087440987656173916205914770141263357128545751733179599850627041302349062598829633398923506935185833302642511013801647861261281085100378385354263473748799154915672172247507864325093856
-1822126606735581101726652993186443321016089604848568297883138156152213033745241547057840950291561162057243176168844935717341839507940618625548058502660568753576976031557809130614134351367276960
48587911797519113628779659657793848479355400190690299772507696984366717447353487154561962097156667976439798741750700448056832525802723394778001823148880566737195799622259898750642238745287680
-966899921076010201611829321687300386364978554917177811373302861271095347692653454796204127607372179121388015349023839913296441793741089024598997166868224198377683298041246882303732424791040
12764217275284933842261424130653852919032135528468630214199159136412919020354021109454737661021836679017630915921583759243222591200269743442810514884643714530176307388442706851741620046800
-83836998174674491562716798106202678135217788851323118095949327947845133259191689308001555612838938036869362962946387281887761389125125646262372744902094163697261207356500874887547754352
