54
-157410
114594480
-37014017040
6708790588500
-775804543654140
62064363492331200
-3631398574132929600
161824198959798675300
-5663846963592953635500
159493930494777574375680
-3684177981263663804793600
70920426139325528242276800
-1152771660383001337760558400
15997647531845732850554688000
-191331864480874964892634068480
1988057654371591432087525867800
-18071375287315469522816368355400
144571002298523756182530946843200
-1023210279425839881014865842616000
6435992657588532851583506150054640
-36120366955854010901744167168674000
181497381067431724200499616847552000
-818968333852475473849891465813056000
3327058856275681612515184079865540000
-12195666943564138518835658763155123424
40411677446129689766556029037673781760
-121235032338389069299668087113021345280
329685062430415173146546379751226413440
-813432228945435772032204206877282768000
1822088192837776129352137423405113400320
-3706745491152812000919280606406864409600
6848791473887812798573514557931433069300
-11490121233051454529838210374050255479900
17493610181808442882798659393017690004000
-24148322299949450542704108598851358201440
30185402874936813178380135748564197751800
-34110166725732103715817436086945810023400
34771582701023307942993951468133124899200
-31891096560110134503929363772548132304000
26230426920690585629481901702920838820040
-19271015613951738996079802857291633517400
12585153054009298936215381457823107603200
-7262497733168156822575344518927666745600
3676264348401236408121816956895203208000
-1617556313296544019573599461033889411520
611552481397559175642192612867254976000
-195730015549150899583082923176618048000
51990785380243207701756401468789169000
-11151709483892233222159328095138035000
1855644458119667608167312195030969024
-224732027799959744933757532270186560
17619522889641814321729510666153680
-671160181271510905099700121494640
