-281
22187760
-437969741580
3842065226358240
-18956989955928203550
59855558366445947016912
-131224998446437399119716100
211331164845005470190510956800
-260521795512131196587824108728900
253703200370332207245031675265872000
-200072880844047681955504429431419317920
130361536576402638391503877821265281196800
-71352119641266157986827507904435178250612400
33266131424702030296438538478143529968770723200
-13368402253401303144382558587913138459133806188000
4678108976994688908338245035457461643192708284526080
-1438244402477996056760787404358123119638601974740723150
391520981424736698191988466005751771862311745871287791200
-95024800667583394246059867287945376802273483827408821100600
20689610339257769495125500190671763481049018916438596505560000
-4063491194656074073266386051198411027086729937735831450183247900
723504146495226612772962886031971051806916178483032846867094388000
-117310815918400617542528529766799570728618514336390431247084641089000
17393047096620032580520978538127833518689994927092200951930704290912000
-2366934021994029954555793233873524705490477868680767659057444888616557500
296665829675078928832132190029946290126883318913562584543878404471466637312
-34355746266440168555656018485938380654708669557911607886120593038533677073920
3686856984795812436825900738260536893524236813243540340393671103690763545743360
-367637013393344679685890869917084174394189108863444200498668400348511252188238080
34149587974183218046446842756150553749909694630692343570696760327260046398270105600
-2961945540947462426581874435986520418079667413962750034969066453229162757661514125824
240407650565975098099257238300674914266611923297704997635366475912460660871590116352000
-18297510802891016816954893927187207805856380337942611719440973665224068873387811423951000
1308414840443277558833711202844740354690218594744046886883661617317106236279573600740048000
-88063336211668867184305276935410919806810084570986650548428453404288452174508844295483940000
5588319594898196783215636741102941438450766313640994503700109594967973157744995526656113926400
-334889538069265781765773478007530823161480529127259134359466830010175644518723053686533246986000
18980824717217290386245358440876794470960991392288013698480460390174980722787990636702328488048000
-1018931156235825968746940062507926923133991114789466729823483274283375332886673594311118003745164000
51877730926300041433111793846557436507229633089609667033221922919463895975505590495366849579240960000
-2508320713868435940816850927352206153522369778403308407098175736857904035350679991445046781437287441600
115314113484683360800907935553705229948964150193341864188308757254240823231350713705456998970537521408000
-5046430622832823925027035091235477685017111962854541887610471164260560561786043676825489767306454104384000
210459901670029593567704018364169905487852643417868812351226961827182447831501027586461420733658890696192000
-8373281986639478018880372941374063517666244762015157681484120214224549609618474509218590357443221103240800000
318126826135355496721274258082743185577861830622418850065512233482261703094126891279625416168025510517992192000
-11553145536092340806023780889588090782481470876266435034633406229652363220353582684490933414665368788164040640000
401415584511615817810745690736833473851071911586781992656488544562371291031497590855612549317517603091519441920000
-13355605235202662216110387332818334898004175141713518754804011441196916691233294627699084719198327647650436570860000
425866362685179433263394941358005714198750374364675966625487345246995394369354867428838786381434387631868981201600000
-13024867182908601858700976244469789965340260949718995633660555161972205939550097007390576978204341885088133668662215040
382383259548981483248906784324380300558778287628044024062406763617146345845461517679486527510835657956682001898903014400
-10783801857776139411283981010437969149301315044249908706703754649834589088438372394114128745707764337574962802812369515200
292348906754492192398753193986070568407829741277934869289036783230403570047261991654175554376339505103242637009529214425600
-7624030388938737575776127104482419881540950848930232213677915699847750166064484964108978063288318815355310813233761697872000
191384585657670074893929252167265135908989634269211938306726018705335126152156274457712184533508025640601944434287249021358080
-4627466902899500455622508145912907822161715248234373476437340678677307378981903542970671681203203457971505879059257224822856000
107834648861904271620834514233104979080180912549806366465996902882122590420891930146320558426364093631867852605520000925142528000
-2423298439361883835231934236765766083092876470281721725841250852312669877541072307750117495647397855614837709102109247900713344000
52545408274356504419220452798356800905443928749458303897298941204412617741108916342711539377036940575066920506471475447154795520000
-1099965142489939035982464595371379686954211087357757566667873752251594245996585845695301199720244688521560610080054683659175706995200
22241703123069877201644890125165978942874184953721494038186192184737960512975844942250594535595595368009196533841256221047132543488000
-434633198099802280373558587807516347620156126734832847988145733179230327745371109398292900554197278163045477635940073765972282848384000
8212147339859000405586773901955471388443121253741140069621321446857354683366306433861622876885956735702470763132884356729098875123712000
-150098244775035172208069782268041104857371648598957629714892634306390590422416633586682225751481238041593133223130709806280270333529467500
2655086963670302634353207869250726630206042018861940216419459388762699920901711130824682325150935338763669681553585024398144919206309652800
-45473545207672848493094828532013420625923270160053960019736861271497067860163489190811621870497137499647285719078331208729017836865640874000
754400948698109238801015386597483506539041607342289710534605375943624334524859738698623992858022460208004602822722539936838364078204055952000
-12128006774085498807255856572988133958821958469940266049310328683287457213575799826046628840200435904948624169557250313859159487560868275801000
189014514311519431106571005611367263126357764853931472560139968136931175225230906761743301815348108411507648263211084496607778613109940362200000
-2856857947841926650445664336037443035592078045478983426382964526569236687419556364424789933825815562666258762861566556919034426911333733298958000
41892271276428331283662667669091011543536284293157400293241169967069624267814641233541057708471391865163627802167625448810756762008686682296960000
-596197163958536457776770955366999914862553326831842886079177044108891911575339657848564547561322121457595865810285667966225154635554567391941130000
8237791251002994268909588850738025470287019433530166145202094973133032319969114221562301513611422489616381833616617433606509774089914412873599040000
-110546765902110123055299696255749415939379405236114729580017521749576493797101964677046334318432319512319178057581653051237102035974682364867864400000
1441254688746159641668170404375402518636502766648126188174251551115900755396314610054376884191387126000966976361032552562759842650709209939546613980160
-18261465442501331955589517147543946213021546914325331558437084447440650412686856775766892705946445085938498643521843379381159813779804973931045523569600
224940351525848756178211100745392052593926398085175849953748887057764476461350400412853383049532935995321375094229594481862854363293425005250820825996800
-2694440828098172222879600655657780509021626251356568115890755693969214620492083026115633792981724486609308983027970111284470617592658601924336632040790400
31395567540345951617978618759723409488231479089673070563623738834392130620442922233476828941777119799107346458226884552572777329168103434055080897613568000
-355952152546100405523772899347545361855556930347776198932359705244113654679681075028642528881920248397348150993031401565505202465901055199761050783084079320
3927897552863537472934180446999281237363560700682669837327060304781866879867232103653973341114315803073922592881492679979054512807687303225529656560781488000
-42198027294200380195173467125206287736976730269960443343098580493237316746128680171274847150814222288318106237653240143314539090078659685172900922216117244000
441471363499435302863484122898514671182956438382434180958600797402903163380314448730457364472852754937387509473093964814772167411837590481895966797207142112000
-4498865985321272031235661260915206552070646641424168052980185705393388883625497510765807368540317083868034136715252485828542049000592679081736039194044721310000
44668602120831386911103307434327094424822132521689151480773232077799328021558296115196672303059956585239764267322540113964884764997441719945663184446227284137600
-432221269710289102797878339174907857289399123027945392877438663283897905606114042926453468546306894675863132746205730564615600082077057421296834206989488316564000
4076779084047689209531791569609594629092982189352764894742515662460568011234204485745193027673132755278005122607625778368217323432374855782959913820239602311552000
-37491732441712846388846281019226046061481781066520642756828220290993578519636665917008705042845750959792573710840300239934056446653336790327357461587810402611286000
336247023438868906383491958541322852191347775150312645050508366301247799272186434382565131453574314882421971521032057700405929803087115968293835888296686150928640000
-2941580287395270317930941194345268966559394406781025227274576956107743247435358386022586145670583892207815225179241066754131431083525447485095000602542157696414118400
25106979194915795926984533705630190865404902387547743396180062704709007695777216607182271316990323572183115579720898272935878462623303783147749624753976537372605952000
-209117050130432285617276544499741442041404702695528504985882074727536733876324012187680597948235685357773286746642741676176822303822666209896846088880090259352150496000
1700015958928310193816851473796487486740114169953520666269781528297209253360168105554422268809844780769540448344310839719660623173358689623108687964081039000528200448000
-13491808411028491663807911905837334201861759412402742951807201185133748176989790448393375011350199779477594379826255956919556496155701461048041731946716032131285656000000
104549929422015356565104723218464244292676344184575981282835282225320090028360995545577736819256240640171195628535073307825606993367882258155772472623327692313971594240000
-791214716529780929213675013115428463345563327382080275018592313238384296769535333585755127436960341086017799382831888873079097195360562944344005111014972862460714934925000
5848715693918516653062974228101209531577279258803108437463400209411850845883167342072105497236206360209874586318920558497225780436998392380169438142343861465603958460400000
-42237544188161865837826812113537649883549079295377675124651087913804429312569641539368494478530983394947550154448289585140783887314545762214849200462155685096823588810700000
298045970416618165630456313210107526369376015107470667444227042150669761377136660428805742080930804162286763461039047822501440021087030396365571952245963389582320110412000000
-2055354816590040532004189781528222512595853937782628469762134105375233741432872123983087277964306918583545749503671377688752180529418270316376620739883388130898637713412193200
13854151278181667187590245013026230758365936355448831838137863061033337129783774850022260683543352977336006836180025872941731196275149521316935245767511201635191680146478032000
-91291719451970449575127299822956488091243127520233137670820595720421231603862577123507893664137029033758614058822955956484646830357115122349589546720805983324090351384284356000
588177171079374509318418436940213203319130007754074410978973452604602886472543582952777033436807824348710414567694097986392551621130128461008497002305639605256689951721991168000
-3705744575000367597772154621421119521096719154807821813624458758112117575690780552913922979248453142589022855095739118646701223208386890160449706751305270978200548886843110960000
22834781265054419330816244567878927508864100907122374850829136525270278423775861010681203765825207500673728497395386191780706965975961158271230047878156452532882765458192615526400
-137636664397989546918790509376966924665167429150486190527981779207362905504647578048094030352484173903802800150062524905513383701559449042712625043836609625114763731813465191040000
811610314161679648142316784789745044806951129077441147255228044182678354129597981411732393847227840736617577406849609697005813648325751050014389200759646170909942271132034411520000
-4682693699600356248373927697701943782610887357126590953946766262805358813259564073651007793958924211081288846600545111778069293646380149898218308474238846739002605025752102176960000
26438438967190631861032158064291422349763346849259466475107236841089425906359023487964784346331507118873230858510610731257713005454017376918818629109666007848859081317014646412800000
-146090947750853953459543067796412296671696457329614643635714459705130587233476914828827557535543049378097775903378342487819995806418269077534639038091023053783683226110488948248448000
790155081415218525975484947484207081422112808736751875000731401245832508176195244232860030368362049391805517912599037690798191749023086707808485147178457617412925102508155467192320000
-4183651948529541521023101383694083364701248917240820255255387235056158936187688100782355280371133787823305730484780794508110929639259115901826862087065658448319056643278392989836760000
21687233908455432090184127714737157653403169263842460203294274560485337325094796050355208764846588431639145815040223224221229434934751303921507060479837893649552431461499208143415680000
-110079900336354461205678361396016974808151743651074783572661343596677075765610820364856982623353740065641447652287498075234949190171658184301493786130540678254287945626176920989567200000
547161612741822068946425161794220934290258073394862152962757359748292193007802864839639970489888957047637520065842795725795434401899744605160150890365007336538667099711332028595099392000
-2663631201148413691017804713386626211406313547691025960896657316461941149151020114545230103072248523439766331146925708532864887819295687452513056188567167477702540752570660265541170160000
12700747736237801040259635419108179273205705156321765397008299829067413447832959669559227064630857303087181530179131773493838626469506034874748499053265845248345404339381411122244375680000
-59323364731520961380017660783721535147334059627384275791814765583385332404963530453111422766618577019597890346039944926222262478432725078292805094292390891799528875468281301002399271840000
271460633754858999888789239374702032169143920899265664240491265433470061425156187653528719389653540771834142675191612966542095092326854393995746777074142347899828481769975870698077312000000
-1217067359433850825820841811338204020755006991470659065904885874142379210810382543826351920313570989289610005920350397550897513976091253231302736644075257230747279625802181401954067315280000
5346750396747850906140055003433732847138996632155781102315569935444152096122109502008807835159407556253515168417248655861876108117081443059722151557060347317919884265528058723699584025600000
-23018256192717820647187335693027633676842615372120799898755359765752145516206423714070033569840725475816748955030371010592679076848846252817644202185014503835686134378006007715566933996800000
97118205386579676617837399164342647422844723671968728874172260200111768959646271301243861645189582164871089913245993941975800835046305374436900304968857545696312864671616067453240037734400000
-401616876268578872121825639039069149088292257718661005818434128825709341135477898067741346430110534726413127740228051821054324668081381844014718125093965078245320857189432079150251547824000000
1627955614422189532461308715147422952105989019831623261729046014931528117130024201729181818719838772955654518947525368968850989259366553630241035978940887820527721075900791690563861250110775296
-6468857390767436801166645269279111673822519357273743604571483235824858356585259307513569856005355819596086251436422140425797723445901929690334829600118789881455737218014704194962281869692508160
25200027749810874145384255413190225351206927661741202688476373902495350006879844553890050294037356119837639738995181097850686500065280553431900180633310422582406031426765446957521860898786017280
-96248909698481144494367099059521773181303461443406936074022586041043183433869630898973246902464333124455565304388516086438135321935123363776124121306803363887891981725628745987600432706502234090
360449014627086408562523743368150766459878115326790472695936996699586033988267255430804203290762408528097519966918593985146601361877104022025602742614024736343574803265499876807118500466872136800
-1323658360755716544485135268471645249542396196171357605087724612554615908600346398774623648546035848264039064299818630846874747166831654006563960462092839595397550051210662003226424926477784123192
4766743586894894379650449250716606049864231975024176912442245851399992025610477678705887855028554013327755618770980210147244296655800723594525537938193432025847479352299919107242763268826237329600
-16834888665447148498654137714723816947342472626667973752350693466345346033057390089217413965501155206505400454104098323681759198996097860872148647159240658090827383890179070368594922134628108732300
58313488513159459709963046303157765390783423753813109149982005204924644815280253578298908276001287908474130624900577335554793919435180515086115207685058149275887583567135055663098426651191897690400
-198118420959305682758203143223665597998704765320860365543253075714325459843850070703058860513335852576100709443754718219844074574244998180153066286746879728033833929355818337643535281680550329617000
660242546797497390836884834394104458713269279919219487606859742473814602418440488023099201763400073638521409535028069454071314860979106143746317365808421792146114542296569687523608168348417274053120
-2158389143172073947715843507333451886683489782132115393498528023825648785425551692707433674017300251543749839291493956506294444910742952691480378434451028528444788916520441509305523783476808524849800
6921932937599950719852525568406155680284118331615764812481400117753393984353711305207834605277283645421780080272449476798277757369462401215066702473572183344032646089999382776286327858438705244166400
-21778064262874199080098916954536422489791195026014586235530773516878287511054469663628325249128282093191388209918313132814661226019012743835494203534395321855933840357828870920329127614685565118395200
67224457980322821444909653080510958919887525042777802550957783372838935208285729037772026181771685939544246821568665971795786735664505980143309057439642720122555470158941766041531451319281978347968000
-203597502559690969581187852883276073083849151737976180470785968305872042494849447010774757457966788217208471202813141875090290633458200994249335150952787321897704860413517457856701453151219261056822880
605026932811555881638578459249733433820924897373353087984207786706449387384724376510063511423805535328840424458638922689016365908390448908015226634389149186545767474132619657470646438920277347378758400
-1764221809587435586823224442992787974031388672429133183604813788681764760467151317479776050445620614001677764178466213913216388926583675086519107340913449946505231609629817397356754546181092401995083200
5048077975577291361738985212401291502593017458123792891539188439696191484397963611344156499764005739472158508367666639370635109241149395895271456243900815847714514741193206296353778766988511840458521600
-14174592020061139541727064717981539242789276692672542491795391922324013752848738004943745765758064919982948936617833240613195854338634431713068120167878327678104630633004168431963675188459977908501997500
39059175423270496099381651438809914747692724588189128266571121351332416684187609277261396180021843006141837317093497580412181451460790698488861574794111714262005701800415196303174672329066220219118750400
-105627986830288410004168478944933267762748503888448221942507613543702249941827488121023324394696900923674526747225308126424291601119219357027135742118904567866078001514586882665439293789126583999394838000
280345055332995552342036679367384551470644277616284067973839448931390228083839608437083145943109660871608193715899202724174463043518416796900378966264214668714670070010855981055498837400804657574774064000
-730261496627772426496511450632983032928257420925507672862644148907885876724782530067323459554237030695368366912347553407287360202430163768295513270550460936488902948530378456495781463001173819724428587000
1867016915841284758701949909370213816900495077326778771752789599207765522404335678871279652461532987805464100983957800612478292198096306269467741688952937379177070012998706418210916437995884239789134120000
-4685050759347323500492035281464517436267504558264322499197077936038651073798719856211169798116916178865969271362455172461383860257631802145796362822220968771809624444618665025715846800252694225010413402192
11539513646109630620921569291129656559834351826328860644485237353095506526228503448305745180573045594715706954945637581046064540681049164883466678483221332670708675444488585055225733796859405625919249886720
-27898312574911081959522857336159505993017113485251522204770252027002064925361215248961825162364465364613713789058105884889630672126963435028384619980838555184720156003410617011328939261217789995107840240760
66205607251974045239669091833838817417407265937574973792959846238797843168596105323180285848163987352514888650081417323140192366098384072053347960578219634227073950459287735324590765681540034593884007905280
-154221992436975296393385013423866818528616309947770679169845956546735825849599082416052238644030168716886701951161574465208295128398769946896070504391286207323102563380137921150574163015545589945147664729600
352646800271287195948678422370595111038004811791497607944834858224827443449472432533121572618041263210442782867388647443108549476533395454846307147939217443725367842740947214831548063243372009541170951491584
-791557012854169258657813889792642913397888430477915714743039288729914492867662377840309249846338921879948923986320877160577108610931818159146101576108635472694699967526472781483124299583711210601021664416000
1744129355435743469358724004317336277839511397465071942031074276826610245309281474512672967570869387202068479838738264446641402201993139999981462485358927737149358782761888502897133634589254057777706545408000
-3772542573524428782044665120218042260635318736136896717427171836476785507769799382280916609114093666910354578827605754900067929606674554581757692269745474323940631557154049571019729405019866662306634366784000
8010366890027741664497354679534215756928282494989463066788915951982668646694467419834642758484417073681730698606300261976806552798002060438620027729913257454575891063962239665058307601023157408038453099520000
-16696921391358215740595443088071300273650393836528622605739193129443249283447792030851420790448710135497298117512921417161889627494304216682234503894371145743500942307190979326842826246023308689466402181386200
34165530288092271242667424149967276205177920955575716330712812144040351143631452849672441600455213363171817914157839279590549201122560690283002896746168958382596735464426894930586918100732081821276107083088000
-68629182296805375060954831539164186088567461477483807262848167878272183784439083214303540003474984105560460485469395416177982862200046940620677629468365682786745621988957194789504289038115118022108388092484000
135331405732027069524391039707926155954391450251358034932257187379217744470410344678527271175507597849317763022872993512905900791011511886521831546656126118881522700411963015145910975621398143077056067934112000
-261973142453821734636653014663636797656357482798072430426382007023310970622096765157923943105026884370342405256762433345086471024836941045945834305348423794600181417197681974404069562229628729896896348043930000
497830762093330441254798176919666239248826840405549137209891625908467084521755674645008379081053108899321751271399862315570015241174067289368363034766062568868135382925225881644405615115227620567339925157052800
-928690315191161682853204394126703550173680640551867230304633438446245844093513225980790235399242816917173560172242340046881863604026452642255069741695073535805868027263435783347752599978163588157356251005164000
1700673088939833248473550676497508111243508826930508916996602207620447766128004140603496679777336195116134965940577316894630518770297930701898631067727447940789461504119839088068285732227213983089121103350272000
-3057222594725776627260577546536779657035214971370933635262776580500235909510932046549022500065997255229851890835001109951915696954670001063712827539799019493049706219335610679255974107001564479166409347388136000
5394909799172968103845562422375046206875628814015442569141274453177826050885857468088327929810800100262054385283570461173507619709231751465674398935817043606656111251514820147561398235106573640628375445830400000
-9345141157660828935868951571851805818768195642160106244075478906592911762401277187196186314680223661564661058189647780512351728382832204502530314364219274048194172503878318733808690555282705294930695612239296000
15890031748534469227844611065027590893237395688526400685866858562832993838329451856892527053312154866557058507342063802437472314051996074274676215936150689295038276970446633406688146588989983491123907726840320000
-26521163387215605971582049775482265938865024571131966152854511738000430528501667940027795710904349339034203553171615886051753327844287796087773374603816677437841569834023236131761783873869605693659585986620960000
43449018784521888202031844184284355090862704559849729840848756040550539933626041044987900674832505489375691423673048552403674334954763581067717067178132892115748867389549510976395595806862057080808474058471680000
-69867732842001853848458195736288936041704676030396488879036916628161019839760331889127888239999356908120476184486800395487279858543819029735823933662551190799816145093810871379502562487022038874988788464020800000
110273526029420460656949399154588147347325296999354928537375621294327871182845890683849325909179066628927717121742170903388511322206499154981576674531039162726527777608308319314273824012169706810170059728878673920
-170824998273558264612077638120897218829461659882297464032346629255175713413896567163756130673810611834617010139682272430239466548168868219001515906746252396159363229872632835172243977441372784778086593365516631200
259718992555336182450843693031203559873756512608560528800432016492148794450212942869036101256182676207554579685701618321592335236438428644625752678672715188287618160978430438409279745076046745333391446110194649600
-387537394616798027323839706963647604473917013211555236715630111213840378589279046206900005021100504452233236453759481422482036137264852639564818501123909732252042791206200474582613259309438895945169404044680988800
567499595999505740833137512897048956084897046280895468515257476924983320227488931307629232408165652410935471876982455864138358214801875280059339099052271921515116499590990489292350866914230922809754640547312256000
-815535453374474901201596164753070877909533684317431293504287141453831739910867658352300144757919782157579213150129016280560064717265127003544533573795457806718066028933830499133986071431898333239042772176648331840
1150078994716301103003990806495280197778470016649837482369221511405849222669701346597364753451234514687590722124964456279169591585655165213630763746813288686864706527173864322212086215321684411209785295765121728000
-1591479618428061033039304631002419950053487808029785070624260548795734537480711889384839035259758376093922712535985864704392481871503315055464114172886146405621831695630612816605343432305882392121209050899223664000
2160941240680844196433553112393384095339729391941544588713499228846476182875658605336301490379877956276474471750017893631883153741855497094630003872002115600837168349718272447570192497650365318001003850891023872000
-2878935924530643829162789849199657065816945127112575870567178128459366381988615943811846606911164792587735735121826473660978545886294665537963324806434765600654550992853339991365002735305993846539321795086236760000
3763099416210456752123493548394327494415978296756996176645530482242752796629444057337232134602713459786850134299781712949526259423499727027211900614774745768031614118810431493168875452641313096239097146091391897600
-4825699664706235223955335624769173872406199477847847594429383739296442589387943276788250192266429143353093022552023808966520190175845918301602959034989062203686049265262596635288390549671402922726544828487241344000
6070867901563004374510083925901383997108682759858231901802666632135008218489359164759321183281899707580693421261935754641401132609334371526898606590615654564458711409460726677331547286486441058554324118356564992000
-7491881090495517253367087216954523138351330238137633003081906702519031616847283235890315528836764926028381194974588383040798811708390031770278874028488088646955511983545962977737949807454705173465480847395832256000
9068865327203218443929141156773706797186851417851438958967040279301333308487347138095160926819006058102158474586411401771622872211606197299819672265385206267863619108326402932655551347228281730652764251879728640000
-10767330658982192402361410501952294931696001069820790172307100094491258917869146417891875138071729048651429761198010501144973072738549950760874542187442529801853257024985538950042924828076215602701056193900749286400
12537929508334846447529199257776198259325296056741513843359710863572508397003408344947968966456156629114134378325470411683847924397182147099091322938586076751808512881263827597868025731111472788650005951506368512000
-14317741387596897539649433082535932566265651803945516174693840826383785969744262182543257638370899132373527423078540796458738771520946637544228716952735950331512667284140715885076233702327465006070944567615114888500
16033225825107836188189136694642509039278178422136845839588431596824625637466043763812299997630189927503143060792292241453110463037443317813763275296854196360387027242505236140521889451837182752106935482948848888000
-17604768233143302435883624027688959667556879670921595130220850667944990287710815669559551955629386724255164921544305369275422199091889284425915808046617591258183491890650677104555932660143787257700582124371909350000
18952499471188802853789139597566739065117907329621207580558073450177412818349242610100981429471257723710964660837282961121858859750837074221151598111672260769099261644593717763368879930983460228303248648081222384000
-20002839729783163570045831554127015706872281150549038456729672220883048800499011912394426594593714712824371672575167577537634513447461713200140346351461677761430902836840178225629717742652134395995294055509505455000
20695045500534762134156515977255480292260450739695560104991362802775030931939403909053596243812693786217737416507462922860447344274330250931795078118577888775206101953279054758315968636217591287278802517890635240000
-20986963676276924246700862302513675389740810633049596548672115369603277848207195215086313280921877024249020162944781232123324279826409238503606186122852288644930848774525950924047749338590520783806329754713243170000
20859243208460890844931843646042732843620067839621022705379522258215323252075331523592770150680161603859534698959788623933083600261798127004417552228364588799890866588352350404548355192215421278518652032663651200000
-20317424366121119205234739007336772858007036577486866640607289167558180230602674787267447946016244406199283285154308114426421753744997920655477806309232818605813701328719898102790211666097625710809130046115212860080
19391596335675610914429136311549366634606849593522278598594516727334556810277942125121477012905284134131441386984236055847202366882184099910280047802876599228736326408639372066126842450551334061255910858102586764800
-18133642323800957887998052990878080155786039602490677004376310527519475644784223058235962120905473157191780438269716086240606330583361893448597093030447073737155475119460163707656159381082424609728011729551524438400
16612421194596660006010883460206005533772587713199253519115107744301372140597781768412823460613541280552891239912599715784303676191683326493519315103143437786044152896451263080672555241685643763897495663909076915200
-14907508398505677333825366273101530100411795659107701909634604448071288509001926185634777300476083696709143679222799797817301537566763115818446722955759604097458162483611409547955511714262552056006150893134478984000
13102289832414174848356305262659800494677217952761500957388786434121620758322311614339229848194756155184983484491929407071501477491159130181324167973680826578077684461503177229346455221368271808224704090156219292160
-11277244229638225476864314490495079957302417422108912773791719872426529319392082941694324870518273837499564562425009934802681484243674880522972599567317659316718998608643688102127421928562449990465814800946269904000
9504162141956535704929499518792931630098833063716704195831094962147700688041422184659279323301731774832184542889961463875339768932940962109864559629745742333435003798346305975495938310911507714432110529808669952000
-7841856415990718728246772011888666799178024312950609968532327035498023101447269039519746070726283264750935919645500979473881373234078992336257285158631512668191321435594676507194862007318049437917969896047062021000
6333662103801482491988418684998790427760369445774994155120544351374058630046465321633127478199291993782491683915049439249067897889203700685038277978904323777701742639769698202280962698156653560352235020547614480000
-5006752712032278484199733872511175353790345561205489143801752758123606755148522167289171360941168213044250398933390895729291519009422453731998172531124345379012708620521801565299697066223108838263928912728126720800
3873061328415616697644680815104891605861043128589138746041921003341726750237306067730712734907433194610273438136294837243476110480099488028795783157878808985719046851840049547604985668801775979645778660729918112000
-2931424154697268449710286295999979925164095409959432465381542069479252377688288548104210909205815125068032919746403112284427884705445538542976730056994558678960591330523383887969001368272294711187487822669313466000
2170477643425921703424539603148214103156611188506629094251510088341092946093257266149058891799284570550053160530784750553428585664778296430066219578887813598352271021511197327793310277127618504666404173314544688000
-1571837956245538765264976328465597884775722990366458946433123680667140089902674408940377721777519276406072868132663906282305420638753869357654515074107221984220304577439489461443469633612924004438407162371754620000
1113157108397056939312369174443478904402770531371257978808755799033412611856223892938284588428531552891924313925167888286804764738350387610431113152319611008662755882034810751970003719328343541574812263221238707200
-770759181815134697026879419161449460020822659806852044869188444954012226209175944388101929637853905524983173897302568396459789199082846188163946981860533128318979954756827875136980670286825662520882848151622866000
521685247994477968604996938722710552141342135389666129543434222803080924923843269118851211565709182120925560501493500816155926041180922799574450895237930554180010811824621844514979038063702935204943365463027968000
-345093408408433715576030821534926597669964075209261301962312550758784088814722263515051879849995782306530107850464001034371977252685057445716312027472326042247222453735599632312460988544916866720768550207499584000
223054057685649698356100904225990378177454313535729037360182003576287123981076086173486963894619988146669863917857926900305066508897578883201052372795440197445088635887566743847840759051988550454407227881664000000
-140842046630808686600429746571291155939693828015814361792655417588737826363340212180742460817840525986578051884166448429756676396248324550609656230681848096572713921515700976420121104078260786992502877919246560000
86856584519562614205379577951460650209937923053097368546810695476603331833169001267049464995257194625739254371349755875274279663704664840285064713419816643163943066604961270444381721398767734162162664215059200000
-52301819227072877643313240298382795963808289555368285982544051003554035362652310092570143914135373851717877038766064140705194334464802744605548768366201982776891859176110616487661641627125031384029327690737600000
30744370078742672470175001315174765058900117040007354578650841539863893537393720537835276134609689485680729184122133703897006591427036816149719511690981446651533367400029470553747815319916324828931716042060800000
-17637450030225761859334889446295153304775985909530686016152432910654140933392024985682167242002947860437655244837285129677043501559057213665291696110190149511009007904373571227073319196105536714779963454056125000
9872094499881030874984956589633964721859404182369610250937191880618187407182151506060047229025096900214546153436233312286986758719554473213228750636609344721855827120559595344006905140559930634074173717217468800
-5389681163935753503582025109678579103082651061660595619222014166948041268879205394832884661707354277204217626450179456361551918061218115857758706858443331066821006720510696142368872853091739089418872544925388000
2869252919503300861849873135684814026194245646596546779997638080065956414599436480254918435055136768271577129942000094061792237696352255122553064226761968169866169658969695056714916262803714155154156138337504000
-1488993459707612868384965135067890658368770483384022824022704726183812446072810825019947188028670833288364424331435375067423999621700807680076831595209249294369030064828129107898551400847487626261804981223662000
753000639794166649559872530691643184911420324161329595032171952067937416713086002927652017057652418886127734659325072877864351747058702535718952230219661930296269661509925133797402474218176080709045748594640000
-370963131827519415012851380384780964876682893534374491042219910072637372721356036338327773469555381636887994195778274560869997559170072718022147714021826267777903282582422663740909373924383494127758813877597600
177969981349384326087011025615157000446825997910083899677307953334073888076811051709323119896940045537083874953841266632152169890271056793938775163114610904126877757802702726556235452342801249033388160552960000
-83115922658655503211377752506097679849729955214509865230909817608476057606027040108822370408170740276933660908046743447763248635027934650513506823632802732926525828587368802717079566095812184099143099580480000
37772588256080395204021291787110500419100323362972008970086150417880625785258507866508234130493995176048689088458605874914160701494026482297873240484601098321266651493075265719313066269702484961853387479040000
-16697448658383117209316519974194785277308848838496922293829630923822056891156808074162316588658907758716095393858947972866850386800769066477098798048246212010852861775693746927021198938164742649237731827200000
7176652627530677593125159223313488878989639402997970983546222174881672111697564444514563088246407144606342060093001160415890643388013663411505967776788992092161222763383735211584883259325999665410716209152000
-2997788411726178077493120319778589463690282259242096289360149003494364077826842803821303329647598790205159221991950445221841708891520717453114879709979099056020734838949342855815898969912011315279020263680000
1216428875003347945347490578938446670875908655177159262708905554445397747188474090418115784317471766033861898692170673280567861793080528266328300990757243776546219239248222727300752538272615889509149706240000
-479257171164637315449472975958077013521955607965339016769201420425074880375771066235807675280930326293653272952354581519709642179863324435415025302074878351832179485246497186024484400759656253198497528320000
183242180953339034145349167467733442609889716180791725044018119817293734132925545536493402218720231197867465227839569692240307158631939316003994198233842950999016122928231272960465315953692907509588172800000
-67955490058060331742687561914553022006768302557949514560160955857937698868288586427170756333230605184334147998817379308957381965547514856409050695633213876324478878504686601071328118300118649258894322208000
24429858859391190351187415725897747964072969773419635750351418851495999593152075284504836215592965621268521723374371652881839765855135245636627787483368153744858369917492058166514541934651218066591715840000
-8508568935779695881312234795456873936602628995089821569563518378422988588578698169149053075087933197476504979025801833956541317262263397398577572933854590395701730947460650065268716478401080781781832320000
2869187025169694734689651293792228044939483285918957596117610424412920604511152397908447981018322508901965607247570087854877317301329214194998672835423336618049634483663338313936403368692481168636892160000
-936138772573255177058359251241501440690497561626171581977032089730935614462327588843247816972603378383174582114754920662808920461205320910673360988781549210655975373642171908563132145875628975758728000000
295322345646766514498577105897693815592090992535663224928231231172761296050956022029749948557987797968576324646813813872069133158740257505447909432462597515251670965019378046823014915690144277966968320000
-90012900149623378278905656657461868408290672835618814591202740745944578386870973401063153565207299450234488533784136375013470175044022236895807546463292536995456919654015930888533778172792504578966400000
26486445991346176578257541482646092571024507183284908120789909716127080778263989157270004963244790764159542660238535563674897418125035440619474783623875618747110141481238735126144640721171811408179200000
-7517785634607996301486763489570643177880704050120392837289110528005177698135966095188320705049497794776488297017821854433413830453446014680251224273575648355689089162298136691875438883153881239473600000
2056444966419116099308325813827488400136396843438684255422062782132027124730020241196011663644771577868247955959133863182701868751962781390252750176284946954282784990444934731604449016278605600256000000
-541618249475601121771429619542628584874323655037506904456041207306804776002893811045240767924105359092627673648692840349607287384416949511439208330429224189031182779643425129871053364111394028573024256
137207778632570814804082740399364330956559507537953527644297990009945940937543613978858155522431731736295259939257118648588630444838883735219595958058608880127897607388915494559483368378563017984245760
-33396646421070280367011635776533359530038112686037850793617945823628974695635103950478875502491611196899657232317606496460608163042873297670844273175105780110495611574238895178349937405949996362158080
7801194477149195145175803060987154801561184534700400647817893201813814145653518634372668632743123164180719507219498075818697577744021021212243021645615173244577018610789419623907392149444052330250240
-1746671433790379500776000917849207190596926508211099376243559230271568995814450317340089255378114174880502406872491315413247667408276763150394482727864578980685644395698015476274757883295916298444800
374342377567131545141320242847313362678335529695192324603310133534249681286738633178800213194146853381540661932718784645890342068462052614592810631226770821604538874255248653246674753734900261978112
-76683752728862625023227298892596159270578834322478591275015846903950530567542513281637464326956504923205312903545374814927335239701889897932563518130789158325819921674754534451852547743088318131350
14991000851414468262954940775805865471115594615692040311632342885188409373163998417727792084507901581680676470659326857489768999001208229679560025830894481556162649376439167115964209851152271248800
-2791951168123687925242659707915169074055345629029719123599936222998628552958267057036407644847732346434940000702537032815045163761462328335699561928754264885700203778614812131731991910413056707400
494452674785847148251856670741822700910503809914477470347300164416507017026344458752739565909736889367288609417661334056480024827986649880414883435154524632043625182837822455314859109072719752000
-83098769796479429752800941365352776701837777876307374861178656330413257698761825382986304856516579883162217331272935151119372219981602504310554596254298141193012214529889066787457312694898951220
13223391679420986458219377349134981862390768077085949171256684937415477069546515570111588858716691268969604613423153169186212693069693209828487717787416389226996849804083872579322635745404568800
-1987438551899456868618514598668865565443236907104710354872315402647215735191879860393352110240954836867889557669813403159695768813006597019411860969826567327879006168474059107873545145756933400
281354339374567821676075914790809923763827376344450892667375738014450642325303063409499976340259795032606724814625234479893318802020566988305179236602260366270890549259032034354953144721651200
-37401686672195977786800438339888285463611407280637877648118058607436369391987099438834614336439781350107628922857879899222503424884075888812090875044765012246037088769584076536654053114183000
4652775148000057841872390592200271439090199416214346730280660163681938383886070497652676266901216516547386917338361535060274687359021530290671781906601169768335777963561217410099107269569280
-539544633519990878406961456399502899510078102352291182683487147987595461017937820583981694413540639921297270291724467114726013479857137995858470950077203317728462012988577489539589224190400
58064868750653958102066353764213079788485168837363098844810747792237685714901583126713904803555720931366587519506657572755656208075074172792803786404526699120660418348530158927011580019200
-5769784031429846555113159484506414992905138254514652991415325058381604518646310408433909815423496049888106136204040642358502984476383999376562717525744974543664421443437566053994230989600
526258269059811048268360755071686943977749236187956354159576918302933760217045766305935583833765065840183254777389315232875716166776777489052306293029626898304130422833956633495417760000
-43753791066824619527497044396289363065145927579358072188768116623238429638895944987383752724505487847151587204468541009965153850299506836229712324307991339240347523906675050145620398400
3288638862336731523151695715846969460105465887420603729279285463981646922110341857141900505702132227451651820763147919758822037467535541945071717843985133544024704619556464056914048000
-221231017758568241656655352208185107630635052466646095921050548148743738258855582598875957191818664792750744916984580404407132359373978052830638242180931142525558970744113884235256500
13155897311193957345762005675464267560533142166568389447357351224291648190144077366907086399577886760341226924714884948843167231772135285998005993497106989543309012040117440659752000
-680785617960313872453052800484558040820918233751374513865726856870012430320072201108663629686718659277607579020157280972024411202444797086981902135652680675259144224197563228770000
30031085243181581203350534114598157013931679045217657894295071663052713620466259344112421403436607568265770361801582668729566092844374784557641329250080565060026514141131516445312
-1097938621117684095401848843587952469068994514557487623865939069806787012090402912641161174235598509735614504011990754731304368417501362305621601317494675142986949195062109762920
31938367531633031851541485212739771285459158290767667719751019872652434033882616755269477523411694062608551824665554934382975801950540742954390310582023940350413410879571335360
-693036622723313938396499543265935982165972367548488416308970295616662334698270642029228738248038545403893967832463842774186771128190269990353922556364242895911744863685124080
9971621863158381970993171830498687067559371689139489809561114722198607608613238769706660845027725374190481159958884185802972516586029244089829180806104135910653180808665600
-71353059505508319971009813736093921491081728540908849275048282642262995770816670278130570587507065496439539932869056482595249767917887830795844010615107401095362684102824
