-97
912576
-2145694320
2241058512000
-1315641412701000
493839160671447360
-128576512582596558480
24560737913736811987200
-3586251496935476687818500
412994493375483043752728000
-38445657388323716542941449520
2951101370435956026866447794560
-189874681924230087423039158448600
10381313970295183478040720852456000
-487974722491477170322393679661618000
19918043783829894809959393573387998720
-712147870130449324982649724129767001110
22473316870552587694954205827209256228800
-630154579533858824718083209691963249502000
15794012841059154144180656180866713245136000
-355720654212754799212308828833570549063575560
7233793258458015962213119222175647809528674880
-133391745520119405914777043508094332024883106000
2239165784912401369609111807848540015843028320000
-34337762809255627253050841317232906180453939497500
482596653626402287665277744208918156622571847273664
-6234491976507945529853358787243316955303136009232112
74232359884895702605112694476367614776448862222407040
-816650642866358973174868609513610557967948261056455000
8319931876431585828968221458160065708287016291000840000
-78660333707284848687433995986093332346460246244584608400
691490633880481167233550882508341801938497565321801011200
-5662254848718588464114574365070748055912404380100880350500
43259835024186093683593442348382574678779802059172933440000
-308843787590491203434858719464707083757759261586811608720000
2063328618482106129723170416407479815080409630062421392460800
-12916500834680036288922902460118737453508768000537364781662400
75857316808493419841446410357454089938795102063053625160384000
-418423496107790920385817630538173009946331709094336651248240000
2169970109992277961869381636873838726138503958800872784382720000
-10590810368081061627648750751467379132759735883922509733277912800
48688746296567783615984262824116541307535537722161305900518566400
-211012168615227157451360368078441586335662803790205886399923152000
862764734846466906615621623944304160463824119336915360293898880000
-3330289702225024376621146898623855883856486386262793640225364840000
12143634153693619751590394419475828072294466901809613945394614310400
-41854217335958208340429464320055394201910939090216216684197978339200
136419359356676822114573174786961900522299122430763585389871183360000
-420685567807807648057310072422467145490857319822298296091594946950000
1227890237066687212655405659115639215160319907253088904210702785600000
-3393397459157496780894479079531980535017060095684636495676698218284160
8882064552842844323079436206633496148556764756409459924093410792033280
-22024498086838487864736545771256505797364314974750528399055591479505600
51748553710620868603510573901848678626772687373924345829037701589440000
-115227489452352983485114594082545771715924231522253353041132303299120000
243177617409527750931891427643957754259325717037376993657715247689779200
-486432778702158029845585116584995852190290249673299069264938695394765600
922260977779407037195692310915227592949272987992466071613426396931904000
-1657273368215373228254447092592910463548857078601206124525315864879120000
2822268465033246910971663994510420347003052215440376301690914233554560000
-4554043753716147584953998928919731054372425088748096093478477995199566400
6961408457709606950609606532570661176369350686589403541979463272425459200
-10078105636616535556748819030633644497007137505429248363973910798919792000
13813276559131759493251089827827419013282647525708014890405158666193920000
-17917465419596444870030039124816180961320973218771162869317042967160228750
21984412008328513658280644455159072687216076962392830370305219110475414400
-25502119806722676656403144268117262233356941435025475633873340717454607200
27950641445550360692694023122997756780600613023017451574661803593200416000
-28923836357473718839649848755091753069890556512789469244108289401700690000
28237343287027482706719701116082013919103404047772621937957431031107920000
-25984118547185085617265129047431387910456581398246275983316338065156247200
22515102125392670893912732330724122672659065175072353401135839053481945600
-18349981959834883203468613830499501985336525919112788024652569444629865000
14049151134570524201567262981504591499375685072242479853740379683634800000
-10090451317068274595464580954393272163448606535633614547984096657365900000
6787958717117573523420084325586514109598138156593350657701657200261789440
-4269503812203626144491891681934869418311986828757555910566156615053857520
2505966143779493840922884643807277040938727300400791797734900492559862400
-1369549215658582679334088007997895489993633838565521487092134144931220000
695198191829256517886619261230144674298963627716002575085383908210560000
-326851774877223884737630837037735207025872118093351835692487528094621100
141879874234161503388625609492984281300058496011258349040116518825404800
-56654887316883348691026139424250861881418361360831152167268419548812000
20724389031578754347711695652360599788238390278602773038396925136160000
-6911066807157711023266102589286350808067592449766485963626412251330000
2089103101291687318313241253287389642189567046406921154956413059779200
-568599857071412462380280508770621329059978159061267209968531569677600
138224829833716333832701299529388723143131168274901792355938444736000
-29719052385477491713771650789828541326615882641749933402974885135000
5582874630676746328758012419551176555233484834102247305091103280000
-902220110068624807943733118171912359358102672572819965723981999200
122896302880981618567869938086936015137778023748598106670287609600
-13721290905308084776304004193307482786531218388755341541046998000
1205709456357283435078164318061473802493204529477865599629520000
-78188266013209982831574032848486248169828677613265842981860000
3326791595465111734883593198207060309940632931135078526873600
-69669138229683872052141220405160876716421674881626535990300
