-241
13997280
-203230007640
1311330333741120
-4758899739292383300
11051307330574344194592
-17818698166755216910419240
21103156979859974443784680320
-19130341539070877145391496845710
13698269250198899684354405148780000
-7942393493957824025985527649314131800
3804472123221450252447282500448322968000
-1530692370854730300528043098808850609701500
524529328881296693279171786616675482301972000
-154910103072927852502371728919929899454334945000
39833239659499172597232083326184285612577789235200
-8997488606681795529042754759127368420106682275490000
1799248655907800440188369837506881922957804090190720000
-320738285861934660567776779953348701309487317398596960000
51282586869669996143966968805837360220453207646113619200000
-7395077233073587618950396819223761937189903675588699172688000
966558393910116984934922613741627297187360652745878957627520000
-115022445896778942110117226825777907925827296521083451079488160000
12513746325617054208547195913567429408217793136826833225948398080000
-1249310733428140108094629342030720534929798948495185841420421235400000
114848635999755548881096037561147326487882445415583036327442756001827840
-9752789866221845093963488219227311060705461211659089053811910367285395200
767272982726413250794230420231995533544004953924653052694404229608438937600
-56074540932749107182088036209225316435549555924771487194172549928411640060800
3816535936968559922833197613098759943841684400872675299636666775151346346112000
-242481490457554694386138969682889102609790395251444940342804714299921261574478080
14412635520224270700662079030475156650438321932115020803726332238097297045925273600
-803068110231871302116871331290840833011776693828795646482630213387810036669295249800
42027968538415802800959348864029018140502458525886796588005565768042304508591804294400
-2069586599523632849865580392806965274782095546354762885616104525385647218124211470120000
96055849553074015764863215357904340949396591333507264183338154200266414884628708036851200
-4208743377215515420684998213039041667292812838636736108526895899893617568845402149593052000
174350806726549532898383943504653127126011688608302832861049905240881548257385278822294496000
-6838439501780876658425049451712630997947315794811944283068755874742249479676959859181643608000
254294633938676123471742798809248132310256529490179861045607384796463925424410815013355530880000
-8976759512181478831129690637215714850634749401334280457323094187930674357435092026730833587270800
301183364953620110693464932741800307897560896035248910049388763949607396644461148309113036479520000
-9615500886674049758460240712709732392214816883229655820437316904393446574164466263789296414635560000
292427715445892464044205654817249146500283170891168202322785940599162946326888191966143707943638080000
-8480554795304562186860499219893829199513635655828842313746289584163225011117323108439637645917128100000
234758508447206191578593651491539994868116721147230412216968893298693205542317365020588803891126189024000
-6209007526109590979062378877941415790545440594992793014991807236985522329005572463788871649228202820760000
157043761203619315157163074996986320982052900372764749358814963306860617277591373787601555810628405614080000
-3801835880492306658646304181470011295753456868095355653205999222381408268182384572808616310090894348930790000
88165856653815757914796425166284976654540807336755269791965862849727951841897198256553001310229486609107200000
-1960138591470293456264920042866914114974413045033677860122901849220291716529795270518988946329546038088314913280
41810261074498993061736933478760628642360798054005554663444288579293265833553649215068630043200005456801119334400
-856259921421054267300224173540431705742608695945512426256492000242427212302034183647505741827768750806684757907200
16848415228474372183060872381604393463796891364293471991473416104449781729568541615722654810361137199924200761497600
-318738966419337702839009953680111922301219311423610899317431755624819001752965911601968536561581664483476863857344000
5801154557085307956199845292499914708831712532144899726552238921547118995210344207986109007912211609852000732737167360
-101640445516279415068048628697834124259170422537851248557210703936354098594334299269067844209099638680905031970740963200
1715342846583143393970834844185792767429619146997679181560165379574690038203920682524323802300200488812368332723813017600
-27900836663641455733621334770901909291155312385931037983777517560698072182046351957694240633311554740293209887529392652800
437628750886188877637381464662810757626279820819257303623743883600722419172574207667367290600060582826776575656163412480000
-6622903326952904511822827660081831357288153032792765877423664034014155033039170946646065933106083503607115171756510798700800
96753836294856191685753537114229602951406610820374832866635414374901765008333601897253465230756973731814775795937631555328000
-1365150317149873899183198385136438859332840882170829815345396714217363951289539429266736782965808008400738292103087753034944000
18611996462991679625245963974931463732985307587812532871748578231224489325316089089564540387968204321133975929020479841830912000
-245304841077784625138892423141278093170217731964858297627281981399573744196091081420933035362417849188578537726604151430967232500
3126896454694714502125488838034715499591774242059031592192875358640341672763238173019117053841035665301795438533489509932821603200
-38565774111219820162234134027413932556374671982236334318310888118216794391461196245512411321765298695670100995227668485110385820000
460418125677988995797382871641160052029679532384052044728651618630312863672797600621408141580763173913644921482789309301411404960000
-5322788007000055741423160936271949156866474645902740085436749476020898519324554787287762764810306442020267423811736182380092879530000
59611648085117196415182302273056149767721156924917895684832489405888323682080500159248794501089170234933975853316902592839015403600000
-646981032002983188276695921874163081795342621719195634778587065121336110558514914075308191910698604543678320378621672814239117995684000
6807354480745532296408639495379014056422331413605660874559860728830721544142755612488463895842780000991211686745108812947280860640960000
-69461541274690667801529283060776177959601092744116250633023331977808386867384132645409389409412718694527801812067133657112715217076555000
687602782008347177306487659977869194919286328473938910375914206885597302313426114713949354499031663834439970198942659913681732619857840000
-6605431765439938506612086076175275565874553927934908031469132003874515355770230234574014936709561847335776959882282436953839946031340700000
61599027322296429209394415504328934237069440150000628568665740159154058222628123943967027114673204669128091770237334668951222792714668046080
-557814599046522633275168785137452372796038273380502575707074366174610979109169671552838530684380535010170505547483343119718439780633779804400
4906585759735916405897554812361007951772472260640912519526959410480403404031272847162023115576288355852658493053187942381439715203173028227200
-41934211004107239539358178431679048400445963204560408987153732489603802728371810360598901370910628803298928938738759605523951491028827736477600
348320701562717400692249314196161171139099300196188367552323264262307504156192060421959148705016343080118006118285098213485282053346327489024000
-2812744090228562185183771376089344607131217333349876722417440409428174081608775292916761056909992129175559167843608150120489509656092429837538960
22086964720099912175075125940576594141045620639260120216269856712961366969133379529198526086267763221326750240405836289316814439488169788939187200
-168697240798657226290204230061004185797394399043795656446604852945799661426796991743166077366515989850933657361172298380494294938845023178249529600
1253585302796466936891876171473788108483120057461168129600028397735720172414079198913653336122323494331397269216596356320839591596654728776447948800
-9065219681857954287827094904967409046960204213712599746717892431188367601676359286361842612760991538868983228709868067073531768880287349180591920000
63809108946791435745568821935920076746326386919386570618558496537095587923993484825912507669837091446466575927926512168732391922238877983381063347200
-437285652645771216977306076233384138708430627502583603542676770819725510266037017090505063716291641422952731328685136461898497103661104730620496992000
2918241892778860577613645728986748528793796783777315759300791260093271895172157723249516683635529580070840053491153866159785557629822925373642825216000
-18968949142149987718922789909608207734232095648889300539246375214271052090299703423968352441136577023763671974765523264577108163018129725533711117368000
120121511042828352983356538551438921846873111696539239369852061702794593214169059935141088050424277681099076663835203503495486107434589954901016241280000
-741209042398963445735943599177712191707230246383299718882046406909552662152763430199788484178797015157902833424092260038050356930331881547642925031532800
4457458074081436975926819374356969828163273308765647385620808001943693101703612948188560139126203520693583033995869405856165653318503526273713037866240000
-26130162719954945467221289803576296309543611975546446872914417607802483533462684741289199955461346891098004418451447579201957847436695352448348275024720000
149342837735323489922035240787418600898758217964529074092022833991084792002095899194289251034612706615881206429979414583779764170943545457535755801944960000
-832320964721141383115733978335947148173307881808876669721781853767651718214487613832364663558114841251592350684057975461547587890234823003208272347983200000
4524137090898649494750741943628612000087511518007341153448391204257719965510238712926369078726524282818627629380293412104341104880150634597826593717746688000
-23987842767660862365559353849328572632842475078931068301134509135856498059316169130549807403642752721346814139503910327959920582678880290757681912111294695000
124087180698011424493198519561538982589617275697920390727263134090807468757895268776928496753119360235242016983519430702780875183350670795170357532817614560000
-626340510068461039687295359515277515514043801958359723165924089058733201059609427790416778123799169733842904759482657453010046466398424420811476688712984280000
3085370862779848892572453826894969742783188935674891075854587799179230583323940738059516584819612683884290933760618579923612390919060905115475777423840718400000
-14834771645331791460377615245093704020275850721618443781816443597233658567679839462663961691471179745384059238614430194130720736777936737885719085431568558139040
69629336964855031381519480240671164443761173664453591635464299523139650251986149737511075952126270582196721531698746955688551012344633958432333086017400506195200
-319080920652959758859737049157485496653710253440999028104962649785152739817756983951875775487266839921894760906074698059050658075312871322200917391585121485377600
1427788619590659409236444264078061221335180804161665176943989717277855675806255023297525385421013424900762380029520036408639159218706063475117537035849645315660800
-6239314821093982708724162180256061725814286308126951237819681396739815876200318387218707224660151583573828947124192355848218367277380000938556803624207977611382000
26630131357949972820111036331440293929244177461698124031459675991382201893014256873375372985361278269083908837721178729867915055837133181330134145246324770474484480
-111026032704091000067470763345169149974674572195910343561207593611276187938612750376759464889573609871416492479801407760827917478701540039107345499649704865866609600
452211193733703512546623865517680828161326286194400483967703074965589238881421065208231930014027126869062265465813542379502790450415775622644225289515681483543692800
-1799578787683240392822071327652108281958528997452459470535740194674018835833240876523534078828969234214785937596593552523095080961672587197897548462229885752884738400
6997772913977418243277476250949196416672337318601433173870145357624751301699834062401083616017033803612752320256091417100159308175176628948982976092502375371035680000
-26592115401454187458193523594619421523554606797240702377497781296606916496153724795311093037031341431728757391545069376006811995801884014520924481298293530738478644800
98762697895507151861613151504730519350528269380872862656789097648951586629656232987049396751445027507175386595008714767151344609032887955886494948803661388409445888000
-358526544488816101269314260209734826185029161575000601626451302586121524262966827290439124670802951019949424376348201877532747087175591425956897359986633342155686974000
1272265234856076057695604022133566014887308432084456673263196916186258791401327659032373530979984596806010519018019400381765513040496546220765833908349465893943025152000
-4413671753884748311881063968751294535333510361690345422750941287031200185466978878691486660836611691828176688975639017098484007035302153459774363016153868100063195520000
14970106630794273745008469216053540088992056013911692573377408118795577733028869911726678688732480457364438076422779867748173808663554888135473635346132166918444967731200
-49646329399464511435122097114030114928007617391558359177093254852946838312753665265368834459325723871127233142119987485007599302289769387860100399622558557426843540800000
160997870896415267121626133032801874635409025585949205974835544556360292671470575532197625781166450002708754010153443234309105721911567146313505510997488456519281062400000
-510570452827708198096067592382176987810669085234039003751135675163401425128851350457860568918340055499110201869171616841237229342318950767004126892352491940140900163200000
1583521946768797688043167054404718120517236510379139400095323695584816792010391307966191383863674545407875154727350992985462828381798482994620524900227487183884495104000000
-4803459872000545264681498618295311959882875556241054731636377385197248770264298800227167072121469987358430182892042966985972347676759689978334663067141449144392960460960000
14251915636889808503364817975462629023790186064005970735761507657466599725447793175457150304825944693043522105377388599540375574283070892197176269628893146016831514406400000
-41362536936759544337533595947733081560109155294737027537805015202874543693910798293484447844501903581389480273178383185591615404616085281526567006124650445343259266851200000
117430344801883531521299690207352192423148155080940234437424880229616458506236804038716637174766723684833165225299617594522510731645852006882748763769316275258356271385600000
-326148730148571553955326695519314215493661678117296612360186622672071465954009021622879421861889498891831446471541374178855607491866292270676885142869969532707342909048000000
886206111180016249262550411837952277311929613193468478359301328138589834146778049409341999012376356156902137049328677256799594987179219497206901480043995294759868834978680832
-2355903812191520899478832207837035516751700007862833026527734476825975305502945803434194952652893934971154868617215723332276827061848006984102877107914891749517527348215874560
6127774612750863957773945612448342364608302977857373124737523514898835390691275487982599457727956250226913574817374544313700629232974616467052135931009085416067909189184225280
-15595081666740281643511975720352693577702173417219170360240510131880904497415412232813137792290197251325171834055179832412620552803182530690104547846391957677843237882166420990
38835417599285936620824245769570075227448955375852558123211750487659676844714541369375423959648204680903498636094384487421368650211158227978963551634786534833833530306891201600
-94632031488532198578826228700394394552755942682425100359288940640965275274685770895399368880607853074809880315562298673165643928067793312804834202359298478756928911927105714384
225647848523439051677965694214797425855065157890847567548633730611753339796057441002257570922118370014639024678795481714698336317028966980943640554777838922599704625374812996480
-526524596959220702712985033843607606920878335879717031326033148845388862264021314211936757402465941786339464323105366165891314258577060981647474405165438307859055954652420339640
1202294167017742247949736643507886169865346698109193867902149977283223863676202664008623975634598016882459361351058395057531910539456421910266537745120831258468143372735630185920
-2686681524369954761582935109197701746817054815194442189216627747743893825462666066682225274133339576041918126209134445404514808999537142411976210014645430733238708667354486590000
5875466602759337008375827803137646135590701602984345014728006338221159523052950274550714432145864589450024078913100820633324676405242927186377164682782347725868969692514700550400
-12574629404748505378274067019204353496829472478056622913495249291656823081750164177016113256730863417678373873473999566650635668009382638012150738752591870389734167672912760666500
26337782042701968321738511516807584030441697589501942563552945823091961691606502963762451081496281244380213848047837975607106898651225439050224830403425414713689040415448156392000
-53988027599294094590196716765470366403925254610448820198142005151020841659065482892060218592121945543839025834186276572872013862772940950651314151672890039601884009173380050466000
108305778673393670426790784215601231914297545090885371920707215964679251731555205056480206647204938112892740610375243515579900487608259988988403111580208992027794844757528634960000
-212638503527084787331292661602068928841534889420528571269425223343715422749080400294817083264851695077664568950400497230766844421614972073278711231465205215419468031689513234790600
408570536428481408181448602846890653475510928819686707031439240064882508375578255181430138359103402845268675313379558081348697595980681716173571200742962588854870419523132919320000
-768288485903527551776234213159370804792250936721685224683152234950414107819718344659506375528770270069631638655892318179453410372287220225756461972751979393057435116894397485710000
1413870228447432580001136774884514750156095029131520288291671226253312323608569648698055842530132661903290030118760805796331886113253101449247746929365860849896689242455375137280000
-2546343734633939511002240203417351627342755057046519346366341721857154163057582635543445960613802288714234479879683752530093281582727482331315447004107256628057092002290508511850000
4487862707757206302958335932358305916899554406369361279379365462313374776040988449117618716599527115842790624800074251308211017471084403579986930044432746806624665932788446297984000
-7740489418779024663551474036083370099212428117384573439500017415178796380237705964149430104887484256612882216211987701695739259585495313267884194177311406283803520501921900363360000
13064516177597694827574129346292409378429158142313395459551327463853073329632542548218705853369259373741729843569050648167291511666536399903108534871345347308199453919482417050880000
-21577565821628552126422081691052798305489027306175662323785079148092249536437020259628749162588554435895478476570377341980830214461298728053997327704559013402516966966997598687440000
34872440956715123205982806678752056357864343937011069959794993010835093615934430292125558306097803394438528342837941490485662271738723407169831274178621566635841123137510645507200000
-55146503185816924390758855308296751878629832072124039121754028725267709597713909521071977337300708559000767865178524274354237746254911891133767402957757064998660577882478501235185920
85328215095637081378271672965076505691770557234530770589688265138697635832083975610868793494143633961736199740515693890584514174285044143642792595778679411129018253045648941869977600
-129177847100073502223329653103336259504027821173484364738379780546928116711340080286589239527556348904070596360977208501167527366428669884530555601737831966891433147367454252068308800
191330441909254921999542301354131948802753326315820833619936936696274580828552405642984412529344855790590615448237932981010744109052708028384101150132603270368651804242999437298150400
-277241973191581438459869758223762203601223564633293259712815518197313036354073343730863524058481024171177538365605353638574558159369046694021742116052745462397483523899927292239456000
392996988096253796802885514508572137600136096447510312290515932891891478296537847829273181075364402046768876028264554568794803441226732745540247638055870945573723158790256976670423040
-544940966605361783905053077214487458223068399680359775157933109608681703448252369945711024629691475471244893227062269638559362348956118363669282402457074501084208086512870713253756800
739115842247168451438749420967777382584024615120848229262039828002655146646191457342083288385729457907203508067959990204727031605756864340711243834595517656710099588149551449774822400
-980503899523292645661635337854105254728214355830681413574386035249316235037731232686980141863090949267459484725469916504163800099657509869064823829125931671097114567407013914524627200
1272122459727225931636471622230712881416298044826009665964157349637180986085897885057274184292922872353651797753072001160419787321259693987790286048626658708594808663065149970191360000
-1614055063062500995526727920377960355518858468515375779694601362248643578478751922052551671094469836598397032922559830847327934061790473453805323482243847715385467975977310007100998600
2002546615797617067865420698250654104142837403937135337177515520617120384393991814097066538420514252729618787037132987155204905652836758854765603301915903804899373099318324517895456000
-2429320096294342881787509479126888992287590094084231737910400915633564307192177922016777449462502372510016511313107868924716452570849104239413675976341130522655896256782407318862888000
2881280246694543749892280428553823099287385262703990008093362702903567256887346557213018592625329322237782389419950136081736793007361849252602798651302710114416523122576206083481024000
-3340746746474172621965748258642585267373479677923257302289987949510995869498509160718619304395482410543770219142666009581683591981505772938073255351757696866377129445922776127058140000
3786302354791811585798902783055118861710783799522498707785486434163867347998016479821256832191992847006008223392694302723688849005742594298519315597202405675259236223448785314104902400
-4194254586297722770231946126170616317815418619553791299722455124214401611178670817482358281414595066586529286509725416992328426328215005478382280033553615664003780872433378273807960000
4540605058248802247439596881972937282350859441413032626527317763644491141478949740809185027518715416486087425805931721819799198526353309383746918095774347023113132493115872094474880000
-4803317928859640330987955077418721245718169300675627661926946090884834609238130754370033920302802090066082492640579061025146849149707013827612377182027164082663293539078819200848090000
4964600163157332816454761173817466166226685261578534665455812072508676785291468081264780691409219484568143803884664188279903889461130599355453848759267598603698064678183773075488800000
-5012871881006717263562850720178805543137055453914298272410590037642757691058488930082614718201122276096297728067764210318196380566271696186557050541321376984585232711905905955565352000
4944127254479454392160070270167119861293139061279995970600233120810407708701030085960897659892629063391034043892969454723736657964203540166899399391666102808913447262794238492476480000
-4762466007669720518299943296679029701435593017485669455590685615323627246986656786088010431786109059608379433099579183046995793064017992297732969999469609645267932214975913139538340000
4479700058402150824657689989244814198764235845776890858825519778228165132719715387816153886719988714828263483598494876579204970641793395007042619914633581166546921972535063206397920000
-4114085748575498866415876276620163125797317270835858446612616509236164999183237097312331841070461296597960964508394439268225466002611485935091162859241205057994357426553621101000600000
3688370230624943571471487315947206490837261811855325045230889759268184366288161885512077813173243603572036448703427844066886478189965745561922056080435151871748345387867958235071754240
-3227443023666357680292312232010234760270660556893678504357672615087943480379669031082285289451858467033188531188869179798326381435273164174066933434277982679614504834005714358265105200
2755930791570825773665930506263774787154416394331759307624771227898517794602984644243777205254432561207566777949013000669182781325814028152339321498732950066872457892665609196345497600
-2296058108354219415082046697823660619130006614100980003893797692931358863279099408348156384519039777748899767627827805159210260025802073637713075041094990623508151464230971024994700800
1866026439297895620259557941741147982963870423244889962903607625352909859236220735725663751221116563546123714897432541005144507695511563232297633471805298081712564031352781919754752000
-1479056326778063500737213194501679671311578899362716640040973686008891299229795824511443543058935014457654417354350774245466546361988656029896158184859008025816677681764530632136474880
1143118530997850121750442235730976749110502662674032701255683701039196840648894425586207701543061401241348244785328946121767130242836078589694170667581272953013591737195992662180505600
-861273070224409657303640468456043555354148501157946930480560866043812207223597940446654558851895404865968124173030265317019148335661756230014413034380685578081155928788805363785740800
632459235658236504297265561834364212525582129668733939931856813214769918481970812847924061969178291273668610877098757343489948815151061817567393631983332429638740679052055943928422400
-452543861762192205712466275857675834370044514745542287773193268552924187004541084039489614874862479504507977862054507226076441695623655261418068015559907493738140741671669873631440000
315438608216182827157826018315871868655420947955285809119570448929103269691171135159855785316427152989321908542795392969621025364230764643283840192233664080953019299731756216372582400
-214130989535121219094737658693150966451975978804771858803708867877789059102126087097618600941042076770558013126591218750478372663861703886215776012099884406902001915082677036117184000
141525220341894867331567295825334014030657691730844096218688534255811168005042698532990966425959120315740707466092145836628332208732640344825960570552561652100977101472470807250432000
-91043994310594827934524830386504625311653008626194041866351324224037418711256672604815968866767556547617600318485092798987618532988740479863848616247555293227136610349127680637536000
56990109817331551541557492999698872427103420197690399936497175601172326709322225006122030846306726138818329361477189188022819920988444812008500743520487566321177307673539232917760000
-34700820052486560510664134449484235867594467572449658753577407670065620869739939829904940721126541475273288024781997106424642789009612338303569386241657540036171700830251132375769600
20545974976938946493526638636793385453798977538031101918184041163164864197428324342149248090138244452342397997184593007285224753778888366748638983109558478791187432853634068674560000
-11825193985615061516741392468447408289204994206391218787926182762556123146615580446163753166462216052119918031311455887466650759573748765117889358307169657240468309539267416315867500
6613397436396492832472192217313120069819819036955136239632694550446163853802673141681207709300676120104221118104653790644185578765613419821629335344706120959849548291820419788240000
-3592595137292121797212614780608107658291694128242846222215178023272181421803476787694555521751841940576331192465980623597629242158118991610511525165334165241367945977953780491300000
1894887260316391709793456989871826619189959695885299772064368453247780949262078381433320329894936014732383915742214526939488549131446009092450207724285128680627890191554004511072000
-969985370005254138199925335949330239128762948239910975053253999196106111183849733727776038301330610415252230921247622664125424788366455872632063070024652631834325817807931557430000
481681003136933643005203975222641458643343542438083029998874257839865932508829190868141405605484385681742404965711154216367986459877820546197148070950426589726896522991946635440000
-231932769518821966610785517811391766524089277895206952282643336527985644525282334354094105540626689840685934561211342162595104591447648669792969190269646024239226243865905944220000
108232559296680132899859002781609551409438394371440733268938886872482379506255335442631728249053842788209289429337279441548383446123899583792683786676676309384634251322995425600000
-48923822616081837074058765732357057475851390215750497455892100338533847596315068003455606961778563286340304054296183739565908027234155709363887888672524608749589297454277007256840
21409697380072940755658498011140139505780861340423969580460194895801550097840409947800676495241330632966921008884842665169804062312810894323247886728799660471095734734081272451200
-9065173552483094731779038087895014955430250499424196707225046250729423121272148874329778644453594484505673322970871157880078050793511269023202473752903434319162851901792033725600
3711509820124117894503043767598454034992821626981607096612414286740926178798410439653765567939553159323927304840314935469258581207700311363038951131039014386005863701789298284800
-1468425826325057697351802567125830105876509229340930431702311640503396518981060839314188054501267367557392903551417373426118380901210727282594106362277906859515247641531161002000
561024272872697831973362094414570569421849665349148816452404894703689101933608871767486101203387242201106495167675368179173271237354894402125662623503487746255248450503850590080
-206834403551073559742276603994626179625903431388147639584265118711452917328478433377375814245616773594031273373981551870184886146394978860431143174302763356352233057030180565600
73525674692290425960800887583050852250035264928102519222094478009121585958771114779905911516937027594209534785700646411506830632730946299845671376951146851594137877772730060800
-25180980073864350070755980753468576132321850047145317754109048646938668157154021997361915008932505960230276371110541740923093322050074688535810669200377748244969048977407112400
8301231955853726815294661817493818738248543775987101386396151656690937054165836788581112523262473062139510994345179850948754466187154037565890745094788113246664552214341760000
-2631735237523604412803507185269412239896890941770423230911668850616689137285545672134978099495071108430215492334239444356338689155614526059154614675061963975093358378882361600
801561730886998850825802597251931222861163072941015229019164655204561997744704730669803082346604169500094833360712626973157669974846319115970813211604416601205407327275776000
-234294154028624597350003754007178276849570560903037492515680982454217047089092783170372087326168987511631048101185514875097283518591048732344886373283357531373162959648048000
65647188300643079669228938723340833064686040472556428505352479643765723348465856855160351210964759400644798947789686021120956337770931946606012818822941676889850945426304000
-17610177925438908064819580579444539571134335033744338461617940702761418275305770186602430662649621566008414601135389395787207367663461851778645896568255710118609024031840000
4516739199221280562823168141695932096384395373933431623600698863643902110806386399834687245784184170613212839611923778830787031931162871058683088149556294195050915931238400
-1106047354061709757164238169128858543406886941597853572951774359506421073730344749187913704198480455873970265187033375624608664262121394929815120929970007312638389800120000
258184979843409578686090296142717261125284063412763203166045228390804231188684182783103218088082082247800572425319519736365147647417409014175875666551218339325982303360000
-57353312688470560604937615865218965695219759646674125406614331203638588264012686592905072665513899130755631745940959722599252245471458357096513749090590270353177240480000
12101822822862785874397295147224118196777047343140096101310169341356988245278630310464738753883377310799336820936229694808374152419072967073595611867908791225665721600000
-2420614602234186571281822609923072071549557754730150213983135318051177752118645042058039997445144126980338424865364456104129548958038127980154527241595558013546897744000
457944737508320548691550969793599351797013035230781269368034445215963686852772879110097859920827414125393154230174803431587335074471700058078823769217316517785740160000
-81741333005857801047795915130149612404803256045069045260745861021119076236584754028316104084967104172978726924820382797412421610464401132434855383041245300847357280000
13728480630314793266528413665406695545957425133994583965447715241577078258721387231685658294308054737732878748337988640913522196114916412115584712324005726088944640000
-2162859522134854128904398717016899081050570904102104317738843052149768886224341638761063632344251688093479083737480074267007991077176623042364818856052002246753575000
318543814262468590323184134994133324411122106883660045295028420678097319816072913750172650721160307879999605893267188814514796671040570891928337568211826740776190720
-43687826355011991448310456293247394813609334300259194480610738641437695303304698113007271875278564427507973202332536957586266557299694555132704296838512145021873600
5554981433329553609993015770408060137374456293258131192861525734609633014947939646343294947055544530827926806685221567391279056132034363663752033862212182929676800
-651522041378314257466286110191173104370038089027293511135671021928188144277808326095626910053048149516348679215908662211153978247864987597297171253807088321834400
70070828423822818254988533046246568689518026393736492492614262955988275084892335370784992137815670244125904364480556337043695530557360272472989566779275340576000
-6862702496480643126258895835777003258608561337352528688170784430528832763985391106919414825444668951508814943523133504389856078333037496629159904451482524376640
607034271909983612674837209663751717183568702091488829073032786343885808849366504088372368885493852272663678218721353436407126735479788311494063998257107532800
-48011015448885260091349249434055273856466482699232088758990423815879939957486496876935961176158355550028412570174955439558285123976989053991346433572021900400
3353492799317963238711273993883431237704155582079023017076971156400315576245441915624549444270339926056986506771232312748531326606140147962482006964672531200
-203637291944850386600828877742391863272816080619708370439420868855121800186574884386215700602653229858636133665979024031866218514234348600614593344246040000
10531246822897106457799316882431347424303535106380934467632159374381672455099282386727605992234995463581073748303052831779265189255831590825808575666214400
-450966383090519945810316194423275703945775840791412825073662383436876774012708066869170861309258549638050504339679348674833874539915942691029040738364000
15350953808489988007429802270599496981329975744506423855522485305618907082417308904446486261519741261335479789518540737173215975365758379626618346272000
-389437903799168716310229253987209186536458850802480952623151814564196904834292650513551316252451595800774741500214374679011216661969401728752393256000
6545060269379071929024703416041750303303522290757894898867767405711192532359744130757676924464794593384985414124504117432306297079718941538178560000
-54655798430057874962862540679098644025850594129419226499225627120609090417795779980806295150478579851010034447810529175085752237766402966664303600
