-151
3442800
-19621377900
49690049455200
-70761736052295750
64466772013083520080
-40766279579940175961700
18928865163322426193481600
-6724775112788468818143611550
1886257908179679154916331536000
-428199407735868964957556421987360
80260847664871967977168426865068800
-12628264066270862350407673940846276400
1691141256496107436180038323249898979200
-195042082158645452014539623964612073596000
19570089096949243220801095780555920771125760
-1723467416760627689113127751455598569472774450
134251551855070071063372774881551678186751205600
-9313494231624722182998240311767398366060514963800
578932993234511816583048511346427754388914004952000
-32421694953615748008192174256678320315165156562324380
1643875508305778062274777814919109392850550795314224800
-75798284543099274826004579536259843636871367973197427400
3191265393844814837286907363764800070851416082228833843200
-123135196837154530831079021110542849956029031992249708620000
4369033800097182201136013395435837184999839701536207261371392
-142995374004659994378896888127245410825623451769953529079648000
4329484080975110282484241584011743083323951752354477769336064000
-121584503840343116185530034381615494216254395065801705417694032000
3174786806580184103964613026183443820438699780790731808528609920000
-77256673167680680067698877651604003457142182110108685931761206508800
1755760397484022947636361589917826675862627739110066285899755203072000
-37339056812509343486989303069961437031504340111913978035194305720018500
744449588166393816151985076450874858427935934352503481267345055824648000
-13939110152129406704679685968667116185703004583961883955044709111872410000
245510400524362513518505228130580978630798389309029884256362974528782953600
-4073843490182419639826739915855049340629104446057629368003924203118423933000
63776927451855089642634543372246470028022619786637774006618044938812316824000
-943271357056280574444422398061681343759334550403894002395665918115107098622000
13197116685179257478091590158285719260485627371857241532531078722872767296960000
-174870044276553398620637376841134708775972366194215861081994625002265962164280600
2197058497989772622764938369354411094199010335527566321268129970284269554378112000
-26201541735947191987021546755163688315569490038828465249726559061717788330755296000
296903570822912691461371253441963005726236860623869120558286027831861060630603008000
-3199841428316153567841689671005453571527857488076977892793717960078399292385088720000
32829582970220447666903182520893483161512477615944342074411004611648801826465483084800
-320926239952273137991442500210152031756089602781573117112094343285423187986974724768000
2991631115028161366011672233738094449036395246934428984867472483899245942520499561984000
-26614350245109472013516165700924358473046438097402339801574906034063734411390051875862000
226127757184603593950741266263580555122926837645567568493181209119075461054709312064800000
-1836247839441855024317599378566779539820215092417066883192028690530540373948661497691001920
14260748310928670315730683370645500463040501678902249534978461956446334315172226933240384000
-105990480327194337032263144859416650445904202012166608322656120539460791690834410013806212000
754347341652285221056961478116574466256502957147467010888765098549270255422983810963337056000
-5144100441960113724525953015208533354427490158737099283787069267713387870056938642320287160000
33629662922381226121066197298764944005672081117085909235098539450677672237436700360504462438400
-210882436660914161884810832232210658122302766316165307751343360426523094562880329269553652376000
1269059218711663186571813293876325881073334468148249952956068138830218388702196429017640200448000
-7332551734274256051544689355848438213561950671045640408920064332474124500952613552561198744384000
40696610027629596930722033425737381869008011193508122005267349297156014179375034138317253588480000
-217059891427921080740776045502106519240784117479597069617538437181859063405050008469397107264556800
1113007989369721639487773971561459926663305821421852214002320177755944888408587519912952648913664000
-5488889816462490405767359828015243452069794083427172846212794903673113228293858900881853112761792000
26043530618196427140693101607755874197374240911841904519999837144361821193053653520132793605323776000
-118931699270840861735025504290301178433077435609375689464501209420236295267594870384297828219624323750
522905383587015348541972489395653181200673714527754510649130051169304004944578062073068983907157736800
-2214184986286156589498779285331226567320116314156205681570983423741462895133779236670743206650028571000
9032335813961260741123111221426914880990414333889159821993283238038242044038709151685152506165142168000
-35506221472831712043986763121080672965346617938387382803713648230497648277355453341302123076246494201500
134537331520664584178433355745493665258318207857279644145976520495311399899914383170991451437825405460000
-491500565622738106403701122693894306487582497725135287725944019058483544818034157784473055548676037375400
1731610800527639113217562376322865082963591580955842632416735921142366148773712882811394855493847733344000
-5884604064987542102151581092530847640156171466377137279183186096212396690383198274785560024929613333009500
19293638998585538676823498751866948765023199073098394171868761019520171697199332005451924330187690777696000
-61041324990959543019716419991982265769544726797193148105848481494373077913436527939089588937272049438200000
186390364096839308605626529739073314996924484883304802109520625448418130887321920690098271926503950426759680
-549393342927404644911840662882223543598102381429754891951971718881460990020196623917749840642093101803252000
1563394245550880615441486872010267435922952163852728037951369006741104709667862614056379711808634645576736000
-4295736621116711250548214339151157252847467344366544150301287916780251057119930854566157074672081750510568000
11398397443629664846831986773969422225148863839562565474922180404082832479715759485918212010346046112554880000
-29210174448901583305139283606230077174166643098854005680343543876150396171846589270085092997138359733126966700
72301971201061074969587252822005251228237507075962361263340824957884839785213932288703232780601579342475528000
-172873109904738087787931924988009878643125282757324045513196080138000382097989944884812890156712015331495994000
399296984294410284929826214314009753080187182353685616519955875621405440549167659022665511420177324423684752000
-891004962828159004566342650846667171520343988968081070309907208285009730930646937544199047237909860126263665000
1920871045122685765415273789562309738906695913102675536490950128200319940342665287084905793740855914370475134400
-4000948952151835345622267810736530763636783469625029291460666133710915181311351912864112189369643775132121342000
8051586000683941866100988676593848142649687648213561390874470412033909372669376712478023103247247190224926976000
-15655052997455851327205912513361773177153453889353253339669021306042687683920816781996590116941348262295548228000
29408810579742844053632619391342404352486225713114052480024622779183839507226581708888935859119714953030899840000
-53375175843555500053389276255817862516777778297344405618375553021824891925399750333626697045051719694383612166400
93588643068279901071756103276714812672818903620026659772830941900361964829948602203146919586300080903568415488000
-158527927182174969478469665959151733139201869234442606470117818292236470908196255882149974729298707456812425904000
259392672619047308134963893242445985360849214175723409268713997510894963150976229997015428647130917785733547392000
-409961370883317752162151513029737232408811597551378158718604682575786346808893509722535135927702950076705408480000
625775938536131341139700747201956799297926711121084267535456853979394206497431245422453632414408403352542239027200
-922435560439816001452130495956877508513708156529940296708895547017151724746918779195316036930310130158885234069500
1312919228973325102715159060671113146350895911600484690564940925247496641280766956210401994534032656295864709816000
-1804101943436169448201994390220395688504037207974968394563257537535528235629142182539428896487466572796389689238000
2392952276774839590513817679100616666723036802742025214704861543512077039401984325376244837704016472436798894000000
-3063218209499472159816738011016699395072159411190066477343693261849809818138480134914131016744911486366346264209400
3783604493647029625888726491403824367994236700421021234636852769268464239637765875886486698459551487914514550440000
-4508395319852193990017545397340754583816277621599327205477995365303839982582601265221527835525092252564036609170000
5181106206017338969393337117954423591845419621315769374039751106964314927669627168025343328374203482256643824960000
-5741083383794175993729580746919726955276197685047105764410726425385291642762618491936366474719381354922880569725000
6132154007034940272304720442242785000030159087448046937115711055359382710673251279913165678575549644949826901504000
-6311708890295397316589897820802581748429048580129642473099252256606555807132088915289761576426328910986538636160000
6258233847727605060523060534697432789603158309165141178672609976154914972710583751102224946771917704386338247680000
-5975475854093135936132143790717190413049586255930399288998358822396886835654815778122897739386046594114424645440000
5492146816488262303052185017644282409772029451625280720129793648731083599473999519998488621672891912105842700800000
-4857145709358751645038134865604253393964503071226622230256935688848869884129856930868084854588563334830134110848000
4131392503374703127992829591066680916220111369730947242357981171912682118795625406663219647438368943188037130240000
-3378164294253374520394009336381612416906065235916001743053715950279685944872985474820204394433621671737858485720000
2654064077057706413077978045467956438750226834263398033230078973545759996786419475557701502463630089347184300160000
-2002392911322777114514433266836973905966910904120700039690745178179145642389261538769103049527230919209690832800000
1449899018436817667190186235404980122762883842560289117586281725991946969491082683951072272383573783164612432128000
-1006934180090075884355847976356981216351006949221603879596001986429454847643740166581656538750334200629704457360000
670259642704417521970230605636994144451046484133775626479565351767491604334119394980791466220545345616032362880000
-427312183875834123996677469566187663048832206237828658162819708965816070933207258635771749902311191685831606240000
260714445920994762469549702496424080837646371152802740380394201360401868008114590397081273861730717898847897600000
-152101531957102569410186600741142965494240775281576098745534144835328895356678519022630540396694427851959804704000
84772112613206540973097647841522204660406032804976501998740429059236649553343126509436869724542485572842839040000
-45091428081077410970439000131774475564124869774052604563560062944233845371796394287504145230395247129817035520000
22866113836871299951431555886772012461363341986022313583953519922543595855140586752180038482886663757020047360000
-11041941677859612522072014988246760700157571165856898956871415545322983820526720644831996991118202289013648000000
5071166302740517085336881891562160306197166763916102842528593789007214841350383830228122266128910056061564035072
-2212007221370501437135166735894933240137023169571618303383126227568339807026417738997842447275302477842424473600
915029585280177666846415305467852599553240658898991711834101196003221724377224822034447567004824733843676364800
-358382864303155522958584412548047493367501544687184436940883018478556750813516338073428347013547382633964308650
132662607061320715186880594994049189300150803153239356502364004196136625503951724207218233135235375099165924000
-46322014453778315995135052725436938820129579254867777675766271524343327047267403819336970043255854938472077960
15223830867624829684316863665955616511015140551101583013304689202103395171993948927280491290948256037118030400
-4698033664785279454348701557153543961187351397111639799273376597779497006417095005853259967368501647818161700
1357699592649802056115696894124535967527262159649200217869042974043122205709999981339921134783638443306373600
-366342978747398694691498744265614655974024569141255015347266273626583152520881594430380814102624652362407000
91982741879182245646545857545100283442366882216207569285546802091371440654900091967814683420225536856536320
-21409261666840374540894242902879364198712663707870544213574772004939124784782920410977628250652624143998100
4599187119223207957210591261357003380532231875440035924616840573494301834527398108426756732198379271596800
-907327557599327467718976652432170851746460573200389359839606702090847090543973676399880542053629012990400
163423213107274964425342308910716555254784058523749028116651898104453593245330386308761673119746853952000
-26689678834509549037016363817510392518906314864006155051091975807773262856035845233385005900832126505120
3920017212251289330923383247680214584538325003918211998852601446541820207214157642044374892129661958400
-512650535047939395241269669913346848811126911095632069082241123513726437533412700955713974932846587200
58963961975292359411583268797309980361082228710300094209077760404141257815961008980773596217030425600
-5871941622250131278207921010148780355210011684354248386465353743950216888018879414800225510617661500
496008005760581838292378963806146678280760083301457556925682199726781697651440182672304423631722560
-34554883118524302395579975663920426780208703495152208295864048911346914102664133574234005868507600
1906123405862416976978635336729749119441379729104606057136838646042182498513380870030400990108800
-78058468547232835479813545336312315565144157094906484352252751346778565612057279054842480283400
2109593312388617687846859474878941909782734753251830575710627936041941325491390812706882040000
-28221670534621063290751320086158289548649029365724489035062178166605526176573717094434288624
