168
-4741464
33451028520
-104868974410200
184884001885182600
-208541758766410565496
163288197114099472783368
-93890713340607196850436600
41311913869867166614192104000
-14353594963452736666953189912000
4036805047521447660213915130850880
-937572993805745814834641792746299840
182826733792120433892755149585528468800
-30350319624484844809829856340958586936000
4340095706301332807805669456757077931848000
-540081509692137854603337507198850777839165120
59003904933866060615414622661474447478928789360
-5703370534005357796856773301205151177591265504400
491123573761572476951555478714888018070358973990000
-37906305085093334973133491145243559134333551502170000
2636762581719092380731165644063141973384241842490945200
-166116042648302819986063435575977944323207236076929547600
9520783105503967409945040708424851602325968447880218286000
-498446291317452509297595278676420160919504151538832978130000
23925421983237720446284573376468167724136199273863982950240000
-1056508354104604554555212704987431937629495942014995304709878016
43054278311943263711371301178984874286712062441759009843413786368
-1623837286950452723928880556812330752418584577278688581131223671040
56834305043265845337510819488431576334650460204754100339592828486400
-1850527675386145829818143602915245962867697445644211093459061144403200
56182020224723387393278839784506867432663294449758248797417096344081152
-1593850590412730187828263276841842587738500932969572463021833816471055616
42336656307838145614188243291111443736803931032004268549017460750012414800
-1054917510480429826667583086964471098069949190590850162605683009597416782000
24701130773083282481174860724873965123319536929855650693261788671092454546000
-544412922238755545885093930376222191317962593934018541279489822310877698193840
11311690717627476342279173886705949975162111673962385246584955196903792173583120
-221895875983846513639084890231912554114666551500555044409816633902740203668060400
4115215760974660412226241939342533378940976626859324161561557794955251145589098000
-72247604513679393154291478307865659972295134034861625960669479157587160644750614000
1202200139107625102087410199042884581938991030340097455985540133182250353128650216960
-18982747348205647284179731655678337571925424698582514440347526326624908461090876090880
284741210223084709262695974835175063578881370478737716605212894899373626916363141363200
-4061681676383915201083616190523386858784746428543378731997020066506749275240171905600000
55151594994204732854383317363883674454407755223940258319595900572484207100988449924800000
-713539080125022121507154830427846117052359890919511519859305184740006786093232789915968000
8803912241920641563472967066545466173914466933897262174143071721735395638621040491080384000
-103682108181786097905726228264454641246892194334693198488153920706630293136589573732664640000
1166423717045093601439420067975114714027537186265298482991731607949590797786632704492477200000
-12545006099648251590991313792303784781479838717588006133400868518151721437419498678929295600000
129083094762940649570664222397289023887514948468493547910241576704373952902471673606710880005760
-1271624812422463769299934398495092910061436187853983151904698162205372470288362819232892302340480
12001429442685382911440209263903391665964442127971024421822447152174965030236323648973155161142400
-108585378884246709396316453699574474613914665960264715443438054244402540492508424898060782634544000
942413843896610329698894653713590810538049508272420925391814223874259086002881761769589261630672000
-7850540975983697090275188885596289201569689110398920627751512934680150316755906616473348695481422720
62804327807869576722201511084770313612557512883191365022012103477441202534047252931786789563851381760
-482775650046642868155427128144702549237803596262759107856187222021881820033188717134926152464508544000
3567717794339935107712223069464121692643221582369854762575747425524370406071662160515536311018930560000
-25359391377579148052319314969190107164915608047278746449414455199583308519802107681021521098403159680000
173458237022641372677864114389260333008022759043386625713994873565149830275446416538187204313077612211200
-1142232513239930544134830528051611378579839200440769279728571993272471456930734626292717298383053139481600
7244440341516520984913415263761260512428844876885003912534491466176600967734471953438201804000737653632000
-44271579864823183796693093278541036464842940914297246132155225626634783691710661937677899913337841216640000
260787275141224067052395252593905792925715448823282215497226875956895522683983117976633879177005720916770000
-1481333447601002694719629270296129023532365693801171571530875218009357550033825052857097388489694744682026800
8116727898838551955364580216581268947123623594960138445660911318514083104730793471440128665856757154745320400
-42916136484502791414697774880943733227885766546308506573348569869666242479569031642822778766787732472238846000
219035644687341236459097639963294140176925625106591858808612943106428054177731216862157780903155381994990650000
-1079444093950658985725647537588483598187608893483714510234506507898786270777590325821635793600238338111418950000
5138153887205136772054082278921181927373018332982481068716250977598222648901329950910986377537134489410354202000
-23629799953794224516272523204171743825091982545830759495347916368510136018543846905766593372434713125967117926000
105021333127974331183433436462985528111519922425914486645990739415600604526861541803407081655265391670964968560000
-451203494457679172911373339804851504243431905412143398716449236051825077996339838541753637548752325446939942800000
1874356663974303474322118468568437183807448682307421116508726665760941722837972725921806381840580332225527724400000
-7530415333183161638436543159320553229664805826038295077685460252361159465673839223663449319682715542749280185549440
29266406405695223763785235602567136236065713501195922421032412005713869059114671553462103588683794754784598615861120
-110051362930506833161341175199735925515784294570612766128675598864461243156175004601861629197116748871297457605097600
400482770427584037835649838744601149066315628171164799817369782849962512077204898403224271930336097963597256965296000
-1410641362331289841971012723140933674078643879840845344397570891906862025796057567953545773088379817582720477466448000
4810287045549698361121153385910583828608175630257282624395716741402399507964556306721591086231375177957076828160587680
-15882525265621569211548170370215055247544415283990780901125500955494616756749913621781714327241316945600389472404025440
50784398157475273356377998655506199854581339768858088842087785625094327821255672645494773651946507187746634987609540000
-157277563462002461468765365265673504702786018866103545572063130543095875172955403671306575100054976172241901213623100000
471832690386007384406296095797020514108358056598310636716189391629287625518866211013919725300164928516725703640869300000
-1371351510784189489985856292822371456852790426367878901093876959837150290418086029769038105408742329954702152353579852000
3861886055518266454492349224838338656480519064411868814492059129189854820014588402924489678130514500851343486914597236000
-10538678356021904296147373925093920590514615044976502888536594175375406435117099149478839252448906991027150181294887820000
27870884908487680783199666578760781726980800118946123341584381290249008754028691965563872403170663116766017008383174400000
-71438275002780631604759857410501218457630499282282936776188321340225429205030240244520048150684758649122641499962579200000
177484425451352769186936712410978582745846440439094051812841207240826733002719574651940919627701244821598029326573696768000
-427432906264500455970906757108096350163073971945037154365836516846251362911874951972425765020558619185741999620801743104000
997882115759278002124895737293948946032885359833876910476007747268658663886891428517855992061228534393934535976729967360000
-2258474091338636477233765066195982265995344076627140770328113267751646819931309944876521105861781542462859121487396128000000
4955556324453766865166165358013547326065836459670326534078933910725320115983277185521275599869649224227015917541606624000000
-10542019487333836015991712876288320788159334536200620401970244005763481540915561073110578420154836061599388210623967376640000
21742915192626036782982907807344661625578627480913779579063628261887180678138344713290567991569349377048738184411932714320000
-43478897794585915832907153830926751884925271129067144519086211685344596073883829926725692077944235150299926553269264961200000
84295822254809428655636318651796763858528586882885280190065104287912992388142119245692668314381680393438633113481227986000000
-158451375716799724938556055353744697537564754223384911431646711182146827748876876121150497740623783071964078956194741678000000
288761787106295818728024555276664336792458008096696662593032966458344378889553219043184667082512782270347337489769297233987200
-510180736105947411129809485320196190766637651203486319960222836435520119667328464544193437391248688840159794488590534658185600
873838977067280167852095831257775482454967603272407364637751917078139997354074705707182531171861941093007260456236382892048000
-1450907114811965327242404380017505431562282432994952938834385900587372613195591096336320132584819313069405494668357421495280000
2335187782419257804792508824643559037780714921743356209248242396211629294610655492328278556586218066005197009170374074832640000
-3642892940574042175476313766443952098937915277919635686427258138090141699592622568032114548274500182968107334305783556738918400
5507784378290479572533963889671578698536605975551688415897673660544261943100700621727444103425347909243699483373678449793587200
-8069969686944082000983251310091775060525073389805185883193595567790199501748122362606155545022291132637178691029212681918720000
11457364370352709013741653094574742369881277034908597241571154201183616576555976193823554168858808398188587030473573560748800000
-15760264784502510176885770265519317780571476355652824233565977031389937354654853878937660616249432341688079946050804873606400000
21001529701265989594388938823242436354870618575086457681158496996209202471607839995371143783174036948543686037200262626614016000
-27107160688193574589689740614075518655263975911013711265600485166034814293156357393587151983103377127886554585633940146988288000
33883950860241968237112175767594398319079969888767139082000606457543517866445446741983939978879221409858193232042425183735360000
-41011548323677626995423970278657015116405429918622925406243196241000475262425748249460552304297781101837134967594618311115200000
48055082938824477061120053816819715773516611788303317027260033268540723091429616369866519736060834919881185848455743893633600000
-54501186313756395572003000922380258365744851433857198645888335651783917251293218595964304689691982076619879511605875437475264000
59815213992386626769273210286988083794985134213377163317663417130316950800170797579161775539340903040095301770763642126979392000
-63511880734848390685322968187696091603485201679555633634468388340211621000838815312522200852094384227320126469285524020428480000
65226938703557310169500031965243759690450903764553688665103271564566660464808608084535153130203224249545950051047327886536000000
-64775541203878712867288959079671138516122523807705566252195982487995264890657683461112764527226039306642517870763263333688000000
62184519555723564352597400716484292975477622855397343602108143188475454295031376122668253946136997734376817155932732800340480000
-57690890589808973062040194927396089849457861569897009640559723306404077295909513139416904128842212979034239971930490378186240000
51706294038434002999705468982226809902698728389036959728908002479671485563520082321944470644904267746594783742646650204582400000
-44754704239096653399507113247555031771818352055948112079453387036241529741178893383955505525482278150681386285277142205632000000
37396490638912188012283259040360760158969965349559140478461050770137303207249377093981551443248979557749378966782044943936000000
-30154136675817898033072433961568333903543205980102119096840369833789432518920633728452708264543609180677403238559166991913578496
23453217414525031803500781970108704147200271317857203741986954315169558625827159566574328650200584918304646963323796549266116608
-17587368381714939529006259404083624320192651843851626217331031833466167250256029199436822185143286910961293633914149622628413440
12709621682098686769008429647482306637639221059033401758618128473403284926942833601155516032232453431749372352633272188227564400
-8846556573748518048520199543704558487096634668997289379849394994737711033518348753211005480520912691542153714353175395483437200
5927716369297527714878268617331977533010786449214515085054115320734310043997738537358664263989279012959961459250612909967718512
-3821358090643817324730393666659499297692344880115388403120661837496863353927334155282262266331413887324518013151304156108202896
2368610386762696688882475413218697911792775752137637439950823452993923566483884806993137768387240012804453313936758774447233200
-1410668235883600521079590620060997371289326278973939195538579064802475254277105909982062659842816074107915408577294006942258000
806679741927645920608444892336061539786077201632012010458349846145679210899828663605247237205727080025622377771867613236974000
-442578367052649193973324580437216973186336677043538441293445273613752890523313405069347990387932239954798252693602428793223760
232774781287206496484239917738605466866170155400061740749493707921420205396344766680072299442787890910482125984178440057335680
-117261737816108339509749503021925232522757675918140751174088284319730834995068451646868964315177127633790212647472276133097600
56525034296989842296760157411325017567680921283791855480893218339378757889872316011250634972344362091902654489802325924272000
-26046394096894599967292359682885287066148917871207436951834393813751311086047990758664893284963607251395338384281875042896000
11460413402633623985608638260469526309105523863331272258807133278050576877861115933812553045383987190613948889084025018874240
-4809326946238736729134996680604459433472530838075187588915442529992252044263130136099699716193280274196075427877270797870720
1922395119355495835986315872132113818378724387764630627189965621490654209321604289672861521152441926702061493190379023548800
-730921905862828506273832750052676655968242071244070767587754056779785636337985884503227459873844001178958780847728344080000
263944021561576960598884048630133236877420747949247777184466742726033702010939347181721027176665889314624004195013013140000
-90374935135400358589839061407292707361738500094489167560093987200224333925172526057608070137684553492317631686083171538400
29288330452024098195656231760254176320833625382470030470310061154961047980629189810750447950418694667148160991155120519200
-8965815444497172917037621967424747853316415933409193001115324843355422851213017289005239168495518775657600303414832812000
2586922644686912565544091071682085757531033085242243415223194531136151954878847209026347313042899865876371161321299460000
-701816814060144785472368835851592384019161851827126349708990615784561201037579241474063774895607670473104072097571580000
178542197496900833424170631840645102494474775104820943365967212655592369543960159031001824333442591368357675941622209952
-42464555810082593730945017169063566985111911994800402432947686251974800229678344915798556789625857330406722364432140896
9410427880350713292176181090097189359581587145662139043312506648637074843142015493805774357811824339148304125081914880
-1935632032290515805964727752096115458429892011891289653276505596701589788958469161547900531114696663377294389434380800
367930055724643500307344944613311202842045589037187289465782055571376571454915625748774481120975398823783231049510400
-64305444494808660053716604471645941341675314396135251965320243552308438024524067118381021695191496343852894367404544
10273650895620318470120404264700830865238067980447643805110334768711998974332247409445488673196274563810817443313152
-1490052413965785164943017779476062734521728793464251150280719169059409969298461782983797395702733642972277672921600
194583034350603254194609756493028541681655017893504997192563070466819279759372913496522172327788482458324996544000
-22651709587984074091006546946678651879637305393797128544666473493289392837776768498883143592448143027366420032000
2321800232768367594328171062034561817662823802864205675828313533062162765872118771135522218225934660305058053280
-206284708771480674732370585851841976238473948458634530744670578551836767478241176263458495759204024639579827040
15563318220070558450316024995680807535138638086728256777718630754939673815230815767476292546990701447430576800
-969449044157355347783997191006501429133744063891575330916644732561449816109262678127639887284790955455516000
47866906998846218837639361602343616072635786616895153162451822012254809480707199455439685094965882987988000
-1756438570866753815199328640614922771590932996520780826787488344912490529705288971753323981997095210468320
42578783761757568172200302363578473342384353377699288441502475482709525106805524500334606618306706364960
-511452277248692507357277108960478632066361589928977791527244766277302553364403553645239815595135954400
