-357
45498936
-1449652974630
20527086120760800
-163489260351681939150
833298220442108776569984
-2949250726699733487475315872
7668051889419307067435821267200
-15262418592713725481020501439410500
23999305324898293667489126263393044000
-30562875338204728002610727405168407603560
32161237942668856257160485116076719035918080
-28432544418690685734845941372931574422691327600
21413575465153553138054387088442194038580782112000
-13902763870750944374881810817171094479548572786216000
7861178803077413987333171108461223662515944996237975040
-3905808263671193426917453253119173520728088249634752965870
1718555636015325107843679431372436349120358829839291304982800
-674294398853235198563665888003768428647918568652221935635612500
237381514020664695055565568904772637285337050007960059158057400000
-75397709937028572105286374909456146986161967166153293889930086531500
21714540461864228766322475973923370332014646543852148640299864921072000
-5696253367232627696934159425680125442570742971983859611809240391950220000
1366670089544735552542312881488320455899959731576921478130111135248245600000
-301030441442377141940452885786575835419089567750622844956252760524914347237500
61084615528780861839129594859194710001904984544647986701970880161298779478477920
-11455443734364106801674520901012856466082101487690324287232181051314097885835919160
1991267256541316342809595731929148383239950480823206987212705051882746891760120268800
-321714116134956421635175310439803035667204499557999378871552659944806294699994430928000
48432319638067256397605559695793796361181245279475844661319309358254501021851242462464000
-6810068464308636922067317748825565706345694898747098517828108088864165388682503202647063040
896349573271041484909938488463525655633979455101688862979231775176119200503301212379210936320
-110665033985147870829823216214844952161646340440655287599755251149063349534794781030314201781500
12840802290508066995460478972367133292144748923857853205789782860602061384037344840211664405060000
-1402857650238006319254057327731109312166813819931470462732533777520775206206079923793124336252805000
144550452280524171135938067049413503525668496005738716479960280435740677247474475347643531607489027200
-14070581177889634075086415873830757492495106309114163811802800353248451895679511951027217934320650654600
1295850164286577840896198183617663918666021185867869812558142489800996943029417725920753569875199148672000
-113077285284577729115045326957578768747584487205873224190712426888763587123560789857787086961305033745440000
9361996305927879205785291211777764096545574822393953567316261994246036159957766696391461069601065279089920000
-736373670690448543855545696069387396116352528639660414058240159821168377934078113108855615092640290192617088800
55093541829504064523274402797890966112291150994617972013846965151926653513392704419675522307537884602584810246400
-3925414855352164597283301199349731335500744508366530505986596267074774062829230189901880964412074277934167730056000
266647975030952879079925706132139673195723910357401964062691450051158259757356036696417657723178220285847196806400000
-17287080211807845409069584273638040703416784690438322683574685935057348479816646815019354067050241716290051246261200000
1070723332585573927203527673055198823301405828648659844081319214182040926287665733396043192348498526925414018523982592000
-63420116939011217872495148320901339376576132666362232626769367235859043201517962837299754927511515063867162185097500096000
3595624918715149355523446073204927000236484769187508381247892961801261462452743171454695023595084720053745311028343554560000
-195301423807555280424037178312166054446438752795126187661140436069713049357052319527646618371443957157606752147848113774050000
10171617011364919911064140388829546345863504023125755732882252915304238815493826927235799389467856707473723091455273190844400000
-508373349581214151187021310977545194547719585674216021227161847805739734302855272292474359165847691096853690621697971969126774240
24401920779898279256977022926922169338290540112362369018903768694675507246537053070038769239960689172648977149841502654518085163520
-1125746156689501052482100120199299561429383663578640430200869314281544434714964750451917998830952725903142253904207932188557150045600
49951228540327309071331064073207795420633100686522514496346155689587646259477823601398027545137040853174670888793334520463425838976000
-2133256633680583258086444239447457608750926587035222324339326408261803275593810633248594157845868007053635558914300523949544516462688000
87744900293908393819552971255871228268173649476122480159866561660022020086771667514486968428368357325501339101604273848561364269868922880
-3478262688213212423753217001189770408068071073764417690087210420804310390002183132566459982855789414606201520324531918028127830510272771040
132964058441391499855386134671520309228086927473542836906380896972574746210609770718607057516370897289655348976394848944011534795129540832000
-4904531864357926355397023936003447553676327703791487193082126516302597319721615160409737435172081685549014262109380151967203119813807691480000
174663891456685841547215818241446534425207409590239323284115214011203787570022748694534424120486246019574892285313311887121584704705001981440000
-6008874525838634663828092187051364400563197908428208319281773650020438301877707611963720525805028078688425231845491212196700317803613830666489600
199802748544198492256415530803410699960463141847354302318757132536879545878722119702512016451707743649546217975216053937832124945231263649745612800
-6424718713268900789634298044993647130232322228939185363712272468059572390306828201308272058666320409417835658903897072576935432844773762598024576000
199880137746143580121955939177580132940561136011441322426604032339631141031767988485146241825174412737443776054787908924615769021837405947494097920000
-6019485993994152597359284903655283725248300246684404649728732226853154330979413252834044035122250814062964381759339094135285389685231820273740102716250
175560980384363422404023792418465960179880840141405699067023266253669370243930702643129524777255440073868573485896520836858321149958107886724579980380400
-4961048613051525884751721919230080449132707129367780467230738042461644580219504586880335765244881516302273718112823792325849707371853391666801818991038700
135890072947385970770566212338723700607119106399434681722141133816236092132722273112676784516487108764653057781054313545196364450533101590409880076439768000
-3609580062664939848593165015247348297376601263734983733244373866993771197275435379555477088719188826561096847309255203544278430717285510995262439530431337500
93016626491963062412139934759644332684003456384187709360278458515801680456065661803592180857126620195994087377164020670539893322378140048936517156292703200000
-2326345828563996190927619768338704760426926444168534611100564247480200028206202201707840443236736771101812125302872156970202731992677282623902294078880507032000
56489454509593661126575695418132150826093872679583809695615526364918929786285419382395027370704716262057254242030147786234591552818813888400442771991193236416000
-1332307707487551886118977121971050814188342465889142456102321051505943856157443441510132720192749254201471873052047843187494663619867337975555581697049236313735000
30531322431671952774038184675380882985303130406151637594148141641941426855685305512707338673285520533511680453577797449813632636753274406750768931665162833295800000
-680057887318904875037940010849202417890134902306342894863227041726172691356556568535692516434743388611033637685216341918575276406630229951536073575966929559092150000
14728421700397914221621689578967686285697385660189851879789825978888757680323759538718614243937098413182322111531341446735735906304234868198387667078861373618994147840
-310258181016709732875238198778001262714622230857389170320233292300784593704645566889631224186731055267855380588011237508427492196633512658985876491773943890641252588320
6359010652243306921740419280739199434150934979556406135489079048809469358574553767655251537050355512927944990564197264635538683038438937142851022310738684700746334041600
-126850974327664192070517091717112580428291949998991326534127560611236234172156594018980868309355094810404346446387869990547691036646966075993115437663182194067402832176000
2463604053245877486377701594752088070590035358993388993197970416049787128911834072721139734984828125585561612573911383722849629093078907889596785125505365707181823823488000
-46596376100212534976333500053616485758883310964186053787128300139439169088695094167003319340652884339688538693821781107541753867513766987676218944165202970857601967501468580
858549415333408463377382129931655194394129811894303257158720613817485485870168045063358827686762060974892252037605163013032699517757089408047973742149528538490136663209500640
-15414690387585624143550633199880885387155163822269446865033692162866736359559196496174002747246333999285227115889334221408145843141169633965882157944824781797921140491666711000
269762675733389874691024000374167446984384751112324650028808524772131475614524129710950467587170565677722017867849925059219924930918770659156155169375537188787541398994823440000
-4602825654700964736915597006384232064171064815854039341116545453924493302672817963193092353206097776876131929870189346322939969133801524371851897577470103283687425120349174945000
76591018894224053222275534186233621547806518535811214636179316353303568556475690907533056757349467007218835313039950722813721086386457365547615575689102518640558754002610271084800
-1243237099960557093225235898547850860962522440478602454126181106836553990793750151503794762424293613117582860442994213646018882853427983518941034709059467911080989736922035001966400
19690746933976956577598266550127673564828536155975011520761869611251960948124556501819912289526267451517483592271917866545744969806968775829125543786768267034005687628777058532928000
-304375111277338789659271758443056968501782014533960324650413171721967456778828775316419499046712531674057382930386096102125310125354235189905148917742135253784304085434240417314585000
4593024656073444116954101091173048015538568442521804025352175936066573181903780565082816548675098533763000993170456923986218162941969577550685852776149721324874422260293383234538280000
-67675666626877713816587038411161988593396617906979603533550227875754252183584482303959144724422757395812395744926032521090265620859398408777383437405023838321288570659722838970235701200
973888883056607100603193357490804474906157247040085182210616297004936930831227579664074792720687254358673055926982905865630331301361283610334890649520816418919371620381336948968125593600
-13690709918536199889564149532259377415726502840154127528985134699802979763108886290917998489115190567092003019786396627412810133493912137331722231088520125425935897005089009554935305264000
188051374531402537504939410848932135158782349105134738171283848113839056059352028137479271650697726832064973840978600917636934195754048088219285588312659371095061228373751223855510956800000
-2524370494261345538826774370645584806200616882572130681157819270747712987366220248242511186996854852052028377342688409986834503820843696909003408950489980305986701842586662960069456894400000
33124216222981228154019050201588114691357546116534294048247489121221846295385846723309822139492026481929020338884269502967411554623777724404633761944911404737525670804042434834710843574784000
-424953934102836322518894787595960022168324300129795918859206313071768940217269402738399544381354249895606972843674461387190317962004460903812181377607715941442260485696001432054293312540954500
5331232052449654533970702596219271018891380634214168377313286554893358029891219077398308238789994224431655550480107707741943366163780057932404069488023678364102925680896589333583673356609020000
-65416393296639893643875202775037483675682502169821810956318643696523092152491744291545567930050694437541487749513566515915172426652505302690978505707637481967691511543654578302391502156350475000
785237000159482727008940909711010088713059383254279809752981919560100882109616236344429443509295388142830420442278550501417019248118961723394371925261925770690232726261389024397485506141242800000
-9222530043173108680447310090464842390926011150383190937567797347041428850289231734241689371072323404198729005052517347784092749367232393545094558825008791984179714346667387952646027521078282561720
106001686354471193663864936132420531384304769665731631315356249715313542774111542238640289714683636358738611742417170276736526485423905860050509443497169967901294299354774816456410296519104644034560
-1192518971487800928718480531489730978073428658739480852297757809297277356208754850184703259290190909035809382102193165613285922961018940925568231239343162138889560867741216685134615835839927245388800
13133557981773462202984943472453592937892299414376561672397966107860673607260902695407741428548016383423882383336813033297796893087515605405164684513606849307932537636618320057604723749602893708288000
-141624100230046617707169278108605760459059962795578912494156063337473552592054443793776914389408357511823009801749492835856318882348022152849535193128282882334698193617946054297208926136042372584944000
1495550498429292282987707576826876830447673207121313315938288028843720715372094926462284215952152255324850983506474644346642727397595113934091091639434667237454412924605510333378526259996607454497008640
-15468352623172244934393953419880903978000662728656922782585997391955795255921793137145019187295075653975338852459766629001102819424770467748534000773729172629609263902383425807486531884388193494968037120
156723635626515888932631548319170657825843032275674997185778294826349222612186916229262138678157810801042825302238879287634546864640874684149702514608488429123475815588826744140836553287538688568110080000
-1555748126801795456109803139757816753803603865915554659564072347948289158106315337414704794826003268484117243451622825644612998004324732107705187384597379352371540407060382764947424581824216997244395200000
15132960147986692809670711998613868075378746871149635628019586996691177630168390784811261992126213764175781633803311734205591697109990795406386086664687310579486085494752488458837131897337017922526745600000
-144262133893398101562207186638686865175773807672747051244333168634820714748949893275801178473534432354042333527072578944535603030573580847878613943031819552730011609564810313325487960927762618210375006464000
1347992123275638068067022886400352358895908362125478655600810732780589176821451449805733144655553293406069781211331212460554736279837287221375624221521574666561218779805006229408065738632534267455892682752000
-12347818472974106521942065111753227662542598082750966591343363938947193826743373632009547750848720597801693894299108176640628346000853275523929057810422236691742414213448201593601227176145675223375266957240000
110897315567442284903776022164293221735483213104384121598814079138418371685404502162961464176312262366348050418844210642740015562642168818003303653355722617574517978071755012824354979447128673711071784372800000
-976649004204406881662963763063238850976551261113887032113655570916389496345768042940707022112301274593385150399197940958258156447451842699825493462413244132752870586661016965434433707499401207467936206280400000
8435293448487271958493033865567893725062048487672788836003795382408595374714480826983691409735765655134580371962040499660951203179866864313411505879069217226432052165653535112270907811373278149097734988746496000
-71459899381198691465851397847627891602333389807913512023081201473461876675819546143753859606867504037288660845798817083669055477413983610558763212668901403038991447868560005057453745105668407851523343086517488000
593854785127121275561053036682456640271856704255112946726986447484916581973937582680505447357531394497914972446349143943180053408621139275123449709490410081796746812004338240582653082271958366366374133210769920000
-4841810146621404970415724360052850480240055469014772858171584059948660942874983056147973348984756647542071046177232588778333493479870355947169608465232605898877885796667085518683258486420861357493724753860432000000
38734481172971239763325794880422803841920443752118182865372672479589287542999864449183786791878053180336568369417860710226667947838962847577356867721860847191023086373336684149466067891366890859949798030883456000000
-304089886258557339166959568433119274411476683731472809357466336885075650517263310841373466182987641248879772055161092738223235058003257705261987259658933813479025617459676306000902049239662197557393383166204431760000
2342993776999886368195230858261274442169924304240146484392941911845612593644658122354597225132878207363132936684557922929682856391177617322259016377816064861071096363253272640349003372080309622433879705499159178880000
-17719638169040057043529707172815127491457775417011024524031947480979668207713715502744237882765549275183489587335209795389663445960286784055367251986620890962541518552109959336259444005524056211318843660945502080800000
131553292296026122488548926541780363529680569425519087483592328710664044754471843827631224733440841733664455710852717576718024869473158277817360681019053372523806157959745563662413956685865687993610451450684036864000000
-958869155013822556299371998199593566718385175417937089720905505696556418299162522976984537561844137332009400681737553133163319536710800446788830879542687865430575412397409245339341790300144722327517177772665977072000000
6862373400977004386279742356906966464301869046779865415740834385216750394872675198040212411412202164032935630197415689060022722807881507146349710353534817783290154554619385052852899606945496539491345976784038414086356992
-48227235290199503048021522674929514318565913023202943060623086096106606941744078475115937224646865208342575401109615814782937468622056147445179908873453024977011363953297344954771766682144739569203070336843381076773564416
332857327329965198047352960764657048418547798235659471852474545490643405341617633817961816098188916547380215366825124465350399839234130468943978390215933457774251660690747128796899563956621762591833702641044403339725537280
-2256396426996007368232986852253822942053589551455292922442326989435931995499680328368648016659262208028246070539333035201668832894564129671219663080403604094708084759192982779530496220144177005753296520009008585017493701050
15024744623674874374085740467792897816421738538408635187187631094610705640125507951798158129317921203485000335576132141375309178257368071666877496942092576319116246379223366133899118151657710813864027449621911140473435612400
-98282277716132170839100859347576157438319927436836462207597954430657922947351170329191395446033542670062917283882001899224796115217383606787079314168721433106626149170222716138249326186249010222594933167352228086875611450604
631627285400430327923941237441027868513340024308246590755291836038016491231132560647156961771000952974529399301018485255037836603641676080958767169805952416203227360858080701442529088423112338408574674503871716755744853776832
-3988452254142696672970135138283350047817965804322476535115414615477660953151134067103044347959962112661994786392020135456011132479090645707500479675040169570291557069467994098726713897713093149300013117670367632923027292056700
24748290995234461350285603074112753759313693633469106478278472960304599820106759862356840275430235823719856846310595854353088467460285447049310455601357284868291102037696140667999554379161575220033322392192862874647039152928000
-150911373687970977758232431354078177064409348240667903521170908879629736472652565026121492107244531691164974697765987518416279548208344534070514018442827644914446292905628398872871196682865802827306113203852368831239043103784000
904424904235662116579708042920045805853665111233948482534780321068240237941783471188647125043713400792087966880043468900493811652867392229866547223615879653669985289235904320356130786638646608944289871526890048462181247954332160
-5327627951513197155477342690325894825106746045862477779931440328792602651625818259970624470960624251540893179902756058991971359267671982354057629739112291084899757094405248887097832915043277680812457524463086691722536413730987880
30849091894637661402167276018147916755959356399612876824708238847737229270536199504161514598753297653442605934883666071247666222239362301786935009859167978853796451650059270555159703831152614329516643601611607526048551198480673600
-175603644551470052735871852381186983613199644533713185894901104405007054141591929597176485511334343211586100418560377045452807016480680021277708976254101278494318648452251377049574022989713251228274088932614278190574101694565082000
982747832827563473020255248396717880240569906533892622765067367998789024906684548599114902198103610723170739923300887592294452516848142919140630204668674656644774432992341850712506596854806398675576869111625520013994952022666176000
-5407569950133668010293954504302940136023735910702744156764783192413336609549031728666629749345065118004246996427963133976600224973956906412571317701189382298187871317540361033545567549193572208712361722286719423877007223504720633440
29258160273425803557733519346051942284180937802045811752672108970450067522557730747407677122757907781976804029564063095196163824757235375936193929001636712190104770478606788172447543389751731570181144094509221618007238721289461752320
-155671579296493123124947461963954702834673274751660628540241381218743081440071719065444983143973523923298027192609626520934360044588375188817425395404711102326690651695959594776881307903665667601015872058094715398130658907634393180800
814556163368612850230787736815646398518755948869269267631954021732383476653512344858067054447902932162594205565515674983616632831481057518874493486640133402560315894736548322222421631653979482288067793545705635855053083432778134400000
-4191923797335782363362174563985728883349344308048144837809061994653155765052385361537370253727771296289878253207603888142683340053329383247089787010022596247464264567661134312756620350052619236757647494822670019241911636398632959887500
21218611091922154684349872332823648546091349281318229071057865099594171183825686550119053121651573480920523339803378653588439085937480441507171628668472998004287129243698861265199075583067774061959375837764938602986977597721194488612000
-105648097720912649798935306825838444883763988237668774910798667508689630805637623879892356209431715530612586959249014197846772635944952697432944570532512886901341991368994710201697011111734474785041022508421196695009236882104688246381000
517460070469776243913152523228596464736803207694704203644728167389500232517408770023962561025787994435653487147342110356800519033199768313957279529138838629720858733235892458130760870751352529559384600041246677689841160238880105696560000
-2493394956981945474060157188831364767651839598070560407856228744846822591355456018634912732992457718805288865091591628817043041515662415389728865408279707960823960692082828227420158697199210314661488660123876031627752248786185206160675000
11820405947139128744375632800780301746129490294028662754202619834135326521101708709035056768703670554876764221123365422716821135689403085218602028128941160463979109721198752546259937055214742002499543196284748640906160473863718777442400000
-55135101499835752115265701635959639464646394527467294550702699954340817025026810102423118791941400936167179033007825677720340505309651750693647300004633148868184159383559461376774850400343642596458869284750581560642694914289929865502330560
253049344403965255355393410148673494614109727402762924439363893900349011886978887925896870108288396349634794589983024495508012508207729327950037395328487775218531464022224047811794857449022477541959903202077929001277871031560571052369978880
-1142851187752413199881341991947859063171281142046455044608094940661007515813141103732154990973396499182074214053487651098674842675248247780685017833083061673527426662629802989478953185617999065924333712760596498512739761633837767765735173400
5079338612232947555028186630879373614094582853539800198258199736271144514725071572142911070992873329698107618015500671549665967445547767914155634813702496326788562945021346619906458602746662515219260945602651104501065607261501190069934104000
-22216859177886673499988989871015772605450892357321812024199605044805811854696232475674675077049406692088623610204163061302981101409555009657577435745058232900436751559111964451119778640526207737023089714547133033530487377216111610285228302000
95640226581217536735186734169404173400464228560401710168192297696316182529036551407457964419095019260044695453142782953265328509143884175601468833069590121935266205754405652919567616487732882788506806686256927652855655629602461068975627550720
-405233016250373268629820419148988023169052761322678399924918326444783470131350506462738867732829746916542927443290260464334640802241671967406075599289309921232376079633219513868153173853533889832811569602235806256940549759007173249724025461760
1690046414480845957854093029677308157806751749116448517679484115320043033368608546568605444559004340258047504611555794382473977624668095186390708410359083934548592680688667533191859559095431209169257550209332665958598260181992673539357775872000
-6938167232337345697431370138859114186541618050320430473256766926717457549863076706260356072169105904956977988708351850155738086719440383559415628562556109478938171802610883357601655460418813790727101427383570672599220585433084407453976993280000
28039186337306353989761806271387918919765200465374698017946179477428472091863882794399274521631787195824711330657604201839778839600956651536662946045616573444252803952737183294942681661329431880503401710095512379973781447431959485018706595840000
-111553245674543548730595711208382349767936168054607328844914079437367673987665804637764519951315464613576211887349466029421079493535852890717093140304687593309519680850872241461195983770497707328023084405137415640154283853105376624596494065613600
436934451867021234347437265829429543892559055215777666099550042711201929116150372796688252058838644006294727846102256357203169585267083534150882772611177114059215082652187683001130582934728260082540323038647873736105247908571531883107628929964800
-1684954702072926536432418399949223326842190183779636438713799804625331170408474259978998420576694290758156452204876499566786571325901356084199820568591456326336033472024640087567802950994862580462333996080108141345165813694062714686400990163736000
6397614902522369264756007685154791268464757640095213366609511998592472749098832599897676264359852461578637618970527354296263664998943460490574650869792092822491590073312721293004628013713791904740120197394004640705345601470023209664049527182720000
-23918031353856774118047696340175852409947084138328896105468703896284537192896152380187055376642483810570967746146023091037782581299775497572455118564478149523349080035760487216518975336963225661709299011323592676860671336429775572626010265719960000
88049982531090590604488974031139931384188670732043169266280822012900696257881505092814230966707669327113486552423839055139420438133652873046895933994720222509757142240736788642365391521461977179766860757057695222981962314870076289839091014564454400
-319189174952033399885840364453936027208620949536797369266823564861906272727847190747441282260027914504766566707115494075157574605402997040472985031736630395818230882924006388004492889216628004297374474582840918453670241018991019408509809795249203200
1139462664786275782302494413031441459675510119971442005242387827374641920211713087985056978084849911007729190052006833881555026272506091482286578570751870709156408143135791028352659186432194919425099598030321698205292738923975255201378201556707328000
-4005923430889250797157206920813661381671715265524600799680269705613975500744303824947465938579550468386547933776586525364841889239279227867413752787799545461877997378211765334052317452300685263603865774325349720252982285279600506567345239847799200000
13869883975833347320796956618655556412967073252939208146730944667510059497832804055929589710943404877903748190725082746412187414414545859225965869040997214790595266438031058098587779427299820186522148338345477509064000288040654560184574632473273600000
-47296304357591714363917622069615447368217719792522699780352521316209302887609861830719900914317010633651781330372532165265559083153601379960543613429800502435929858553685908116184327847092386836040525833758078305908240982218632050229399496733862976000
158848037288408983422305045251967916799628118921516682057004220560934414622837430685384905748546389668946826062488479836065798927476792323216205573944593130988263039870058673242167862563087757819290310217903401192388650538002373940321085659698341888000
-525475364022111450872900326310973505191847142315245743966627840900346352320983814021944084676902799653578999885256729284632889806568289640060639483980787140486964656465768390239479376343178184795323357540397389051281614551838910413383012712492503680000
1712197450614330872702904868917977086648699699909210630212354139617153138372225652157438843185257142644826892606175824111644205083248341264282587539771003439483069708260942009962044464599109110937215871807930548307026063386525795833910635160622438400000
-5495420890095995966876713397653804579234842645636072287277879799478716538348668360982124610544358314249760986762449575782824756921472158332478923206571796711087605124879129275136799668334298772529464853718854378736908563134458685380122808510475763200000
17374322686127500848877417078022268557708878508443006143457744774031910207643149890081085168697043246332044335748160578794978751482926375783965363609897392481774572362817855116272505831405718999229156081517530003814610113205904579697796271386720172933120
-54111345315688868459250744375259630506451725088617708279887623049624886152568362582185967506447244741199357993370102515434142080701586914094992591798089848427629077981602754927432769081650436757897545669300125001872639509662746400993850067455160616069760
166018146501452776542602111441474534274318995675506212131341515130707780554274666009119831361349202480898920818498332336925204660124374674672370261535076007241332534571536174267446703186448337998950240663063871019821829923354820902790668980299085142092800
-501790424179763449867513293845247089217906786417903434060027780472548624061990701627425850597134401451309340745596919462367195564853261605857831653071157487484730784409896532278816864368458057330812706637366229270711953749844540580600568580303682888288000
1494173739588117450296798113017300779878969154475806960981215644933832250070422548012529120619562403597469541582844196250601710135498891523101151722986579493959089749975949825275658044245368319772110068813639936402112483485695450445177711279598445023744000
-4383324684386141220162356908771031537861609233449721476367394007262833998053814591544533345239777373442465507960115987945167961316945498159853128707350351676583874124860001695760062390354259673642570676872458713428530538359008236708756058006621993859933440
12668973710056315126361626659067532561797260617712744640098769993580880486179286225822434400478130702253294283377414079745797256529987953046615581058013799931393238092083386971341802375320171544759553501166001363118363286106583190912325436358201012014571520
-36076589337068648843559365856072485475532140072628747680754633487637862331205807669686666007278700594434306946008168792175532128432288179903454132450704977615283999004823254319279540787709068378198432677136912165684688351708835269979624948209374183621376000
101219992657618031154732539515559459383110868679990358986046324539354819332918202652923620832031613600079055231476829398095284982755465895778570583925116895002301787049275671887470681489836784162427206973746133568865398116592378451649364272858335521904640000
-279816953355518796959619641153111899871322528720650332838522969417882667941452426184282858120638433709599451095215350125706876399782381840252946498738878354027363869190183658995866123956707648278415925753007498792261909437802176170404624007255145218029920000
762181319492034604171324512106872279141100698829916921213687810109939922167245024940937477441589403773373242626745238863956109437350263394470144175264666053348340959572992883162326473038425531135341015701924647696415609800720820198971531583706461878907852800
-2045635971175681844754306709523049246591762723680606887659109556946995363423378491757453682300956784268962472471417957689759412347851890593326867184236618020914368803307639847967149381461351770219384302548583920469281957938094875648488369237538909262406950400
5409946370051390002656017744193188090160033649403257884718306266306103440458521631094092382944679098893123894139287160832421586374484338759211549578146427823905768736020204556607337207170517078266140304260717806199753938348680662872035356661259925322067968000
-14098096152489341223252391193099637535202294569892685249886249396166921044121552026706693609413752501232208472999633429958980030925245586844080459877070414631078565794226486551785841825103001230582357761541800971594282947363208251862517443562849293282850560000
36202518515034357709092560100799069226198484821452821382423949066700241693546701500678916922939018768596288424492885844832936375709272618068749822894205509176102983767890237071252532094091657481001610054329562988785319173475892794906217632852748802504110080000
-91608417280605915301049758245094021461052780885177113032217321974903057575174449733670869307300732008102558207451540970627254985724829484431086636331378921266698932526676046155729849148564510228033686339416932118076180642045687837171414807298220231577505587200
228432183963766314056793794250149747656836418178306285965701196387516278103628446132851940438763547855406198158368788657548316426123633906409558102403795885797787025961093900021776621182166507673138575667445505356683040504525976019621426556023806859081234841600
-561320784080885730220124399201112600138197887930823429747261362705163901150639724200965522586951930948404146597651820761285108600814056461917041577317921286756525003979104029228315842821900854426303653342978274271243848310071764804074623605073148446448395674000
1359261583508171839938125072027178086189305739519457525388680901930408437375169887055413303373058717590970335394458756816771370930586804823348738228518255525395005378907223910343743161495220195689886695791474679569013802184447184765430777985384788581428905200000
-3243685848645430902868605247475208456130303868196966700173599687668077717769585850412047906680957662955622774279480399776402570341927747412036885602027582195299756034004530265163742283010155474425969651639911664261128616632791874942545288107167712213409349100000
7628227832459408627432535322819803839079455440095872457497014555424856852960616570341800710244259251864394765737495207616174186726010437464141655702188415785206716202099174607021761733488498176070162002057789892567709807068265105190326623108359381905901844416000
-17679196392319828413322597808116815785213482824814030937847035009192557272741633046315117207288034516119394501715597949283913899593317557235134423993464734032806892014303826863467526874679338247346281068544648258667766223779384816493397288504960455258958738908000
40379395712727191902829628944612707134977018670708230109787966276245929466253146260541935871937215066320264078746440316022729986857472964346474151428295344499162640319201505145140600947501263682258608928748424892378334872730672527866596296041631960477056935680000
-90890719688542267357035011892086224393583486700251192889456154577270738846788819808221689904578602783579014989005704154867508613667934438801005292643350746743409019359451505497728097403638634160823154395403651531168405286300331527945816501994536586886488350400000
201625412065328176126380943024064812518055658686489401604831803926771542794694685551189591544087803270923696592363149885023128120337888047771286405599178717707002235617512079365784144357840628614428738348208883101691423640587649909522084999550921696038085619200000
-440798516492522091851897177162786094747286232411870292023523410539806116146331388919149464773473357705975158582639127357384688274885699297238780622081064492118990962562895345711461440998720128292579468495312965458995332648643734923444920278143213784920863732835520
949744542551943344261873356542318357851582187544577737681336250109379540068460056499446117908004971203428766721159643528764692580684892760724768584711083931337687812409962972537593017896997344808605172485334596105903955753549165555704893947471856477557272003560960
-2016729141491352099391481643407733901481480703847660476458175163972335806519746142422176965153884195910231484475906217859764160098359046496740456181312907245141504766842987005085769704825147900719086245711004217223704740865264862503040156261118983543229826309884800
4220503316319595356633778468962677368141981021131845943598559201654353174167364103047599831951053727469687767749815628339102166198706209077601905920464585911354397609564396110524321855519929019340775020750734152572794701454062019031332550558346505393679541385728000
-8704788089909165423057168092235522071792835856084432258672028353412103421720188462535674653399048312906231020983994733449398217784831556222553930960958208442168445069726566977956413827009853602390348480298389189681389071749002914252123385526589667374464054108064000
17694177698807865487191803143631820046658684358599798721351560977082106429435464110021355659535045879398022099620149104346969502820974440422497251598070053491107608605266442772753092082296007950757718705080537730858845450686182628127861703396154568609071204238602240
-35447146967403927529989555110037984674017219657310884359936380746174972049335401790584539275239250997861816682887353563197495483629925066067437054625948003050229313091703178891508592166844908189220613165119515366988006133923660188637805330163476490271537616314833920
69985965447090300101218613323746493580290246750414264436757399498854177119040700867778758493436034316299323003390280086968380076900083096205399771788261127635403390687252653135933788357139705309530301145163504400270375479706449437764202920297559128030341019399168000
-136181779335320287398786264854373117651089460583478754891097024704397163941532022063469738900007224226092328657553872252252058912117083382351414103827541675064405381957432613818615615126798402632276451597300055887961389602419735713715315801711585040524090669335220000
261158748457249372377498862991257693720300861568115389751091219647854710951082951951940960330024613881809074585883399437436195850603782898120767762858577208323873309581058473806867810900429216174092484086963006378579924548785431223335193197907008898024816904120160000
-493590034584201313793472851053477041131368628363738086629562405134445403697546779189168415023746520236619150967319624936754410157641149677448251071802710923732120555108200515494980162601811218569034794924360082055516057397204465012103515144044246817266903948787102400
919396113923735912272076471601328453245482752250579997035474296017369071625303998216557541858656621149173490070256325256736590048580787952908258235045376597184638561443203260236017046432986696918149131274844070993460066212245274691128238446245621168938474218122163200
-1687762023390838186231925713987798238586208492222189895323331407816683767676346261411024385703285522603964017404914963405728292140400451896909394928854102797942297181200415739270482965823103582886078098874844474842368786998070852358302227505506741156623104649478664000
3053439724920540420241055844389748053145451586801502052241377194859780988138916465794196071734569324766544701196751530700305896512686395814285594475530533131766266671800791815541917208551220923610599536151275860059988759655307711467509683564812830658282625352756480000
-5444198485870750435276944118743036461339102943861975872820009871864042646181040837223632890325416828438349953856632735091974787491273960114941515540887733029262620590281903531191461390292445673761382739220895445049311341430143256276892483887624728398566495063512640000
9566242894891635118549151089254394668162407734175124462821687005565927526087806618986530186777537187086566504100619519201959116045240370716625411753230183397919461218497724876527750350786665384653208255499794735071611993430437119477216119227440366456358355760708505600
-16565617759923265520682046552514795705265033609122317188030533227038065471005061731991142262095283821079496046935042712939040699216458874985174830499372561026836999104640060998570527565395813109188242768059733282549741679210076007242856694117425187052223950552446036800
28270148934728569671091109621357195584427320623268054306316414664248103405253175068122240697020047311727756001012976117814804106883446987487707306991645161377744722717595941766551160465399722683734358105741896548784158536841336786553886553956896260942400914574413632000
-47544222994869559190345024334798709222400336689140207904055623306961317748187442498940957994052000702589026563019992345264460446146357639823142128425789906639092815486993006600698625961557798912075342387034363304047930962398868838172699748022155829808547115086272400000
78797256050044651298391303232302908585520693120376490187393369308891416466877742944388542128629624733583464553310672244956974040226051918731092377229607141196559907371199518539570325481793672357186981415328860330521922735955490632152614782235256199825312088654899200000
-128695130030991314886085415892775054148281513852740520099654100216912346700211130206838220386901719123244613418897837402719087622021264010821779366273206919513364961111279973988316005351452644755439539130172129757591476660217883863244463758696586102065931720993411712000
207130623481832175437959959306714880049305158390209594479916658337279043209807262818106484883060755038594880768876992742837821498164401248186532471161611136731569641551882561685337002695829108718813932801223782805117642908753043850902332203345984732319132710711289856000
-328511589652978897676895954451939140472647060010768869258231588323460279451639166832588535648170682525601997713238985020370065688743211256482840487954454478180000426749105195076178208256624508623611944188938742451140746651300253076166317601544900913110238786071503360000
513421157630950148353040551388620523186352621288120744811875546351210217759886505785935389623274657561780596076191636988138943178610516576923854546116354683266295987591555345197381213089039731549540917821880976156823158111746780934256594823786315811034361407900364800000
-790688638265633187453852489785014223696170003682975014226882555269393079499356464476972763121000131811453125011869347197553821672528110001766522089087393882334910910578010526734638840860757477200806667387799120507138789396703782747385400426866230501954285097909057900000
1199878793997412424552192862720867806839201271366733283811674576316362546952267872137855912177930155580900244462456310698367897208302212795569605787102221187486364361367804063325667048104431257846415237835067252026477636673824620361187871652218692189276760461466972130560
-1794156612380851654403724361825139733176644974118793975341628600849901260834551534943700947230892391185294352931536843467899824056105899010025011801596795730908765474405656271602536797417176921753940617103484831212666938399444117214445166451854064111747866448500608162880
2643411865395296970683125105275953512444854090611089650642093643900027241408898921634919674625343987633906097043650704575733172433766614000681148401428879502621697972343290654584109795647345609260012258155535104226079954264313248441085156650134109867528925862527240422400
-3837432218029703098888158588597449827190114534240648670469867590737833867592385293959280033194859649638210288038609965004765001879697551661307380426935795469093306353548907918747880996624479386018906299278767633125983451611195738950571163177177027569118774819475573224000
5488799142082949791983428985212286505556265345518250519147305128545669280531828838681521647754238717798342466489961218418363747087056958391551343244095271763424624300966733761168571495486526759339183533805644488577902151721984134307210804667982961497768178746767296512000
-7735056469624609150143150234755968746743176280586768581321596408845956506509778980999409401104550891741940123522875593041032116854310192648993593336560650561276792382093932611745857021115786075273663388689546143270208459522158699971044579909139164398811341349579493150720
10739582536338300307636770573876055780602095992880802658363869394100171017302833626511576689136897105889635873982174377114821451500199275744057220500348671853673562976791575857630611401218612071454342556197055802226405133882005467728392474584589914206614093774622767349760
-14690505429509277648442279159884523759788000101736197527534926503801744410465984054546574645840220894417442799159066374016771874381357232399231065311722855328974362257845566522704625527919149705722836851590521578457919849547834656686662008421715822559861077849223417920000
19796963974707560514285345895801207579179761783105605391782040984695529869212757527871712521683408436986868706118685109747223753057527217711281193947312422329896744143085738304280248367488165051312102710721556092025666639520337149020910175839170542439157775156093964800000
-26282064106461697283675663839642727418973526614422086579458176369721531024594254199970384950301921424316722310867951944679212073215918365787971433844911642859726496128156395181405582850789268428574597895216635199752023249080500189454617273217123680355206665012454134400000
34372037990495058843208531374456429970266074897238945787501807698085429727846001183135556046185712502487115476326427546446562476703422146684842894305385214918983910481846400825384098068182962842650461899214599559382347254714170134597922642658823733634666295588220686336000
-44281399776141768837559999851180914601703922581542410174709444264592140176352594852296853508007099777200481125625720980684074213424674111086568733752770492065531681427821114593934666559292087992830698661561784727527319063622268200010857931964568000565358566276601531648000
56194309602153951160627335174067111624017796322034271524386924944010535202165125978239237267011092811316745796339642712228467836936936221728188490838317945386798736886451406438705745737797362105947625925263473007853928374281103051447844066841752694196064708365756149760000
-70242887002692438950784168967583889530022245402542839405483656180013169002706407472799046583763866014145932245424553390285584796171170277160235613547897431733498421108064258048382182172246702632434532406579341259817410467851378814309805083552190867745080885457195187200000
86483810807327495081156650533993448694305150026610752782844392987307052565997377930130973689937941720958231175158312894242128246093836999564521808609732507815925438274679069694624080597499450337596607116295441468469369292957962382534969134224864399201275336783908249600000
-104875133699323232707008869499112993018203479586957195679321145933514067963235257830585388563688807140055755023500572870658305830927229524003164649471895936431155832257778790609371482737061442823451135598370143943248558606663554070445921164174870719093921545121861238304000
125255733793403247299801850164674680182619771904547902926656725110036050799292425495291872279849953921099630076448197153833876119208692302492235419578975522431714635974890224806578416599309208962951023126112500560514901834111627188903301584278549474735406582910302342912000
-147330121275161920125791449501291157441086042409070116336021250413305671731938712011528936240650639912829520145757360510584088458296748331008429015738298764816417299008440563072897244509313142193376156479104221042126033277146018695915646636722694497765666321695515622080000
170661320178514036420669869868893887601318994407702009473214678119360326956673405165008369978500969873114518077694854424697313257591112226133830288006564641457822202783744593713461219062761755931970551629506489852180742707866139626422635945601658006861616223881408128000000
-194674184313414131877132371546731231333451640473163574465103944422200313837149975896452792098057248840916861499101226964264791643086287365853043811297195385906427695136597127668340025702253075964255510494737205141950261682331919182498664253118204115493028463659938024000000
218670757236945179969742157753716060665166903911080064052231042877508270889729279047770646470960632167429878712459827185982329225213658298296970028036686408985505721230985834833988469686775700021890271380210934102304946999909159832749520010033182745239516053874346711040000
-241858182863051948755944739323971794046229367100937304633617231689474867728571779934305517222566065054904224863855403745114601791777807371272243619647358242656931298155092452953654409437916549830874174338879940053367324633897147780511329612524803699635080442097489067520000
263388314337575955602369625476318018594493913196188669210403856372809097213301464682837918409862304942677911454941943398931537036268706612914944780104090898754716770467051460837594436280797514641500108886806589472794588481635930740336224810374665341240714395793361203200000
-282406711579595577396563881244078299561230181869840364709288539095097813406138870455738594718040610357779898395163671589531416003133777601272698255787660547580316685556219247283675291046715532372426584946352441187295771615203587614975812062957812596385908409706575256000000
298107360517755703124954644274486484890298429751412270600369611888452794177593535484704755521787098058030979986882017680225353051936250648345922734226719045145022926021893796813309147407710168589386866850032653841488583420781026148367557747398637422110368116618698688000000
-309788399332283442596202867055737963314239883422791609011574494760689928464648360579137426662152803708336865906688002661007303285923320693750709370644658804209985504355135683347641853039733883835393401840684333349613472073540909876965192130172705630858340780900285777390592
316903585025110765042460951032653454067016904602023358638401819627259003979137752457964935056942332556545044268412063229101104461376584055345878914926857837395043662555829026847015478241690915150925127566680273578449374584460001583318561648313051102324698761090484560265216
-319104304365562923133033596525935769720260077550648520851168498930226080395659542405589691550393320977076607075831591445969862131247254777952447518502738794599175910212466728422341974618369324283917663174782219922744161907963196038758273881981891734979731391375835147489280
316267666561754000899243096495889097330895644672048339495979152496266814671384357984199253729271700585632332217200021267826837688548889111114113180549825011004260646844645116329162693836637815503628185908359512441982996632367091451183816261352797445157933407315892792524800
-308507549440927282202741425255375233466508394912053105423467914998567168573907740731285442912521792004395802024692307930562129956188344572350184214637332404636541870045787883717886970847869174206240818150083532712990822851149453876516695219414030653111231680863833484902400
296167247463290190914631768245160224127848059115570981206529198398624481830951431102034025196020920324219969943704615613339644757940810789456176846051839108451080195243956368369171492013954407237991185424080191404471189937103475721456027410637469426986782413629280145506304
-279794354128947228852807566335488967230643568176610506583249546210541344354243407498477670318012134399924179063790647376536520780920248693963627274621696696800716066408372049481819375382384631581508609972550611731338879128660392644386398698040735544327280572128747888927182
260100430642664686090060176126800142136315691169342232345857199008724409807121155814721327461822965558227143401364831396680379353941820009528784912137536937479204325235416794170747621439816142244464392380120933856745858052351256012435084256532289094788642176697680818485200
-237909601581615278718125620808248101886448844072552758493743097795297543583717498524417222860902158193808359263146712330792694203544674467882940769417311706604491246649215063894687352493287750443996973289821270624781737388339135603586174282780007534646452721114090148330500
214101263074178249365033429390622104838644978741698318819789259666768863181256360980337486168467099265720890147696676107769612314658173078474640633982562470808424555056123417617424995085266989442661994954755153695932140586145956949319332882677114158279349709578202383304000
-189552462924948136778814877449694413498344132140708619571679991150835054623298993318228080025097447099913159089489620833933484133431612434521135610994413924784221911176833290251261368799676687147246712071703272093902998253553984873665869137505068125131076934445944296425460
165085194292675137752140001605018572305599751495778995932952107499842076902733117182422975759736077590517577581967972062001522976295572621001892713393470285662252720105388432994624777794618671115689037650504421937245153188985053281438156870713886785686888512599770749377280
-141422918978800207964492057490576265142340093623758578402150933534295981182116732065619472780596702446104337592617367826845748479416426023804211599136166600844484167673756873175352690085259468488988023119834399685620028455192967458408175729595159262751551176846184938481600
119159272478776274345018680486211810673792893585170379061101886775560869512263631753882561171235319558746848948195581791677922499680338137999818589218519705319095798580672708419372186646748136065841952137864488624643051921650539164597268740632449245083207832794975468992000
-98740321732477705639460856492771331236276988395666105686349536084552440555293869442751084069707779649855182037780352318852947918446375236511471576319116858087892270079051752314967887617792199010137888283661728241778727296130101991118372095640292717678066201323005886431000
80460180431745165219117238190706253594371155342877853069358004313313333689371824634987369666143937097661985573940090866415679482878965845982662149993380464040178672310482840505115306529591182572533008460580402091955085664560326896970562118916626706677246853748774494056640
-64468440969203016730276069658342891557262760894535786704464827555750365012883103256703868908399262619110053538122358124960485569038063354433476528768934346879838451428828702537685879262283239775914605809481665665091436366964195443071288345974056163175605685448290920791920
50786904639291355182037959180414044100153973990898031692445464454978194379546845640933233428659436781119395793193222408755640695719923662626548862456526994638327475939387842928312067491055096099192922642490290840824461927768789239334028440711792760789771427496191812364800
-39332556952558777456015558579451592825115070216692233973216180668135470906135738594020259376659350230421118163794455843270111852576029652116309039793722350144199234923263098168959661870543825469447626447824159445601201474884981363304123023148160396509955386144960870500000
29943642257605034928994694531927825010018366082518784775176309899617844160213451550799298635195896760595328386936457255898397226886144766874189582567357786994978613527351992812863971657723335186922939784659378609185597032219895431816828527786872209103528451955523064000000
-22405977249795569963535412784940067578484113188413130187943656086615278204327620969061055435545966699502257451015045361481504394093447337286970748140834018145254984764108694868983769409563103033079004695656851080280728841022813112622444161347683019676109376210175961840000
16477199647430715030985697004248895981519450784709036303842008931331517071653792204586667964256567441983604804052512491427037885053293171282998817630344952437860748316879977022154864697807547127769650271687956497648474329679063337733867516320116345456452324864301729920000
-11907351307713602659110757600726741236644915606137389516448326766782541633812310772845834271044785065495964409178573480132820346620543893309979614303178969535172806400870295894916601441774985229052286329149499812753780277307135615159240197340709077771264375390218047012500
8454924005477114314161484686906561824836626465896371254282835574046775124600457353500000665830616614553347509475910163407919772748315190515961856309949564166986608095292517795207054278183421464415824612413846020890258185070155466385259311721213546346459911519681453500000
-5898153004140509723154928838874705131495666230198607433807807388773399669677390284176774666625111672891502865280273895627936787497302886047371600784817898184740657810415512740268248890608188134102109627923042752039073631076232780662198118343746564318865482258248664875000
4041862893045656540730988854821060743598431824314877773879746249465026968348576186276722913364360824276750340367403826340789369590217848152317168119965656271418179839563286376881477428190132123791176586545239901906419198107698348760829821951025744783615004992416248707200
-2720521373071964238249579809300045257121959605756363265334701604820682731413260696268725240717954113410284344172152599085949555594928057765093443617609208858491182720462197836613158897495177541261617794606360080477418498537282312487056651187971841686230468270533479310600
1798340184835069219773732069070342314395154259849114999775522493405427258758495256223197802776194563100908677767357580909947496510768432924259920763793859861364970058020340083580125106295604072681636076873601679701477488900037259567354107941637865869822483685196706208000
-1167301580822049161662818555521372110677927041112401712692654183035081756063608438078214349364264275373390143111116053081459502128030361234479309108168818642220559533158096893183543501336874104679807900682731590784957018667128631103414921909997716750681187491174017480000
743920258236921607016470791771742753388453445555735719778229836615720966518974414462610416660402900434515720757136279868771508351220181653884836605876578605147383991995309293008173404944947400276922320333358368413305941368159673331254832878703597494479674581032626240000
-465415111559474080389679539102196560088651186875807159686255041532710429678433368048170641923164564584343897798683385092900174912232126147211700901551534489845332109992065376438238486468682717298249526658557329238574529568454895627866304819738938182483846409758536791400
285799925650584202453550252554898073803251209448134364545372202148377848738590913867854992788470300623924050055882777274661461748765989952330909604924339918993179713393894023286651736070889269340022581383469406164055695719598801676827565356308831379950567301786602651200
-172236827081186156412987222142918995360153088536817054233149273024005437362267611628149370371050741378722902506516046739200122658689327353571988868970361030855441599572485929606317394135070774019422843579331664534132704810645497841682524391392544940950290955411233490000
101850892514140223597735954259494357780180177965808733889572220534866180292886589752764476779245128690535737276137796371143575386326793235839745693346605631501376145984503909727368200205233575866347012347727498562056273643473770152980863229361721689662822355732697600000
-59089327680695341732900943608219096950108746622124678695878210120610905257451921671061150589307891623887110126491716742646812674226215481608922091707594194044384720281849973317208145608553544875941972683832732099463142389891243388817118789569567583619227912266912800000
33626901603108174530767783531502856724183769822851229892745760352294471955930534039065935670546851122469163170045590824402662592224470106763814278449884075414067581536574123319355239428867701549344927612649851752115534550081044437115204665177761674179319064532173312000
-18768264204688462661415492463735389481504739152557914791597660000040338503155370317441893994418741678004849946233206488171240101261965545797941381657691790489491262407565387694979274605678727307352975454793677955393057103218371579143484260591720300641944022361574016000
10271744835403560766509371247255537372388078536795527429071890065459316729864926051187711168866890150960417579140124907268019567615114992346285586630027630725955955630553335323843505435588595551912395846763940344414998533587687003457469077777741033069951517294853120000
-5511477670472071179512678040112698817975157157601332805638074693326423744485900534193058998485977842502090378564227177348128988916747356461847029718477282328542990515742864927995457289386458876324522294080694987319028618553723115461934091754658138946496338218646775000
2898770262670431900643346235630208374851985771471981268017257278150921831009885402066937604740029868720822621251773463518739122198427675370936846080306390705669669752224621000191382380576961069900786812111645806479212283806802469031882290473038190726184925291468200000
-1494159240386451277776318858125254492764075281897014458826160353752251016081421192558854675717901959324363136844745872414670894270863749104099183599705133539834417527814329319111726930031280444936138020430769727289742845312022357075660706417547354694285259529843698000
754622670880690452969823277055075921948654026950219227159306408867116253418951377089985909130775864673118676404105897089437356740901746810785345994877117077403884800953735032885421019397241436320175137962272052724078860763389333704276721957294614678206350652122144000
-373355195288772832127650531790302797985128191580209679322050816969169862432896226338678171053220349165363006240701905478489337752333226088536543216291649276485772193753909180454488244784113224704055500503594090638080159754451808996937904810570385159037048487753010000
180917379631829722145980292402667432307671991167476879868109284743182404887750387490698923875804802913011229712788725179153588865299097313691716826028638771585086876494340317381759962061516268654133523057339213858567189434765637972167606380036203364231863121184000000
-85843450539592674283551873435959546962313750911098723610888589189367161502861153248137754696172687096479818180047711437047366145269469643741477881738078600803127956703947191410733043223066392779767436960880341269626268456291858833732588741547790371803894236072000000
39875158225940755705122676607586655862161115390178164932451138516414572095279049226115720722069344477886816088598088906994573157786533075307158884129618952701702321422583869756822436532596792435843939921937683602222031325218524579084242083175270071701242408491520000
-18128505953409173233223972531386952873418824293929953932550289907372416570846082539991183157439145801995817490608195711197895733588739179929579755199222878731817345795582807752277073986519905417925626128909602708721125979015584933786781123300773063893302465958760000
8064512392293030843470719338521285024804211194932619033355704927675108279654006721187792936071286164340553439348202561047120232470860404498823358092910085835192697446050509315368640198064155455785708593209454934192848614274864841476417273501823340330047826913600000
-3509448689250080817822687591067463850542303743391863683438034513422870134985238162023132494194798137707093010040215395383833626681640470382606962225806385603137491473386580925323421247400897342336366701776714854419650406498042338170084067547384836122862689418000000
1493579531868626469016203593527308023237252075799752009792399829607200846701025062232594100056192654930923310097315638119977425621447820685645906631553129824366341266645928245172934660922241832655273210245975400509601219968876353538499106296829993454241894464000000
-621478443210535473757642315266712868469020588740276811274617569099556272312296528394982405033381763716757189331493037021722606801084438187297261749389257319918834601051370742816458112409744826567859182783350364152045067629049450707369478130110960276310052286470400
252759215410666671858164965430269376467660077194531185548140839352550739198943747621972292366199614015684914211618585094827149980754730944752591041395739050610580648994391994915076528140685835359129316091443739233281714903756185468870658493154917321679372265779200
-100447982134112687179281491733039269659996705165516674928647479522095539036289155437901690022508936121206303622649397140059756710807149062459515616589059272503185119323732926798133291987842179099509254656970947858759437707629522195509155487526862619230174638976000
38993628982559184514258867489739781183568959166301934390495443476864849973895211796303371482122869036366725060846153580495700085755936701043003807635788130488443591071657914922126050021748360869920267468052637341504496943653848435860823030154531513788010152960000
-14781680706219657971433852414820526253072750892411007482494664033554863758823915283715980059007211640311585429542755565978898254677628662219091416993859998002528180466730779664417870394865719424730747167246884132454629516826364182106044550893824689691561630980000
5469976636720295684048792642061615648866179808872416249152338776577184950645035847639224913208968057039355192975864741771110921999706412988229002296120790875990648582496537050985442305539989524073434458320953930401700257857895840954780732275936803202819861164800
-1975269341037884552573175120744472317646120486537261423305011224875094565510707389425275663103238465041989375241284490084012277388782871356860473051376952260774400877012638379522520832556107328137629109949233363756169537559795720344781931099643845601018283198400
695805176951031492593336947964609501913560888211408919497568914957751695773488157210359282486047778113232472047561725543923093181971069497265410829883763382717165265592415773113218088689140078877964609176909544681692417394192170903105180028522060435164373120000
-239003327826671457941409643799827127465143590217245315839815768825880618641203318463269071721705460973811773714684167090242178184922913851075154029892924922265968440918882484049736585216052764697234744371200850833329265272281918207936438387896265593690241800000
80020720184780565426325483530680173131887080068965535098786465347302097974696407501322626331934941783295260649878231831891810435747590724763780480175291669703904223031753283376818206304780791799847093223348611759825200324926512722649658700519138032688070400000
-26103741488789656041101743841865689360161582446222690528739405849870691669185823920488688999790098750931562186399923930259899743498972129350881938324820172253357892693261536738604307486457575880680609005814314568769617117441428172136775760692762312036819136000
8293088041557971390194212061215753586698287914801654600005215650735896171573308768817283067643532990959823025647965411120916856920797092572387591121318785506779099954286457965734774872508228736898437294182879189308969042759485580932980899438252296029480448000
-2564754021728126322133842395041299532868507126018078276351465084292859901434237965208377575930807863790736688312910900536193314201189559417033699362131225732264801160048835234410394041100224216431700513040100858749861450446604961928700176462736125205123160000
771764012703458889817244983676647819503757209678703953157031210739657543654434925479927027309048942262868025308665122108084995280660905098696051375390465704326535314214084687099168270898290376551833040292563701945982051048453227833887058172702191214027200000
-225847976170766555924144686539234041301289167622009464485778546020846069891896333572075282150878221541548654450798356608630942115632572262695009638668314201052106813877023261358192037407484809065783994396946534263534221661132510271117928612286262354439600000
64241202110795820351756710837826571747922252123593803231510341979262882102583845993834746922916471905151617266004865879788356868446598332499913852776764928299265938169464394341885735084795679023156336184020347523849734161388802921562433027494759069707264000
-17751637256080646841111429680221004188435534197707937555750930001540224982540819405022053475444982868118576502372138521681222270780393644735119801911445227793639290897993420856790308926802266977306849706834576282102084148325601255955297774071291529907392000
4762552522404782999496105485961232303239379454171162978067699676994740374859939805942884909771186280333935281512930316199044198073813180169559154330648760972012014077261218902557162760765746675837083343413310676446896562199426901059367970513807676922880000
-1239806526168920458661989012676807092112423006715081141940906154789036631938886074437783763001132063899676103455439762805464959003729401210035646708539304542820856281237901859200756592669972323497994729395152521235953403740950844214903107311577737184000000
312970097033512138659301439231550599760064486360167494169455855428118562133293751831819550751005596028487138938919002633098965879735860086707045849087151807627501264260760241734545015796879443460819848553990998177191370321611867868755525403836527872000000
-76558476177660601184344157727647568099510305848006206654791989478700604129656984273781718034784562255054436946103340790590781214077183196405515541736172515910754679379568196242271661139609699016114027211219926888090494484238824982856026912506847526032500
18134910244896108866446096231756503160614197699344294912026891035569572748679338051401521470026703889921183771319089896417346375454390848864683216803956665486065742901335395948033954494769980236850488409191059631452652724365070604725787840572850946860000
-4156631128910497542640055138186155024999000890445171565374783625827619462717145063766416783063776647737133331327863232401896499099895823109343742982003299981447015740617990092058822273139622124230853912314585974127852821983487355052933413363815079975000
921137092279334635488100861647901390581496042203916136371143185778973842153383947649067431149867401160583563729166367291279002570614032822015233901828986145473022878807310823724946764130664182655036878075254509502017245868916865385691615149875918000000
-197194729031335612552622415255041990079046263493070866985489071921304671112568562866917127536112731541321772859373149787922125293108988336468796215094905556005327342968266043110527440846559367634570223298517704923399953955305676686220161439406735875000
40743931516022422800931896715039397789208100870748199773645571650750798980929669263977272344124253284334261499483641381979762957602940226793798897971419823472286522442030183430477167990866855756277969735070772944362419835461217401184083344412900390400
-8117272592012709905944249399182592206997846359821141497679604883147151443630018887859825241278772392536502302764190776663193205439864630037874064386586547502528534567212776861883144622215965381908177323202354958325355820469535511642050854861439459200
1557729274454084553956139098572200171025594621697853936092037634338482054665132822516656977536874089300835388460765505495503788267224253554949319653347136462062541773692882017093979441011059765234462107305897593214528345313571329563494314374554496000
-287629127351933276921649159662559083111089354922924119204234157552553781379413886073146479576609939990715115554107550998923471463492803733539078626131588952064176758016146464804914314356081780156738825119271041132571809745446297421352752779693310000
51041474840180101653819135621422888447056146278762451212340330357899991987655157691567867810788183103829934493983775460198280132951190160048582535737248922231397595809112455501822730297684046093907478246606721649600791951206404974726246758551280000
-8693923937653817314753821364938229180940720452936315037077142220465444916244403305976973186614416973305247520008310844914764905290281233046291620343344630472637226856411633949525342739134447851201926666632764737175804314994743855612462361105304800
1419455019548484261062936232564644751222310926900309447551920117922307013095717329499695113791939566255184487526662447347462277871072285728790942987940496617359596151983747027583805650894360248284517886955457650245988879132410055486858706249958400
-221822041585522584889035750888427255768292801167239713983178110313649824907222846209829513854207423326549143540851000286326369359932683641297938679119566103879545686220061352791869759187249195063695933760412959296406938988385135775884936267560000
33126577105540261033668191026272717361712422217979147287480539158925061101314019724542350904288747578999303961948367870046304652404523813001234247997727589573765446201194131088145471707210333488937628286596854565813551476229904214562801942400000
-4719429613273614763957909569907062793840721487955310228404820976485316756455804398527659497668086568835705276876594809410931907209518958729504606685681492533757523006163526169671698356365357579508818229040874624533640266876921614991991567200000
640219170705970248754691158763779228990253008978673583579728175950211292495283280580842844219193138106079546760251988224299642284319150168839190306819470192327240189314622609998502435084038349658652249667349300814436528607121895002344215808000
-82528252473816477378534407184393416237024801938657141633324335181081924423220110387374272887630365458986816574563732857038625763213015451451926875488447329479683305653838070820119454522551818510685641558681745808110958765761806777645934069000
10086310034750439873680824623967637448334530117448961652128149163182004869236280430194462464935937382302714773000947547796459646500335958458318247336682095758331976881677855955262950530276917476849463364426054925345649848715528692457673880000
-1165835615077199314904548940508846438371008282281026037396731641922712565196116059317932467783682759123519384628317569138442715871616332861612797661854338735415196900691118027110808985612432121440050801155824859854253232137254966421900350000
127092425106700716293142150927113653552544719941670314359483941229259604569895336719442555811331067483744927825406692477148739955618289242960687159942144218004382025668575165928283037667202248652560945665980750639605333161176201210688800000
-13026973573436823420047070470029149489135833794021207221847103975999109468414272013742861970661434417083855102104185978907745845450874647403470433894069782345449157631028954507649011360888230486887496930763026940559546649020560624095602000
1251152302337806210430643725194017436164712995344285328244411874716918968217082669133222817901006179599354097232562060976786453522031699608723332321952609018102494753427742829365280302701213079329895388952292161850766823266583715739456000
-112157004634006173834387499219069737852561606615581133225972594186304293472830202334580223365241012560268353591561619039547262107815245463539757014087010580647076514907919390290131698418506712636144054180472481421679235849920747063440000
9342524334361197320648687981596812815706922666853905308285930377867912825725131389802600863410330075824102756481600919579113878202019613789234236908538990474558643474212360707216301409288355904718371860097666090935379912529841488000000
-719463428365278454426983281303168564000280440973496138743997460903784897079782334667988622805049502949102964607700354753620747465310680946299449034507806755295539125714045118348280783048647810976359880011746476868358886077647085250000
50920058143659783239595943387505918782931001342245170953828478140335929199748677901643656026126754991331597343879586544377241559737678439753216203878964621773657816383239790606728983964728495355302294721436272389322035339786591440000
-3289157753557762569679870946369601974242419003137274106936045486478146116656558239612168733085286815028628105351171462024033621081989603516753156675766258646928529971696292064233980695974184357834814436506955581431281526968573220000
192308470172882828447593547512577945989640556620239431544400835691735241229992525532723200765062571550312201427403658303359355965228569365727995606619060542603765922819240224004910132130141915298333958699175039185411571808243200000
-10075614705104220723510214848124810636347844264065754996938361263575605311173062611516784820107692697902058710338851003557397886109255455026622837594116950247893502942000918395025389651586656531311343704140784975157190704876000000
467213502799062722361767912104243236706534629464810504205284557734953069330345872610625533977292865885754859122616649026626901755692275186495724885112376212018805302225935641703298008654784739770990954433766172196351533248000000
-18875425513082133983415423649011426762943999030378344369893496132492104000945973253469271572682631781784496308553712620675726830929967917534427285358539998965559734209927799924813239549653303486748034559124153356732601943219200
650829194402422911839585065551420369063450035966000331842335464572742573485754940144458775827759675725201421406775685364814308145149014323635742471271157828310628573824671017934973268130349860891597071510453676994505670041600
-18620782978407389773302952748739227210823947390717581162683038658238413796221278270371467913137655365814170962091779156591124760899997221859574404867124987904839055189569818234919617086793729474921807354924443802827371193000
424391686464677406577216620038836723501031310656838033384585622141234543100967267916883763398397717973117876977912131585349327263327625693819798809256433850281624254575337927334074685829227356842426573425558510220206680000
-7223558581738620034386694839787726477287016706813459775362452775601306141549069412259512491052876986471483542356016603399008227621994203492910967954163661484971628004478245387688573724614111144186663164453990729832590000
81621483200918825066190465795339992094082220119042782940814384070273834124704422480123354788806164084391133222098533173895558152221541327307321708920682832411026369993072973077314254979968214793269655593592404675910400
-459191686042285714179032020200080595593048722895448051357157049631558860394159932681542355482410640955773245071299821305607980073017603256928736731950249806756263427953075920055272880639418453695881710313023801713200
