244
-14526540
216198494820
-1429960866794460
5319454424475391200
-12662642090198200228128
20928533454633136488156000
-25407666726852273270835428000
23610074305927474936923821469000
-17330086022949605214503775375795000
10300309928600327355292463932357516200
-5057792681056102891030592930091089463000
2086058492453361547945062328499791565184000
-732799020837152159863044468970693052368512000
221858642328962291664658463207759825140548480000
-58482924156324811026322480494735302172938092876800
13542452124948964053282799389562143409420977131784000
-2776296405006405789843757838869855745944514298016632000
507376736830985492679717867762845365521193150043706216000
-83169026044248106729424667104893004168190040592344363800000
12295708810381640098878142784787381736225215601172190744192000
-1647652862017013654519736616478481459642242893313538802784640000
201027266131877459352684889827039849493375469702378292111649920000
-22423470496490913504771034582276257843205304991924831536166591360000
2295291354988028229585590623213555837561431913756750116965941365600000
-216348654421919569652986766726614060714530424754118249824928914862178560
18837694969340511641678699836580626647421983433472485480318514687555961600
-1519599901319626156532509329615633623120637283638157000879411376174353132800
113876955870319739730354576700991972736713879704475765453657113741065810278400
-7947690754825704070717196051682192437314412805296319920692514020251911693568000
517800883444399982100637230762707817504853232501505572077473613434990104515614720
-31561068415978906297133013311056826649684472522139114343848092515041150231011584000
1803419174956794692634616088727106485279626812710355330553944911367273224918896292000
-96790119851882258402585313625191177911054498000442734623403506184281926700491029916000
4888068509474815091300112983943478344677648437081182393870498867680258547382929348180000
-232676051311008932888817051597329114903263965726237409444067477121064127474649790385080800
10456059589778673033522148985361456521578775743746965066375377984205844740836114037057952000
-444264147668850309964121870001110183703924505979934051874256107529073317049097330309386336000
17872709741259592940744991462676241545518270361070864917921943073808121283944710604108636448000
-681712857093474874725391636888338036333492738328419610922578256033516210577286249636661764320000
24684822555354725213806431171726720295635772054872074111506558650973621985003535099343522486027200
-849577875633579790151559235835960382334329323161584680381446728585412789971671340376275724823976000
27824157047110641517367279009475682090827025883044824350905295013512736792654986777901474588736248000
-868086613075538981726536627484923565588717491679397935278893322576803270609999038538021830503206024000
25827370306379672183599436850791114348094074132610186504165421167574312183437987923445277601748278400000
-733510070958124112074561586531282852974438665402737993106695079885612971842815863439635239582293945216000
19904606934978963381531817721467987437519975504454260663604173670619989056339549564604846624203836641920000
-516555636831842025248109784752646136636807440354843549598205732917895931477038188270756922782133699941760000
12831385506579853641058949305973716880207362598258856784116541018384123242315038885031232727720085032581080000
-305339946238417300200709316366850609725384282403798326680757422359590537879912430943881500165883822714085800000
6966147669461747653699062627319876550518807172473216544225472136680642367407474164526090097384539884928239075520
-152486588835372780724089246707595990543555665653503492481921282622803680579909473878236424334713102017835175611200
3204925228066533237467248546185686144442069375155292339028310034770406351596677226127193959981662357203257655449600
-64722603564446504436384695008713213925156735295277418482043055657679188717345927022612079661046550564994374161868800
1256719414889904348829938762480570017984353344450825594805650826933400433873843068594065826614696739708498444802816000
-23477180447882110630323527076541980921095468379590282706797399630027567576411486165064216174486984283526266318760970240
422229903463185918223930780330665728300313908357427278272759355591057018912502493529853887831972548976684126396083776000
-7314882910505492699005968554161951938701067700743154574373285887397299607118506572272971925022541971145158332550436288000
122143758278512049907420709163015803894386556149270059081954879568038380954536489648548566876446559929597453583835644224000
-1966896975093936500304644599865800312352725769878578903142482267792700788396019226443375442763347290104448509233526870720000
30561208110792897800289055649470390631045019073313385979493857814236808694366592069537957990669609449800675503468488622387200
-458418121661893467004335834742055859465675286099700789692407867213552130415498881043069369860044141747010132552027329335808000
6641577011340835318523795865883084007638498447831565135158579329047124153772102935236893690490525063000647321042535386412544000
-92983751521586343195870941012729989683156574263203975778623526726420143071971389217008937188079366635363308059554185894881792000
1258549605555846403022237541441833649422412225867194437784884844168147639626487748581781122487089864810679150102950211428771130000
-16476127155715839147352184770340653487148649141997725810253198962315837655711399730605182406126255032554668513927640034162546738800
208712740232415060640700999914462180766956487524204433014180789426213939816839999342239202288807794466567173691121941479588918514000
-2559369617191746902002376462974248087475752677376894948570196015937803240164310858496823650789040468255986458047491537675859032622000
30393621197931056635543792459957160678950806881513852814854369296534742976622542790176812351238708951745832263041491201742381314736000
-349676664800813616301598662464640511697023828383726378477976912039002425235139630609522137479332132499869347239676051370602591160400000
3898966175113725049031458065799612040220121201545566207045458482890395205132058950608541123126691916584257480772845049527396565436656000
-42149208830157200267202798511356845493313926776081259760551926210099600615685687862212348443719316801082942157253757384248259439291920000
441916241963098794159530575750244457224652497710950738909243497949717108924334202678812801429983083868144304037626585908306596652082260000
-4495206179038036467443361591235410263234516408973073128927258827802648775278923648829124700152954217909645015756731908863121727288313580000
44377437187508446207083295767382446828060255125837168252338862715670415045942040258528575838252137512818738048175479728477056350841167300000
-425321247327247616616900899220507571724010029171379124915882742731468043651872236867117164802846397413968175451589028914120281765368563610720
3958668673184354548013260447038519227126519939102032852402675943428622234543741595217489400935080042412556979272407582136964395378499650227200
-35792267087770904748751366635924085041081355097898916363425577550915525742483784060520147464315539860618981613738565231171571992419502572057600
314458951409521762102277785901284384223517520166484693862232736892100046348988038396272669668407994186358613612352693743685546702631040677452800
-2685321233034844145367872872874371295816754724767313212528071416866603424157878145542277187947092461170001972836137928708495627546342142750336000
22294879537271793516916764527039467683518606102380617947014312938534974929070783303364756352930735158863941379472035153102284947703505640184664640
-180013906948174555945536595156213351704678884053286577616686972705211141116830474850746527632450189763880093671320082645266505883949582577165464000
1413874844400207413532968272366142107410395779985450734249326651176027778801613777188819990678905327455388980810493189271536988212841367499295432000
-10805090569478548367001042333467888449533329456944988359126767339884502027953049866114066780268882098206396236424740156129860330736167727498244536000
80364392444194191935971471323752095497662858545985400947700219670796296262326538686744079454154043723621269060029813406135922641303016204522090880000
-581860447494566418596900157289521919387991943723050838612476981480833917478001877542182635339273658301225218795739732745796020662865339885779252044800
4101974544668292734673117117506175348416698207912367594004130586047955713534750932267361087965079575963477948622210609162493850373417904494933775232000
-28163206653821795289041865140103503016405146752620162076577177191855478209176958871335441096351075482110458258164938396927905657597490849899355726976000
188355991608308163947579581525857519140709628178164183144380831756273105295673173277919055431587668048742878887768399981106674821576607192405401835168000
-1227369588039745724296720123779464190184033260751918231662317463842953709106952510887487949261633314775389937355405373693324204130245749303876381229920000
7793948411162019885793345220582780257568633925930329156022587786447674936003112265433188908422391503553945286149707506332077007857200044591874758634835200
-48240408865367628214749173925971549583586563443250696883460661392872307552812404198137676307352937630075771723415439951340491128815455655785115415267296000
291083903777416766089753049473915285956159377147176227697554690294987534420750839698403521310152319310400497809342314413381564618485698399368787156017408000
-1712612627069187995838740135111472673887279711514435969342752402016537248707220254333756502359778133049872832931437432483957414584446957387984677073448704000
9826783634269786259509294347006752440706776977566987737174914755798827355076512776677394145500311379088790474153901972265350941538191573061433128975084800000
-54998411983446113435354456150876240723827148134502616907749819305280284601913544250720427222533654079684642176175927149151816222497018786360781027995624192000
300295148763781296448246119087683640757702050144115850998043718255393220612878640049506499331368649445500346604293907784865385450960284866501139467094163340000
-1599840038482523652573199406048285456505614907808916490910717128811573596520540715247275193111225028244722698930113796953124367786192602774269594863112884020000
8317702290869363912982610656268532841965677173752063538541641782155299127599296021837457824076394013985370033629575396653832354466906397514038880748120837660000
-42208032184102419570675455666719261391201199289517281919127492504386675044500661937158041514176049003730474300843478456543041745680194845460741121723068040100000
209081708227169745585297937190660533227454260800552807714589946869729833500438478971906074444622476344879277496658254882331611591401413186474327220567389843439360
-1011179891715265111111721765640744770784869714400085557160993532871102963998052383107439092513033023279543099235137241899797084389941056715489749380128632283705600
4775210538230911710797877142393413310092485467887831948715295487987603885731671442410101642959471212972944209113875717898964854887214917199677274754371391903404800
-22022502215479669834499739367130034218389578328527472311696980143347110502139078957752761154216047510333418919720482349857918131309903313585503819578389017971334400
99198992967656205097709624811998452951177908299358214776800746355757324673096886725380410820396249510303639956433237803723906375500969807496833033455909112015848000
-436484566698772804126529851179578861779101270703869964357132064078380369815564904483893796762652377323749648791522249351151965730787079032333684107571846433832272320
1876308701633208120266232806334430315408560998130733292848832208524899596127784343767539193986837827050294414082460363444343177714223559742053839657860464823255496000
-7880693207741818401540950035654096478037511810386284553517494489591828708096494518189331576665653820365753121668553716215226691129694149472979560453099499690443448000
32344354015862168254335421819858788288461228171022995039951088495005146083161469956683786114380845309374942853267918681640546309821735110045479896948797946603301504000
-129734045166729368585165771132511619887772058622178337566607955746946404897993422336988959454660313375832244901311561718170207423159227899100862258151247045314395520000
508600344341237547785613514003456297603004576264599307504926858579516501052993056361769279395972448371568460259389689393646442919419928481136239841129136763763112883200
-1948994826562091617457815279902052519383642648188706785475620617468701533740529758633303833023361671119519913249499568600033828621086918532330781925080122741747859328000
7301272711240896786318371781980010522231834767513050802221808359063235209943795792227057854068384219487283144405331929819259380944046275165121819533112653689430437304000
-26741218645673351085108567086526678055698662117024265554664211099405616811296225061875073589256490311908667148124689354049440321764446092148739300971499684790789667272000
95763028298679421322018522022695567614051687821353440975228715340592290427648993104006303850723073185305430061074410783122572528079202918482789094122314198996872200280000
-335340763972789616698979188914408652686151055931546253686489000842205637958022874830974362013673817942130795580976713631545516548043551331406914611561322712267988541940800
1148372651892549460277122549433408941422253318766769572671924283502440234624382734260649420451106534688866458113213953934424598880339391004104535173955540322629972652544000
-3846113008351064000681221237772919843479147337679895141959946864324375588927173293713784350896477558322774527366244440501977104599818836976052350363090047276763558784512000
12599030920490428842220041877140076120423072993841954698008984226914925263009640065561126961583606319320482026876554253100845999354132202826177808443066879947410186963456000
-40370102960048951960718480345683987992669792888608056946695689520250316630821440433220544868431335127403917235331095913738499203495074408815607517696784102649088145856000000
126537844944775659423540925616860589030357206376403698496253933485140159128385870513461285637605329327118278356521135080729229170066227674743143119358475503970086288288640000
-388014244163356548720706909061468215594418877144228129498621702330125499902252828133450202766224387688066054696811444535847192376895245642892794914527611348318900615580800000
1164042732490069646162120727184404646783256631432684388495865106990376499706758484400350608298673163064198164090434333607541577130685736928678384743582834044956701846742400000
-3416725865667692694634231947390961540729993868202208714385344821608939733126976271846544349442737732314881874067282533710760712250800549923446429460525012322981840102339200000
9812865129284944679698730670966757390650138476834647296257598030843573010853750791151365665413065703630670106582413936567845541948188884275454885859572355891186138067072000000
-27577134124289997173136061599540562161973646762002316635261912776471816606694339263375847534973000199176086723208984215592362597919163014234847967550699630050423968554444709888
75838855874685139618236359878807063743497695743828492334059908781856860232317639974741087388317031285967998635380716229072974995285377752676584924619774870748394461267766190080
-204100515652083691202727117196315842018352314412075352888867162284956335303131737763257882092174181724224249287988762437557853904169656650160116673257521719547123713822923120640
537557705775068081224370151443812330003414249970085182364526110041530504211470992917486824221282976670149219071978215130950714823774964829572104167749546950799406890801194976920
-1385646162443455642336359452327524180968478712365050411485268162383958354555077714151529194457780979764800838416712068868585476375568001704494646251764726666338594951079698247400
3495763892422436376725030864463687631939175052094454990774313217242748426320135705358851996148044370014914115191416317649763927263237711282416197490546797996805463570073018608056
-8631955884936818452521600307770454134573890963959124190551921367091746667753379786409961735142088466836547149422310265159882665216461629018844261328705819306254386037051696493000
20862541679663642026663775950460822114048191934931510440342201136993092038133053808843911190903560004328551053516547858494776101790382927068501465396835368607953667630413282984000
-49354671358973623601661995149467693086470387692977495471592520265687711149287913547328348216730243399917286219487081137115206938301891251570783018964405544131213586371751068632000
114288663126872536720712060498711666213824834054021177417510413936694978257261720054461612767411646278044150200839431592851988443673013936306146019633547701324117894928570362760000
-259060574070465369792556155350467909078700560746538757766517021132444787203607073644436964885297257579823423261831427079962057316684547529368625416575115999418416151297348162193600
574818661324172727956666555773313310369262057365806153694737161941800068492432650430779251670231371706096090542039455415313734444027564370960661067054647524661105041589704183414000
-1248528550599528456529885741340010854271602445129299348269665399375638733668868978640928006438293053990218942038857822948270819547108088694706871422058544175920894519179896129002000
2654663834849617005976062457379737424446845526579268494546066548598947889294257649817709348702970087280610449539877702521601660633349124523528178829132250093015588157458115629886000
-5525454485713852693718096978599769190214269077759188577618656707826028123180403260049644503808806069043514788481247440966109972691379071617084297480128018088640436714050935254690000
11258395425585123529404383721293897060224339280070967093662177259374503016700642071088908311434106080271520744529953969511355503540965030821422372661550639305507371459813170935270400
-22456197907629298001032686306921658262823609182194768879793453006412952926274531529049376746135479936279219109920794963078959936266634892471379919918202836962924139391322936141952000
43847719897797099826257633667730585653833125407725274763699059302146934269652889077649874094864417578416257428873315774962547639887420600395912031691107027221992125377661507725696000
-83812207327751735581638814962618485082467376048303477660946996476258849811625139389608324551125506865252885428254256623598273734670624920909336084048623422809233028736693987602048000
156824539174226820050520159170023014139647675090382664604781224116456566970054755416512489997283452274875190712589947771779177319889093698460756175785425771845980011332162746863400000
-287251834869852512103000325792949169918286402635230763214969309010647269944531685414759215328674579336871270845781283169511909525148579663325668541530203657529633113741399264896856000
515048091983756943731313213164126349891016434073865630046731421954725964406079987640837737373894840601201912728737129045728334680576971042048557499403470810226242147081829607072520000
-903985792247116923730737944174918787186662052622495337627024972950015810635818209600354151759901412350492153457485912967621757111862778504871842300887381989886190287027282683485560000
1553085889967289265606059638202636221667661904870788191452712006120114818564970364485049645682460278925023772777214658363656955973046935751248044625045377969475763005908085370020480000
-2611795040850806032674304607553507649923974470445064507359443392121728154187791926401933630086692244208178125158205002928117312339701245271512352870414359105012279258843221804860800000
4299130717020020098938913130904520414337080821662373737536193132027569951933291634943200618839588175844181557482634688375366790213918903105588066707051831280588212205800780567325537280
-6926387741315312413250338751097651744251246172701517444339812056709476873131418280322725965223993317820973181620305481227538223696693605788508294832838429108039470873211336087921740800
10922011694581001637791566022333346967908647877590966219364094219617367617811800155328841428542266471383903001765537105786083473239176828518305669899150348392663348461428124842242246400
-16855889465168432917616980891487753680620091497873844957365399285408032804848003084777865534151243573483970427817658123829887549135449668242164506661822574069022546450767391438151379200
25458676026409734656309675136325322012135759717230609140362143801792702608772789277143833000223374295926624250481890453516047057262262064278728817196259259704519632900425365209756384000
-37630095499431262742152460926786618521246741449264356344782521895752785113012716754241608893691248475448505879661286655351023810632265896549508388239598858329539924409032472173305263360
54428803483727007253606452359586167486352946211953704114741320296289367027368821077798513850178005684409410213842755188541914781979608791853332316980353378254429870940086416029764352000
-77035890589345778816851324738077918986425219461090870844698788639565383889156398269347914831886083991723440875099687624758074607445438432447044689135201765068047178688254890503890176000
106685018805274085293069379860792734145116675501074891317213848776119790571058924890558248340328701160145120891441531828358282139424919783951258972631877720795246237045759817116667648000
-144555014405073525244811977656400265343181508614743103598400395151536071595728945537204730702818704095596341764025539843376961144179448091422426965211224687545633473755092857692791040000
191625740970725591902653877880765601745554987357418826707629523822755004909088183427757021137924044616724900550936356254876584116752880876191854745758129726427680373646594969479006122400
-248505045435397583882092130124684067075993630647723230576635409255117838432892221979246644247957901307480711856013487732250930715815288401419281558530131196862253607504737081865544956000
315242721103309570286641182598345601321977593031702552673271835273639044242792556551329038267909405971980180578814244535211781183924804963422143028752672146240593930081074033282568308000
-391155361007670842095664114822524725762416173340213709736149369320112099497615349159835312001888267781183733416454108155832992972654185149201618022089252235504296740298195929663383244000
474691812287714763756784529588310791526073166932799504974268122196923666255285730092839997908299860959913632462561796929148902834154989711107258039894155003229485633675383519639084960000
-563370694098378392350613955391291459504093667466140856022904583886310397809900357209540979703033124241534228778616500296702670320454797890012364169954822490701484308895695754015003641600
653817491554149404390065114436547426148240509709942828262900587628255426112665605442049663626905186284085666872556092302531259865297736845790223768150501642206178988187122594476695328000
-741918396328809430267574695276754863756799003578133338808706475552059932955198408527539377704495264453098321901673873322751148515797535872879027989194984598619489635309902425594462944000
823092007718526108295716371120526796129283248300684208644352932344320458499616374993420953609805687377955451225383089621668932905564499831759783319078562845520601596542788575333539672000
-892660443929881523912321508191531021676571150033741583374490811924138727706509478499394770423435144656425548885061489479751941344835978512263551287015807714715893506981999093902748200000
946281846374942919258750232697430601386970026035768413434633235782280763391578698384341113726379207325060661440925390716321123703819897498328932776090528897855920881657457586187010168000
-980390839435344062752431117252100135734696383118005679867385310968304631406172041570179338611561098659851329925544089181318985075996846712214870163525959199772412814534820203602321160000
992586074322857807178232045157345296968821865439105804603431748043626971331722045332274592688395011731336771022508672226841070882783178499332740371076579568401274628885442629066276480000
-981907043418652514187774939389004718077981521937104666273306951930490953263333041403075741445598286355363954013278567898028119403473606396128986740835453616280414913208302981013907840000
948956271978787573164694633588396024935980292372826084527578326512292419490194371497357517330499598981303649571559350531652225318590227346767543666166117479599846094612067156310838400000
-895845707075223756008636295564869142103644938213576324237610350948469751506318676713799287625863637751786769396354363533733795467290189806445598528409097876006894708288309340607433436160
825973443765121076691846997718642261701966019995471972502135576675112864896063449346142421700499273443667036865956889931670880634872411572575099882856528775140654470193508353814188369600
-743663472446703380581790936980106044745359109004828686787568649215580088101224479418642129940501867471847684537586453263833525808926110416151994714026432607500796087993497722111679636800
653721595587223284811388750687094860442107748516679983095801098912774164051107947253125255747470584926963189929960165897749380154974435908050289003126631769477091675381735215132385470400
-560971107976364789360167713246829786456594755015951940801443500970841285870765987632242405255038972958610933089611896050641965212103932938792256675539675431533742255691795191787551528000
469830616853291201360417008230431268064387508398545427950246013652615713993490920999645984845701776858174885195052728741673468148013960624292181393439649151546284871927547972973672785920
-383984456098619453509513305313323683722229954438846611317354080020414082054141186464562169782475048850084934864550435336476515053358377208126221934902677147603912501018286895283113728000
306176713394419061891476434607399623670798742803973454236020890034391279290362788820855453094273970239960249355226002237260527580887014213894148464697787369354985417730195431657336064000
-238137443751214825915592782472421929521732355514201575516905136693415439448059946860665352406657532408857971720731335073424854785134344388584337694764945731720544213790152002400150272000
180628826663846784307432143605027030662750676087095240408616608881347722265659836820117150573102712436775540931840166726298153086077799028203148393240896927888219973125327960232628160000
-133583527587688121478609641688439420689697074139969835792037837469562956852187469094345805643704974565002942776502745361850476340736747149827608151389929646217055828773562483606955481600
96299375015520341937695816386567208694676986618419693162603297100557872120868177801277153218695862690807416835645117046032803790553083417640783538434063052857364214637895951588549824000
-67653828991572199387553922650599005290460966291707415194191289424044303365648675227886866170714097020934708152972449611652832243487591876267011615679877234680627603334644680793728832000
46307193044480382740598248550342098686816197842037850508654246088345399134839654569744201742924271025646572533858915261574958058919528708427216642330454675797695308393835562408382976000
-30872758387343588224499518188919601361286855116265821501738497539093129542739743388439801923455152836588368883677670472674550717313865126709615193782362702727306451930214549389872640000
20042492120935854117157083331731849792330158905950298967167407986874974625031817896162747863659140218235041915730467734005561512769189559821787858212838013881361606854196902479253606400
-12666310020234536242730642148325917517671440299791237704230821280595448040900977538884135632155409054889089974703706959992824228417358770365157727888407127272684187550327830559995392000
7790000563659868861089114550424403264991506469099038119312097983768988660571477939496015707796968155719548825588173941974753442563974556253224175528590668118660370555041031208122166000
-4660950429871607219176168379964795714431681512975120474780765329653398756427193450496595937600231664917758454613107268511673601289250743247217568257018986291191271673338867151746858000
2712158954569778884577481334924780161176900444631606398068305896466400062858846226109986476603387008760200609948640907120991919126224659292009372537695711546845808524979306797301950000
-1534286686962538161371366232625034741540468256790808290042007314632182294599780175407019568657868716513890212244713071744369682375390365444586814271094607523581858965965282538244898000
843506216905685286551521627265741715465813452296487689652415516582457571375139455034263153114696670469943806815085903666209071526661925192359264822092828792639755866336598480001360000
-450497393846894764986301857000619148559867953973287132969816702625798090182496727163677816346938026973911342313800549493403989423410078163880297919748462016157185700264337568476080000
233637205685518425714250825337633622296684910728111263838952994535958748331561153369347448269715946445096556777986755746859756987980147669319819847574883422928984278588269346042640000
-117612123313573137461518401128903973649261728122140805652118076464592753920094734789978570774899305380747957358884017469600496339874857801264882418661278781750190691994069579388400000
57441761026349120336205587111356700730299428014853569480494468545307101014574268471425533966460820747957302374078954132152882412394880550137768573274168557006793133969903582573294560
-27205962655359778659768171811980160601823706221732705923349958060801746934825341630175678632910764709095393206306794072392896338238559424937160012118541999909036573810403332901165600
12489513098230550285628305910744347818678601728886801474271919772447268002723955970406107542194011482471691636617460703952155038914927339180543117022951885655721818954427880401544800
-5554497962854504964563807964915714103058136181060166726175871136636197934575503920736555920449165193022366294360168951474948321924673574829814208199171035657560575990142924218474400
2391786896730890257712981515073279429229185898803301319998837244533849168290874429536694590889298353012322279770622539658570596138267744640289086191107866180879602118016176518528000
-996611073138717889418489454145108770618257567494220331100526805211950809897477742667865769924152372625788826676106396001456982961979928052257041958179413318105477993779447162782720
401594150029976338699598681918214722819591959754716930479286652114345340023726774427856175551489432837708288626671207739299519479919331927929008801132716743793092508568869508992000
-156395752095736543767187173683615698842225746981888992016333085108919244065810840040085789666683100323527695216067176446257580843459914861055132438668385360304215610410714964096000
58821923033048840610661743948312561287922923328617272515018767587193369532148529704425757430109731149788338030599230194468920013978821528732644116170764760144004170039828816008000
-21350738071220653553765755140690361008676952207486707166173452075157411092516538963477722214564451074377740882194793954655450351906646261259038768844291002314122527322668571640000
7473242468647664586302226674641642007481574473350676004921845946306798132065426200459004991020790630024825584071629013244025660590271920380828173149217140855346832919562632014400
-2520400163220607887588507300369359509946673271430569848249174926075258281551680654070931918424500152957542646050976160325667556743175869466501988271500985376407373964808358296000
818300088592806832851804435007780659690767541311740726807848890203145444206170436636771060734476375755528263865607069496977149074324098595033753401071163639474377022394169728000
-255523757523734144482168737039723789500299846982817141146747674127883830546602670894953285666982450909840836566467309254417670015560173351756555895721201156746533960992267904000
76663822787494697029980750435099241587346490906278005051889096045880073187840001268596780178712963479369663167596751444573735392038535720437048607022650534843597183684901760000
-22076195676026866677470497978185094748927401632308632238955019090680576618785035303110692070499691873961916418039596722092395712350999436987291595631768550985465053802698265600
6094423017558857227490998241577160930345184606998782219601779961590488401276390061386868009860168710061502989205032702772420627037913081884351760796835968293312540573104288000
-1610934258522268383498915991269955235830162305492022389249789869861683389553552360298208628739822887173979649315870841415369184835968148192030545703629665045910110482563424000
407174108100527897958694110073535525056643161635598285911717782947111793521531667197670272881549375488886532017133249454621131391500071460370989710293736565345346501063712000
-98268182507946256726754744982405990336536865284961743070997963712450095077494819703780851287586456105666304040748052843711340377736355104226229767866599961299230327762400000
22609803314224989977461587605869279098918895285399462207409779419459592123615337029365776031788487090758263673507651166685319967902315091749241625928976387789839440701696000
-4951001135227294031837015610752686062180086097281940343323183204502781224013964282653241634282219230475617411358578432622171885438776026417520918681239173387365795505920000
1029901461698527278922025079973957826261469090766464824278655835820195461175861574258603872142304024649704360466848187875223321352129125534299660301924843875644715029760000
-203105705622020491551977718419928098335905153394331688385062594902142751467989994947699092563686693272329036640559435711402101640900286233684103211023285082918371982080000
37888022254107776644740741478207250486768021280511491615198220031171399747695837705485959550305075116171073480461501878561935414517432221525892977821626841041851916300000
-6669040322100827608519204885181329562223996792703958553738890640943572210404298465058476751659625172547169101913924804738082103284243723970710761982587985788127257800480
1104629985217577758009093768670883547975859755389527162750235234207506870154678616461639778350701483274905055254753775708437908093521456355082877405683576626352036200800
-171646495985506124869079815361209504718560598137047953427024268281928768447447295348412538672476989201850701108595421647954789149892804072175834954827541734696981386400
24936025270901474588552069206060599023441244173803211455080164551883773070851069068775228763745502894205457347878436139684413813096153746404122529602523760780848019200
-3373717116322075517358115425277930437469072432126271148029094935176967829326068058255186744699268569142230695127810385215020995097675689455526197965902749427740064000
423213360754504596090518978490441330492339596589601802236693270129193922786536628252956885403106733928692682284842149646254807626997653595971112470732148302504405760
-48974766264857590391090022529159408852723843423863704368575943911241777200705827841719772256220537134043164729088665393557531476110089971235951715799385614361888000
5197381556645112892276794899794859976344355559547961492146733643374944845615927627673590575348017763630621227195200221611188685187664125960533520374667260501544000
-502323878275836860980610120636291519384752594834094456506730855731148770560275051343795791944059555448983580082396352166993443076491990438485132925747004289112000
43851050810112137400235889704168921445304941984567380782054450478393073330376849028843302752074743864528846387498257055998039628636710393307745916156598007560000
-3423121413171451776051008067264322686296235489279673672275902870300634479443270188562127264177351214123745708945314371542010843622505359991845951010431761169600
236009520011820863617420837731524689661331949849790773153179169454798125557708947214855082850492470953662444741992372642942431045504535018110608515513824384000
-14147377626089138987695276053375414020005780326234142199554100367717162291527462217102263952671547467481732832101129069215887150033181459630372961450890112000
722304499940854988214369365623220417799885543101990312144454103937540310484736613442902114100807062989145740951141608434650547946754480284779298858060416000
-30538074742339328732650023948811773410597216200544573866508931233857247769132874450107816837125559025906180991176747332324032725117068501737399673363840000
1026418623284182993514070249390617939633961988962748177179883522026868605573632724573068288136720178370735527758996229780891099927545913530618155688062400
-25713040355339719625401976771463113620072221448335920486849925527265264391274868102371074176390348987266407136401568745909962817351273293969618576232000
426765166747322714908317762138210273183358364315663457298308305657090311254681575635282496063305430223737240225775644099181815765067919570699905336000
-3519697813780862709958691089795058392865171695062204333761387065911412243747225648772757804244436730833037578789695654055132928205186825025501768000
