-325
34327800
-906434140950
10637105358952800
-70210878740852890950
296570751801362611372800
-869850253109835465895627200
1874190006578040594844831372800
-3091271426318508488006488196002200
4027964832337785924174775187146372800
-4250509889324448596485431516236209897200
3706163598043691113418173278421364371852800
-2714790572814212377322655108202527328523647200
1694029317436068523449336787518377052998755852800
-911223555652894226320102694751402930207172606147200
426857612292511339796172551230212750417048856390732800
-175693592772068856886651974806938622260523519332168454700
64037578852036834287240042969770542264479257551464693232800
-20812410773760279899014394335678419354913365121687603895392200
6068691434041834081135321898478817548408865557255744976300732800
-1596445140367629977968660616918583941328307195655589412828111522200
380772076291221749665885710498785336246432344825028382763972975852800
-82716439820940797482687788197423117847698642907537828909477030277147200
16433207862800744900265700923244574656562829064292241336617009402659852800
-2997034813853047658034742389385276602599424705511867465573403161006970272200
503501848727312006549836721416726469236703350525993734216331731049171005729600
-78168662014915189016862150999946784348998195169160527237085501245383798639520400
11247709150502803384242485859108940865668744417646450843705515416509984831400729600
-1504108514091663787764498035656684272063235757003152490950165742069289948608270270400
187403693865137810151147636347502978316140422784564007861738605370973219946455400729600
-21806502044473952408976595796102499337953117529014961914800639386083522732102824268230400
2374979947952988298577654966080407898759131210256838682466903351410037277037263266607769600
-242602810093584500995626256940406979119242073949292561547578669395352841030639428662538386650
23288087562849356653883183099653245150788879194089299553661784925539581808979727561677789519600
-2104570259172413010618098836710791408008445865508057988816170423344458972320331452111519890417900
179360926577632586374309811063352345302923876211462248189720973222172666702238860081994021681329600
-14438692985276103475189327375330622556411068735544479082859104487111151345970584902387619049376107900
1099576607650069717976142085348772377824099621689499789088793862241241924562095909118570936166366329600
-79331710915229856847972616754654054774302301029940289146163180998722177938229718772771356440961364670400
5429814880420176868705681324540766415663357492715913123781835499468095734438834084891906174181355626329600
-353022808084818061729442812365845766493362976987358039188378398645105411734374822300550337355759699393085400
21829031983086453663536706536915807467213635502661477706958241682788124281569218637244737814459896605422289600
-1285252319044978550991261835391503786480881744298142707552375249102073342408197628618410268791167415723222460400
72135394624776470582838933601724552161081657055859414612739477474752170460656093622230472717183444961651235289600
-3863453994446512116871893691234099736069419389702999401746045289193996799015996741526578246679769744126371351210400
197656214234399335954532437734248263040391036431225055812785329363208922655830746875137534002974886662465220733529600
-9668807693378280182097210821093716190476292906408163658849525830366915111144794318666640362530211504510922747120470400
452652519881579096112161681427898485085693212860618674940508177126855995081100067568686862712279018990720501048533529600
-20298832902206872304429104638373220215945706790786450570107745385817659838443723993604294853426814462300448302445977782900
872689182631154596731524322028920151424731211067113941544690507999017958835283200964518838796388794692420439638352191029600
-35998428783535127115175378283692956246270162456518450088718483454959490801955432039786402100351037781062343135082027879971000
1425875481351373677783094260783999663327849756601444368296860068997980230826857528053423410221670632970460145770354033181904000
-54272385508936660610619025301090987185416281360642476268299236376235622535847264661533428551562338467438139298384100387986221000
1986496827514002028245427449397284064953990880874267297971325840960855025505757338355365250963842432135322082628216328049551904000
-69969513942776280630678877880708384440109550543112181038181380589591378194331560516166395597134873923932371668265250630192533096000
2373180869596312857093438965474605039191814838255639594881788313551099306690386151721875103559020847800152506831079244514959965504000
-77558971346956794773804038945321044598765915484050461237193750786842671187305799204025273433884084078504410163459974710170195122621000
2443883425859048575488754167764292786039784353214881508039072770253556572936786241708615387216779621920888733423939172338683870690504000
-74290714331680192145676423885179650592513194929877228862539720736890293907576901861880118344879637609171225555489133086363303002580746000
2179934135218368729252505786075205466854831307933748826468042871286676868973149975231221720258369923571153594696892275200658782503765504000
-61779938929348352667218584117867454932184490053316867783445020539728668765829340617490387780377830958985262638597342882596447856929632096000
1691916930033946393496437139464435669822447802846869684118296525955525466786636153261150356455689998936961624274018712471945289549195707904000
-44798386330849401112502827391214809289853943762111665795849203618178807891522012048666270663479860505151636597355332615532534733508503732096000
1147398528810487961575355863260602835265656968274432728179099683297955377934129921093277503292191660244821055666604608809416818057329416827904000
-28440972956933601623726637070553160464279024983382539174632766539442898331609930849286955964783429461180770742376635578078925810679345303007877250
682583350966406438969439289693275851142696599601180940191186396946629559958638340382886943154802307068338497817039253873894219456304287272189054000
-15868809313364787343433459005497785162848884744033974433475953910098307829993421967914274069408557124541683043028867814636224451359154928321238133500
357520137829463384443191425702834484346153888944669199889513048485565261905594725806856320401805264724359023443922382557596167545702716157428545304000
-7809232578052255902280877419423007299620650721734544519472471325711629977882130817737520591890729572323742587988668806379708157068235301603901493133500
165442225320870140585519516915077128390871101532668157616482114639062769604936618945657903167499799954392348749189054922638706900762546830702776770304000
-3400850641927478553158459865565539542279692184056734729779624693269305605807600192510488223784983132735952924033075011649547704608021944800517793916096000
67857798247893970004144123610006790184618242142662687177177895288196753631135024353000386332312783856995256677433607810307103019300392639519000552123904000
-1314757930906002747142407391881306329655331955835490540656428429907748867952321176898092554707528611763206129617690779721268467276533707003458320689791096000
24744785407796669455318988886494182705781792802116036642086159843503017538027022848221259310742407514618600483418261295350786675542733097695412972772243904000
-452550312966659724119930865228909040139032280376026105490921625669646403107353599566565175075153646855649784480251177952535780637130967312106996678262866096000
8045338897185061762132104270736160713582796095573797430949717789682602721908508436738936445780509277433773946315576496933969433548994974437457718724673175040000
-139078781777186847625887894620625850258055506812144754100224787323756613431413202718134706574573765727577024717047091004563697017041828116794618378971587924960000
2338606548837648838068901929852911918928504268366264699742960093949947602067493786167508467980891574966523706559407452317588520460617658278285760484053201175040000
-38262201590704865711738423241204586673580250390770275226350097092681087156048717779240624656687364934868957310096971928196101070869550020164175359030759319224960000
609301497018204193862427728794083743305095273968324472535743959214711931728368173012666277981127555950491340058752997614459430992997814325267810267891841721175040000
-9446553287754892364999904904623899910851262274922968091774874117668717410273020619872158036355840896748047377707775966921052662543782519753859136536182499184936460000
142632732037517246951127965168672766463735626581766333035144967168531294243451686433015617087876089406408865329255162076980210480450734878356394071303213397234651040000
-2097935727430471927530265747047427911366733671112919706054264187676221524683464491361046630816185770134331229912056035778616864474577354283808109762932645478867373960000
30068483376916109193878403077438647446175905900857198446359969347423342787218253740604485431886618986788115592480296813563291440087366766231104300414126532733553351040000
-420042564906355437518622493330505958067192866885146427672797026446452873468440483695811157105390043496133470214737865166683683950959701641246275480090708362388551623960000
5720718115818044989873003923006475608832080014048222627405290989942001764608241328120113198501090696196475220640858952581546643705804102629568651521235391399174184055040000
-75978964277811079138755449209437951944289668428872750198403776183208882008613160819349729499129750946009135268838687676194259770764931205678731621184347114893115322544960000
984303517138993681599921301054386024025534116456803592740742591811432175219523331655721637702030236327371088376436300538631831956946240494653680518807285070413438508055040000
-12441194803858708748538468087358517357650220151460277952099254342600050715736333061182036366207699065335667549247670652507983257202718874723295054605033041061097336596969960000
153459726943089417948138175231318846094161988344688170310807416524352399334718177680814250867814294846554230808192704637374068446122262963762759754466626466839219060077055040000
-1847674058040098208073108091288193884609030606582186890069320160066354042607208676335976520479455445050642143156665866637025435210873295745797919142513301997345041831359850960000
21719597090430542201022658379224483214995951620231421401631192085677957725341881583051479097880945639778977029759990595569931646560469762236318396450768611234096818262515799040000
-249326296420524800424570239931926986490101802383424519707453716237778361360106634746085156028971001808431614743444050833668493467800307486843446563983120160221654177599751600960000
2795544793811632910853638985736911948417633528492886602283504634740986746590091456947202461679441770305753760129521363584904130250133266139915605733475206458279007460621286999040000
-30622225560008390426506661814224759005816470302093481365823690594380417181497098463836892152952862098927523844406546317340344710590781880536022132564206853541236628916486390600960000
327768087434549641573467427285774151796329200130995047084605929242897318529930161950874657282575787119822582090822423740174769977071416028784458504786967540397059097322170119895040000
-3428797042261013063634594313931662348148036225632497992011694122436901864382816512968953432503889872009003398089637483763727148298554486536358600259115316146065545845674164397673710000
35062720397298930059588279998857351949135025346525287150536418501901259409443838198726838501625493455757069927791748340717480210510545060748462013235310793741082214803633266201145040000
-350557837908063365603053543707859411860463793086079195906045131296445317550417199883376693020052218566769014112504317724285002841881824997722622966770905635757231918748403774875067460000
3427390496857694515411386876059781683717690287591108342873264836378999705025117616735505380262573593709016835865382485625128671800886031892844875335971356151494846585261406318092895040000
-32774421626201703803621387002321662350550413375089973528725594997874184679302687210033270198760859989842473492962720018790292924095972679975329120400226093198669470471562197916763308820000
306584296564912399152707306470889354782758812460012315851888165579565356223681955134811761145628497565996293558717242924521606900199401726690109399575646967688445794557234699932283303680000
-2805965330950357896935788391913163711242702506848792073023129855310629833234834626094954893122634675771985108511593097704332173264502809671007199840156928095949778643169400746083424496320000
25130700526494410965713155796589797642326008237415857065733406195889792085459614179756643804782755806687806303170659795595704192185879815600001894618941528887243299798226390921845853703680000
-220286296802552571121329381279482444958513915956098372091819388685846458749106930544429330851298843867997802126230314770768594559629352758618766607519159339152242049793828207924305061371320000
1890166319956596211163515598098779074201851832149379229014613530129802720876690760045624915966700283892298601464071453724690162842715353375540618691275507798984317270793301448493356807775680000
-15878507366890633657486033623081671238415681077318241015259910688449799663655212188496483641258532671440919606051285194519382322940642532018859332293592373232318505061668648132951179755174320000
130611783543042389320237986067546464367982809078305761713085627477984831262502686965136242763487079471187007146430765523544182867085156004490182241076194894010553544649114036734108682384775680000
-1052161676396416833240644839582710334231827222548584334389852421421376262882031461756787251911866381532253290336572458792672750889419439586582820092057643041505968930793501715155485760078524320000
8301813331546645872848330093581482835807458223263571235000616563734155070079383667277860798184159756784744756275704787228374241173111349600590849819867998424622132097323964715557264295328775680000
-64167528250652897128771906777041998530486985977745909070531625134151806027204492353897680260344920764734979614106222332688735612042581733173161919785384673773783876396878000001858937456249896320000
485925416435266448640770553520422581843077488813213562204113525810965027965448255384146510754908082706990710000370665411021003777779485920947057849497243048599069134269483395193040037368552903680000
-3605741684248328787143779009266139536075852657543266229553658410077362545284748808945451320757142797070264849931800215810207752920877896126249449273680873740963803737797973844703711712237107208820000
26220906087599876095154103194018063494546117500887894824295912391427956496590229102000064832032676917907158971357760266212910259630436050019501829568244280060375515692455843004448888303820880803680000
-186889528315503918345493184422799261575585743150949893019367964674175144838616215103813789267955896447277795349176513981150789815274519919764268618888650309149932567180401068148591572383396765771320000
1305753679875430023071725538046627733049839143073555396218495269254728422161673971689405983240765582739392687354548952125393798028836721405385135756923348851830152681094068710542900664516133168791680000
-8943966328807855959906203263690519584383964326541804943078365819852784181199415004209338590169301649487744099344636026192436160115922397087763271223236336230999802501765697011149569808842707939533320000
60068119541623131385049068832686946344504649304181998630057172913579192525586194596171360408050618485448552963499777756156608285222984987848681722783216875427949290876056039185992172543338680482791680000
-395598005608042428263457674592518361587002358937287665640252284785128234256591470171179971328544223336262407017085113474383592097330720078333234893776484537030909072294255591022311707440153715811008320000
2555114468253230185628761581027476832440758686380910885539159309059174409861230296429405048908549455774867932731493031482312044883147869588635759926867621050419819743543661703076387120210876312614791680000
-16186827594888953033609984390918859308292236886465180245368736664508554551360467624428644137964057229379328275238225819234299742671191972446062305508923522939204726118386842976607181600085916084603081320000
100590282213877228523322916455389761307674399349644693630532691529516175623316767047402210111913242466897671183271275045230074980342581136604913107330366628720756970231221127066704993559334539241959343680000
-613253345765213221810994676301970057163375616190950627837151771169028976903748102569761082220177340411768448054368366627198483861278295815416986043554474486478783138655686394192413183322196682703213706320000
3668251356888673125851528470263935639702349115130958293129148435700472357319161100545515162707196020748456439627742726306758807291310771241455189966125039535222682194182364725284990642998579615170204743680000
-21530698277045126231462967801303975516876775838414012421735985768309828939626493897186017034284712127765832805668844517849809807442345590125526108172009540388547856747058027711514380888396124589587396456320000
124016822075779927093226694535510898977210228829264711549199278025464614692248604847791458117479941855931196960652544422814904490867910599123030383070774952638035654863054239618322833917161677636023403588403200
-701082499652253255019526493314913559606049434819707646562678634637655814059877805271128469046718776872510014866566213744218623277330820632444750179530044168827857268096765869961253213733392756749525349499596800
3890140702391844336984781638397390038471262956080634604549165297633557240690856473466731568343055592720079130169149349944360463068262082170083412614992921627715166102398670611820467333144256814313070908228403200
-21188967677133214140433282360365080836377806241674311080601322041388933210235151522744420891754310556026158548304752022606486333293138212581812367259190876402522530404306626224943257158027747947150437067945003050
113303232965688475877189784120829658863304050874896153908793223996812260848480543422864584377853829127902871958557181297975817551935377123272639365915019586911968321945605482122489681806979215391456913169522153200
-594841973069864498355246366634355709032346267093204808021164425983264369454522852970039067983732602921490077782425201814373042147660729897181356671053852831287833690214428781143070829486640880805148794139991304300
3066377268553842607219772424563932372462996338915754917358212795302342473015844628235040854851868829604725729324891501270712475995027026957884245472181576648624609263511988094810361742305588187142164379977867883200
-15522127035337320465988931796313326399426580583603564018934327752436978217543073465045847017836873429750138547531264652409212069285891804678165078907936595614401926173727092628005550736518318623400254848394623804300
77163986826808898891808621541105131452313629385480411870032734763881401805521380983790581907428531964413374600922001722780059501652110449215847384184991377237155734072749483709440675536574982557935712044119488883200
-376748137732207025893627202154552560107645554388264771008793708176359913950114387918686596415813765247725336260204442472399478528087484460475836730013032359712865117533073874321839751816439749714394405167961209116800
1806737296998348096740906308274781550255595141483365760557946232900623126432921673749970289533175477786073766208058615752412314038674685423626234853395831453437827779006346042015297355761691858712651358665558830003200
-8510986913395819167438279938023001821594925880314888373251151455795760833854564906583107772314881390788431075688902418463015382238088595711241901845886970085779871137383430162994747151284626403426394908584097929246800
39385704051889140050456563604716598977912988558827318692903298569161734934480904125216176070764629872572857877885625683735077203882541588209048251197525636622648861820479258896961572730138926468964939857210315400003200
-179061837981338670169532647209618139892180448561847725254687066446996018292495860116852643372341546891263947066016349365861516456067755369078324230042688885970676386540585733803708775916202394066869011645511778914496800
799842288967519931179097644261626414018670950400171113316107478010534877217305662829297165447262815739539552175636613822851421573648960166292412108566027721899138495108882106008761564964128741656594543815239820270003200
-3510532291246474595902136471816653687038580025927281633827456418155931776154016308412769829469427741020096427342303046128101711269038357056393099573438394631447621889884774651500189470716284438826966613862551302996276800
15140439654979011003019606138496411334512147565168192566314643283454665973268445970954405525779719944973952420202124258699660637344822940870347061507213002830785417802237317927580717568386755843407244370958734415980723200
-64169664419468421906817028377407350181449248317141385881264418252693870697356410490167350259802650576146545714287529323186455947635683066342031850003368896792390031283326890865352891495333294045498239991395774743311276800
267285213780265162322609771092671937945871249188754202348407163631055461417087858570614417611078809011387264793395989908148543781887473268069289689270230776722021287328898785092048407550809753710174487236888185707676723200
-1094211733824890497897570450341716249049337599941365522914445202231706552094674538300582913608548853113795019340595688045564319690424658480571659550176534548859744649887292099135749289572757001480661749954292110172596901800
4402868617435706831017096794240627570491032625685589690300217080085725294040878284909836598871973030840763787691528904097728487315573179902799638427820919040833978472316999362039685607507978231879380929661503568161793003200
-17414217032622771965482286246276649926840329782272770744957825192575877923404597828976515941747850171568491000961020377912150076800931658117148372875359066589119529509409546782426527204137274195511293244456356930388093746800
67706643445454894231660870992048638079199275625314873752065187717129666324807288222467072208889230413924676752128330236043648519251565282445755828381515449051389068964901313456076038205506836448242714296184241929912818003200
-258786883486894138055555139715362674791300335766389086258064717899279254673995205317438173502575568822324135425718404660875196205271196905206406305146496297937880946074255974427325693690797929797449245963789304173403535246800
972435339309520137522932839764623926029883303048297064636403361381445544881914148389800557915358058350235064805870554949274914113262660718883799810843714569576585741421500401361435010605879307032224039245221337388496758003200
-3592608336893504952515279658019305060054846647372875266573379085103673818591516159328985394520628382238368433866132883562598988251775940989209593745617056604269052878029432038363079344738387439869049922767067718685279689289600
13050050124769424770278738756887457668259401724573966978583112554038273775317913002950041064680344069580747649950817505731709074293456012301666391491030529195736153483176600988789249754335871291597482163205982927607982324710400
-46611114367473065333629319639764105533346350835940457454971305015226471183042308644236510504609014584741727701765556240931715915848783050170784811817491789290224338711271480704461464637186220345131398268261812550603285553039600
163705385912946539342546377184110628413413797271463140250242249268736791609424001345403432339994649198988674643442990811416205550746445694085234059053650516821952421354431887632876405511166743213948611218907820951787762186710400
-565396544726915925578033024488670832463919325379839532583786995924817079774679985081828712242225574348117867742021080046057091434309774850599908776481087037542979460310345820716869349764469420218895125498799152738235107646789600
1920347889686424121838397286088472005371730154047654770399043449218109207476124319778448404535509130772379521654481587169958737192078153082578670391710996972466477584238260935296422016265586043282490832079167985991258471757670400
-6414495381522013906974090934781632184609737528450846837235693743568823116638998595926622795705415915982739929970872523810764948537427719671669030961201316276085942486240302151927631873776020047353320071042220842095800867468329600
21072667370446127556133473468898431895044752570239594851393465721904702855814010722696831818939582101205661429239375775410787556199713863772691445945646386740733306777791987790761974871633210246033609723425488859976046535117670400
-68087743260998040971209826288848598585411183587089246927906118354212275158340567172866894381809230566629941377338458957715491710888684504316979038672559814168173740506468495721464975769940969862815133548358570619072580098106329600
216385492842910747351405493586141837931500974412448022434859743406148136360180156201764873312451280433737431668877067619900061944529111499341140140149050500752650251463617136198939203878807692838812510969080376481103096214637670400
-676415979091950490499852524384023460174545526459224726380845740862382992664977226564306015110504442058978045675854974073535252230896177645889638270133897121981673295834998489231254288687561938258826999621119419058604502913139827100
2079898892694912306423372771247413520687935521041088213859763470919153352392629330121578898513469621151529113558440833824198670723017975505882787264486406242445402892297084201446236326744856939430637212214100620217083187384317610400
-6291131458657782113861978126596209902672192104700602937982086727824771843708249842035553061381562718969270407079050138309659910099980563695796431025841922493962754419807759525796512949753600392811439282989160239805375723889442014600
18719247566549347841223702163280137380618495955030707435925772454925483190041002653918577395482736358569560062555662152666960512358916912323944546320108360295183089819425730628603602986778600348304457975685613004556203968075717110400
-54794305534907183454480251621537847108815941702989759284763538801451084401722862059055461026508043975826252757471175104748554959008966745625811651815727658301586461867696622050094179786811883805088551158824829946300765251436389514600
157791498767189097624655710821985939883605870689234054285600052967264096128377314432688637079090198262801771026106157142783717494446390922206194068038679464126515284129565295453714736282315948221081447597864707724149862101473386150400
-447039647164163364147889631592452472810757247744150580055977302043160862267610994354970576575972299614554777987991057554796851541367952275573935429587446185400381830334991764072291179664106683178676423737759466806381752953981919849600
1246049482303180582860638545715905390168777131149890261078972051763317178430026471267452857424424779763958199350083289113259279695212418447919087975704030860492813724512206238012249530007135326601082522703520022649105093321049106150400
-3417144131935532890235129112703968009653256757657761341332678421858436540804367874949408964622587244136555009491772840867891918498056136631497496046182953962337169610649421592559032237531259970742998453081602652815454341274890939099600
9220223219897059159450999262680529067466775630129817583714209232943473743235454147792488093892898126190941327386085298436442099616056794698005078089109035543347629245302581338502477516652393767211877482871069879786077985925149516150400
-24478256973930860346327955654988359609044579938467482841192827107182976572655370916587496505326387845397922953069113997319585470347472580387696872539338780348212693904700365162512200258309858539423228369317745208532416383048688464589600
63942655199778900745320425592511571436587708834167785278946441836977684844078788416696396602812858971405729860375199328725392995007740692190206829863713737495909114298985420901245918557188202683742138632808954892395612085865429351910400
-164354497162195355312834994675506098012762505660456752311937749585100734627791885816455201935995558715679526240967770827325838586174405420999037234642599253411520584113343374484574124290398462691807597477603628277875024966917695827089600
415683050459071122181174037119753737016741976961272823114853148872123532640092705695559255763544382122425654660573236010065711437704493726751415767767255607813106423035973138928274346362591534361958899350619273818772023452029867463910400
-1034525768563897145766590121645406405419292218987149753893548352304321444738352004275818944461861066473201567347718746205656007765873824079039253094381521429287546435108255385292196582245835299334100974605952294324569071049246878172089600
2533532494442197091673281930560178952047246250580774907494404128092215783032698785981597415008639346464983430239311215197524916977650181418055313700526174928867460657407972372144154895295923182042696264341107659570373235222645415931648000
-6105554854649263000268557038816722578492216082115323672183295898694338067781764323177307122707254602733230503742715098892046666046765508544563891801090471082936049542059908626297424418225250826972663786053697884790443944864903720747727000
14479182338441113468925044328128163065902444573297586502873700152874159439621882669564340067945296305808295620864654505004420795448641521364452070134821336128756638793989050761256134717880022836373999446156772895668256992808033669656648000
-33790090306990101344709844169490105581867587873822650031845229863769354346833784448625706001891906140252846436761564788364217839801414049084994019626272705930324284467439224919140255560370116416624475856845030446869290187641043352104602000
77600886525063500432231490071088915113015966608637866481798301997303585102132180483370492507824787660321633288682094297524815253080342417148971628231941911712399180682626882008989000504175108342464199976595134995862483978882635811031648000
-175380398635733790714510829026403882998475128238194684355854341473844290713074966539963096107576236926760851776658838115316499904531113379497945909792714397689519444613745476392228998824636490999288303805128974076297234239311142199468902000
390064935935841608211657673641826944562159022738860763740574791280796996383428294678668875638180608877369515700206635341852246544481396944041339726233519791009100601701289655133951154432352897657951313099628142214685805549683070273254848000
-853764579165694132259189499960937547026358269158016671656666252344193425757605808250759936983568781675466950180554319192115376365216935147927218074256020358892368153723741132920740026793262209669699557753777923520919441738847128302175152000
1839026596276285106293078138170210842136026160947854239500291940013160648584629358415504160000200592282286240802187774171890315909142967357367428200439914139241538091224455503728702038662210360319312230825839060321450173169502715733694848000
-3898425678997894192862356004794951025793373746014489334673217516623479636940875012527242381233884579026092899814869280616209714156524150055260602390045256316730445039847824522894175821501304801209732971825958279779364292243680304982618902000
8132873439896264291318399378885595419770544498624822162035580151553438891967230851554276289849506470196144135771560749043020411710031389742749656994864318510286450718630669713210932174001261148469683979207404563221230400765486450716113648000
-16697591269580060016997762443139812610442883720453881759371754612807527201339473932103384512421106343842118216548681594513143046113765163083528887347907783543390458668447734971085076349495189562800704802842026208840350738119196933400243852000
33738025357987037677971743635290874769179913413377261848785229601147549027362574570239261520478872425019551737495028360602837801087082597810341075365431449399233499604731137925505080344017046920107712503920792811113381044712458993003163648000
-67087544142844244993366119127203428294837412138002697487394599411448927489590004056444814930986182461034379687157313496251925178197183455656082535020311444523187233638527306036170850827802797492985800772070428914606709291631856340178116352000
131286573325533554548200363692730563296725020522800049415157248600485031976492809371566259145479076698752758255677188282578723374393099641224568000001675519104976914987475513035818906421061189662934392015083879590343702760903482142263963648000
-252844847935116908032233525920695080698194101159215330625728745400241602442262121095793467232394260595035609909306274663332015030600561012635404160668046827306745706772970499828678932657182249620928354704950324889713183779828659167338007552000
479227657290801334639422025609510174057617196089821683089427054410633079117013571476865861635280522863494482376280065111192918156734880914932770079910951723562885478717970237662185140748559783662439904545354712430424834277362813778855272448000
-893884899711718494225838159259318822655593967565435892765627541458592153677435172209222371742174588558396921188026083905998704572896244210929150484612547511499228743547264309675822278184996725380127774426083316553505914435377182027123138802000
1640856772066054491696043114647780714056723485899064259543680334365290265506411107277451445414452191126444948405392668612756514909832575214542446603556271272954207215463173358704771244682470297043990891142255439143668834208525066398737462448000
-2964188837177143661279686346099159394409676189892429587153663573524330956039839110763275755188733925563180614229308166285277465517180544060514571211850019331939727770542185500185425979241058375643636324207429191517135199516511072892543345052000
5269669043870477620052775726398505590061646559808763710495401908487699477404158419134712453668860312112321091963214517840493272030543189440914793265511145479003960480963885333662979518650770445588686798590985229363795910251575240697854835648000
-9219314524403658120734251452403091477573229998911578514647164381183616050001459891493775752255061243147568416018213362389153277798333434483924467424555877147500447208587613738810786923911902094897179587841043478766955417849284682217360621852000
15872548101279466644205718906536240567021385132502152336691616256362299724210815638384089274721692700717563742551288206895144564646691405562573042733364051830435978270220567383142609680952811213188949762714503364613695101626370309130231835648000
-26891911984365969135159372908148240860680732116261745239143807860520362972701933106752106767582123019956160119987733751407570582807822922377095808371410409311024082049952053518919377553784477951005592087268136618227891091345912210558594244352000
44835019238296476002620197391166370914511872357871403946093047402413990679772541891371457721341433051427628488221765440340734833951256297240609420264993330076287315806823928222346228216738627111365703188550578320796906174465859644703937435648000
-73557453437830155941798761344882327281621040587132772099058905894585453459001826540531297824075788599998452988488833925559018086951279862660374830122254682156408877495570507239786780668086810104584356793715792557557424192483050979592397355360000
118752291849930301011061171999668446687370380714713693408307172546928086344643328983926471356588184343117722277200953044742986453387546787509227195363826127793114344342246250444490309207576399155006313891074945020522398839892936241502302544640000
-188649208656120283350602789682151465119155853551329681414074091551426955321687217627367361038265922392540777270131432636831808766175722240788540732052704965926807786359394770122103380382911228546874430760057078011353848034523576612842386855360000
294887704743930795998748557357991428501432780760573000023514200329460039166245330162937608984467899168577415337251240377930980938192514350327225601104298650419598882917002924414215616752301917010251724910573824581508152951827773328468421744640000
-453562742525813781264030574969426983538740168774113734104794320667253163374476099058041940923846735819912336080404523388864479019433983348954618019537799219403789525582334683507053234638074139895934319968303535602598888944000959798681641855360000
686415001181243461948657812446295208877189166782477893850444230682624656528653894112824924277374239099260549071117850982314833209660948030779624177099441531328519067865234642975576102866901018379093938131686016997627348883723046833935810160640000
-1022100987596417973349838309705649636010479457531765379265616940630699628178648103381451930911560957546497663192922657312694221785400736287985052128540310371456258633691589967362232028561990019095969621467695063815229393642510500668997311439360000
1497430782453563319914337551169965729659825396765714566239080703517767039103428629323298709769286346727786816602462431689460488384800499923324923158562545774196319447096157478380626801675826400587378677618054687998899400576495115171812066160640000
-2158406088770956504095275610866083415017482700806830761493049920304906396207676422735536030878385398213098966118393114427386407085903845592605065021521794494837663578040945740322075350853046647721651297035399140123413589112213662103119735989360000
3060834384808684088955787469139641287054851043217378830382213874759440530360758872963760992118557384375637058612159590670772729574167894768625446937871066097118294743210282341029523947099222122810145553983671718500142656165540236837884868160640000
-4270245703522772983514848617660236512155322232062340873906251896702371397515775275716448867122318437045602495036578657959621138028360084481625410949036674413269911203537701157184613624609515671335469505869510260333815803187865375769860918675360000
5860809358910525827916967496990433544591065107880264970669293499609211425480198837568291178918760714656779831017162739290777161745803432136862134961702049669783802119920210496363707709129171527622527092532749824744221397497615191056840178224640000
-7912953290940940231484280542116333613370648402707421651058726389502192918066125526488106911444671567419189589844082684738867233710775588854951299653147073602975945541982874090642714210966252613645037524518952298756321169044873340346211259675360000
10509442868455052890482858523347699931831466202771460667111785962349713162533722579824712249686132159986129029197140035081777954869547353524299532982874431153891833070548613837769564845951696477502157444012739749914278215564986841144863357424640000
-13729789880705680832052994641308619513091641004577118531151870083444427216377633160719991029488854943659055674902517494080437008950348253428363105049183211230373711258141606631581694802350512021846374742725089669351501252490121358172242768175360000
17643039889971172340161122373039091380803536520754588226077254363582454876210522655419523356444304676113529628755209067569020191057883964383878170685159172462611107598347462064163389318758689326071923411960418093228321782540036964314358473328640000
-22299220234733154615204072899857299803553749680477908802802417964808251491667916462350691718239116136096937771734952064160612818211856127738188268328471177146513083075423342988289842779875710538175909886829001511908026988910396085147749588771360000
27720001606751894042251600400646582031914508511466687967059023083692917864390264351338106360696657438946895228318230457807675506526985289415417368703420943860525596867696931452409994626405415108893054877687409639216128348931999941392016605328640000
-33889399321477396594328344307675428470588857398887426091534725616228478681065119709559281997787149521510259230294535557383295905326242999333498117562441298275406062276114371987132251026613522078145681791274223286089055491989271285977980742071360000
40745570827832459648784421637534578247493502492638696819129259563691311579511250035070712393828281103570976173468111556909788684237869859126516032841696691556744337588662854116177605204200123790458760134526736547800072890266452731065538281328640000
-48174902698816374037224969591072649591173877688868789782534542944880894734246514116878543734231888143633246105923815781904187137510580634060224792962109363106088733853537847661121145822527935617954598113601084689005354775733424742463335292335360000
56009575456063327600372282984776506099081048108857831719486527437646991801753732675678860535300741924777753258098277172040854249839290979391818444412694622849985517559822549529884792374980575666549290540380499846040827697738514579472943454064640000
-64029613886252413366053380319075016843769282759133980539477121223205688765169366380172524174567386997482010313986588632212356328426984276233959154627376587655040866099301239003799186088766752163563297993985426138823680572159030312516944792335360000
71970063700978601972871357684952786935175206199693397740445477847781077021816382858817257762304061284386463602939820993507648843406356715485398477891207177774863042721280179680998196336497946448441233579436734691139746410774420526221061073264640000
-79533403662220234789416133455694895622778420132469690914181307820105487479725299209553534073301935071706493549095386923409710234335919035334619343921188353006185842949861780196342255035524446600359095199820382292111922009148414456282517846210360000
86406660768831860018131107951866059442030876193300404943801914668756578990318843585687790104328028226051499164449309250124129637303220680363537065000797223019066100982565884657754548680569769146069140464002390638343816503766178668553846548969280000
-92282029490935255934862436519428727318179619889348104575132168597110240178222699482255526321579403471354123813954604320718559550185084675643170635107065700494694900589278456460878942673200727095875274946567201952600376820110057173446310897480720000
96879207190933913040274765005240086805570547022728464846908532912132499227253297195600437654372477831636024022195041148355124249001772605980961374696808130061926591672215788792868235029778698072511961681955779402431057937485176363887357299969280000
-99967250556495960860906791890698743773807512173864604163839270043469132637909628248484208145163782767135810337306944487513796934454910825589118750002144600351104268695931962269895448507855477518228957690477646255113195960769512644953865284080720000
101383616895114150806172018457217100910855603963593659690883616597545095444682322395976127953173864394030452069551162937852706396942277556647121366871609207014990740571774860917261675662969541319377755683727677550617650578317838342312815759969280000
-101048226858126533105017385125836893110110807542164002026499786107855674051434318493910044354084914937150389137374008807150925232113073424843468318871561350470045119029240634061675271253876541891572630783072623796905777443134367232484748789118720000
98970868771445908551200851112549228490973393403115747491857064544160884327957932230762439949061936513094356137923112316053596378088073114747081730430525710180964339141774563793770663533528299421321788857901981037114813296002222016802213427681280000
-95251002772548853835849347660544786434692939054600156729817326851443184621591647731230030317355777595771416882813524470197167545729419504626441377787449136316218299120895217358076585569639927138895102270886231415420341177657013649902858534618720000
90069912474563317808711932647529465571504295885113994471843325374305795386432404868949968435074807026405375989539595354529311520336817397437841820075825468546655539863881760177830123907293103567984655642546659101144221383635735650526131366081280000
-83676060663097403272908307799093731904391336609318865234644570795265569170728869955413396601720731218975364731022895684300378912411672952557995024206245265532541103392062993251626133629923531401121547371625137004458057519982581576569029448118720000
76365295743234207785506178597995909243663619105652708154388164202469618582249616038982982140818919935470500361132710592824610179910336202968274318152915552428068295354639653415698635309156106520896803757897816297413962861152052719947108812769280000
-68458109220840648529922040922496009634926760239983734297623647128431226411109255228569041139560253042554341649867048031979674692486770616884569240718488232856596917530196122798628575882484473615373752420785695021430295742862339131252499208430720000
60276384653917554410721651727162004887125244430711523499141431971081819747330722045685529359577202273007664737414316214808645188478088049077663059142472788266763822631226823499242907099007497500790904230489724456192147025209632432039445260769280000
-52121982853144829683489111348918193654690374928689378089673160076540474066873915975561805549774926638905946375667160202625913600325634325469123195746371365759733754613023816146748408174148828385817373068879619970142425560373437718976839000030720000
44259110595209061798076991944607553527198437449294473046016473037105778157589195225550144717114249430043136902458989486671579861525438408335889628796449584650305947615589838734999120990159744612763884794260203550914518467469988675290218988769280000
-36901801846092277653691797537148919412217099973999428264495505514010503403094116331719543403462010918017736974663072397524351091141652422922414920537317557340814984969421909813339110860285099566458082764658789505775516482643163300882166092632720000
30207111912167683902948000587217992536878666020967766006218458947988419169723432221815636293696696804225741408091822008365864022266123565286811435444056162018761860942239205250691184496503069399419484632890919375744067003853007971232273974417280000
-24273903655804305924401267939947168000444759606802199918356787387324687428221338088089366498491569023694891339495410756364079071645824074618581943914908937927138718970745154673567000778463406683390485047272719703945965734381640737213340029882720000
19146494211125359493554733451387479835199836126715427245124993299666965429674288180847268099946541327501113634919105342823982571101558063632492889291618802907659959944815768667988562520241013898382618360374844500855006859465178055114371542817280000
-14822003018284007889318128695931832137270311193969822062291148484754615185572733606004261950054356074361711003758845843614191963173537180777310614998680109634693964893452935402763451659422670141805907310053013440605791641122859973497820982882720000
11260030614473148850527391395826598008488566271470618676226178607327121240518394876031559265680610362197318146962155276448265781269692552160689113601662857131895790073160414066905679228149500349293617215133984388032054957687670383865066835809280000
-8393296334659747364307622752236466547110032651526342419622689715082277613169149885367631814984246361761498187112761292307899086643111926356939077689493849929980289417843101297905484240574324331685600154628179353555059275007157170760944211390720000
6138033884626518848136322455929161131404566814412616063103573642054629611846691328911509138935847754861594242099083050330430356991084622044963757645502427649625474809724594854977971854602829982174510916403987117281262184492768678894430115809280000
-4403228944842719792186242896040103379921645623352936936137369482653035787985949988991036269494480664546182354898114647236422310431901089510370804355443753419763358059310920421378822453774249831612929177657718450857937188508153077547820485490720000
3098118731791726072391294658099925321296460842133973982710869281322172758747424756370783797364997734071428832600689559378746905215742538488095610864371192386957577006489888751185138154601504405643173859230339989681241462419633068094806871809280000
-2137701924936290989949993314088948471694557981072442048070499804112299203535723081895840820181848436509285894494475795971335364598862351556785971496416122747000728134478023238317745326675038039893789962868934592880056609069546816985416741548403200
1446285088307875544128323598351253784186105607613081853573070009213863926786982121596932098211633271817460071537476172243015167706257184374159858558804476372885494452532360796019992965257643869342278747596474152583602369882706044780025764539596800
-959293496545351880105648751041716437448081290915070243675221747576485929393337017255359928646576673000491869381929230458680427673142776250692671364881005122548342023102726900496947022071321765881930636298675481559805924380030569919681677188403200
623692889316054989805756665833743243307024809053751242181381184632521027318550724274696664384007480566615157809032586898224385290279644681979506186956332846630501986180741500274663676522366020543086524710676293030556380337129969188355898043596800
-397411355119562660052155291334852610036401557371669970469874126093655944448482573690379210988935512409526048148854867239120625192171025997140174837863287974954016153355820297829858470428389000224839480816095104008201721112267901037945976388403200
248133810347623898471626371829219776508695166924871984637860661582505672350763437013908434696667155768193118874948213916313685241094096970148267565048050623346913584409785530056013131863015661808973209090864455559138637095856621024845930663116800
-151785832565702735379471277164636102607072151898974502443652283663651579267421805213174060646891626092393401223416121638352956049045124106388456701892262290029211710897886537390373389331915815220030624072931902449192944679806458744278694371851950
90948782110558092558221248846578122254348854389223378229950230560230660586647570184508117067046934764077597644444524973269187854426408145989031816289242416845010260117409159923108862453631399463245953433214022488292933710548538377016663514366800
-53370446157390025440428462850732949242490243995214445902290817197181206555721422074651036006789260243068851655394020641500927630276875316845105038400247852358376085728714007507910511331970676257944988087476307499777812085627913850499487613945700
30666067540591838830307757369726909193401171189331488839729539780983474090781689188374495488225954395564255425612425748065946461462886394246921313040937869460819723145563612727671065559241480384702547976978381304265529569154340445933308248116800
-17249662991582909342048113520471386421288158793998962472347866126803204176064700168460653712127099347504893676906989483287094884572873596763893238585527551571711094269379532159314974377073332716395183237050339483649360382649316500837485889565700
9496797769209574609359411187031295435240103747891796781652271270527845589746634886715526149346232937402908537143021000590114745100938790872609797564798304401659589252635897507419867574430179683147413457264807210622063853890576562989519689996800
-5116267675297757686450678647916851239592889060963617166573664761019029452747804684249561105544155938728759405222394668475366141084112485071673896097893568193546023980999477386543530720383463592775399118103692026339003312463251149057680608003200
2696564275479695444740359710107949063751078714546829178166657354128435248874119440341800512711153101856260071372834940998683630518908828460335461784105710969710619645380400867496001907535160964279083841743963285752500466381764719600497393996800
-1390106431555756107008671717522791866269405807147512418823889923044085027215309879649342151934099801948369606639614706656647500013112306269389818733372562118783471838252875671032252245980125090185709414457341266267814354577456735114300259253200
700744288744375453016831310791126124114445931976104515861384169110154645260547806900487179472654083146632738697648424573091085802266652074566031800090974709931433294042745443282901096585210796619068896714701044156363519430999906344552925276800
-345331174801114077551640722708685861577062230794205273949496927365905115122251702736348683659788219023686146272376942117122407581537055390186598491115554824475650793289282758519863733631490124757056834184308195894174904729486343692806489223200
166327080166239573662320075396280460423207069204924073648528195065658348873425556048692903563558028425104679802049891070621203645999471641872477462034026153448581767711439531997054821332475486030920667403840791906498751964421482936164115276800
-78274972665112828989753854818301345549744126562091203683920437756381124001317905157076587677542672627491691941260419470902028631633272178755452365423982485140280579338582752576192498550052961452037612482139989519263259010211218321525997723200
35982624490157863262187811482372769286862932048498525439697204869035277411586887925056254232332049892633927678363850600186358403043755140947766994423285380048731957699846832985924286173062308560420380337556205848022733899692734570379635276800
-16152693915506393350550015511120012001544436917518713923375734284488058344227447288716953631729304975808577273998038558176935236482947695301998283847764253252328577719169926055752705967262881311930822312023687741790726568826402452889898003200
7078584182904069437972000642827391596760748869887696094959554366252688140828912508545178247621573117760151018999644244446106175718838096235066417496445374200690934836314387061428154421241385222739091043016439948826850722227487868408769996800
-3027323233824443948514166202688439358687106063366627813319302277554624046604233627309661344790687108280830157766108125250314196392730268746941724102576612309202825869861368958297040360652285221570712312014532553265981613619160137926063628200
1263100850393872305048994515407421410427273278139363985602611381111226359580904733389972080366182376244155893489714047723487102349801291268565254500848291757127709659987509950854093937324309480201839150591097482541815457836565681130148996800
-513965420090074125512037581266733931844301392906913399703955659352747270217340544252893828695009129573801459723710299481922418478396287055295966217518440845123533518074463763235144596026963747544967555695660890220175827447509789984081753200
203887108796062463013039701659530815938235263301916059386693154123403875788697075406106642788102795202830331130066895662250215594735717178960383292899877360049005031963423641613941657928051734563292914656129939922053220805623718340792761600
-78821039000935248283855888654845660031572808613974559347809371662730003388223852310891022414761069312226297278005408663589668649566426895652230723490449595359209582890816829734942342526822037533533042476742945294640638777368369058732488400
29683858032439168168623333531916487798255260432292990484879245181955273467738618206616885189393004715897393243040366598588370307157286965511955831380312939142954034422617825229325208586780090924799890463944064789505088012496401521212761600
-10885438389541929313531311728534304392763732931934367311888135806917271431980489863279969245284756827457792323132951578212734885295076210982536362211446729054532119061790432493456675852154838736345863252919604836697941350889712172153238400
3885369152696303542441052466766833843971012137316638550294831326157031249163627527413196972173940258913519891906911867127383076438360214359255280477933684305842941329283865525856557365350779659185178307307438249544784914031419984212761600
-1349224173241796733966296599588355247475903130592416894537969169064096629572445911145717953666269433021946161443439739573252605306560673927687819018006945857481812215430526006906183345301976737516791829291390387038989404139099605487148400
455613699868533429344579381358188274194823787364853586909492153391232032660676761626491856949093959829500290633703691898294189130002581142689023774979258169778688731300762977269113520841072272756775336384109032053895131418864399902601600
-149539424328109640351628017112193452853969816332302744730202890896641860123690007484697248104073002433350775688223681683986930115212984387170240550660600793337779218546366058921849152551089323867317955019385718093138132201144053390898400
47679940311935568879860817902295846022287370673396882086559465368985085843480977801311402659361562638290469452415187297659981363509080764034752122035099724789590706898575380896606774457723494790493467259861325490721264391969116200601600
-14760469520540557669128704153471843127981716900714723626503958673851773066180774334469158066375704938448159241189183837969550618248589535771470513478159157759761088580521333634290995727966895722870355385978444705636521159034378873398400
4434046861202703688848758157521858692800909724560655666195095003286959222096779239902092420062384739897015518436640020270323608313519047987982524208889916273784802232868212258254235712679498376584015653036307181502383703052494238361600
-1291736792209878553982799380600376189431669981741843902755182635255085227924888166996270725679331091581568570453649262103544687545880549103937057672424541724387721311641359356226957098115308411360219436111816761553380376302482825638400
364707970712682388415835841096071928291261483026239505183679871863107019153093994241344097857185638599727551317486763703335420529167502943597229700857181006718071687449543556294408263712921273957353654969908710882557928726711998361600
-99729232780362042482392610820553715827234057876617214229733834559788897345333295758438530617028687657701830047163354643558915328680171371813859553977885349312458814899728701296217614646903542325264494699707024878560189784077869825900
26393541281559399277197426630159113691708451949865864912226106956448962379775711131865342617530945654216798785485073107855823857774050933329025653202514071445535729272202239118923314545505392650442959146110847306853299589172270861600
-6755302926106612002873657648206598361641194152447832844657157577141069146547826184463751484451291381771897667747517225286523288211491633054783319681142870248099364715626078442744641445802658463742980922949298314863463420415376103400
1670776968675108723186852845195958905612984852905225624384448793656694562006798120090797358207246568885944010501812694304518649381815056065698112296759087333359231641148221996727055306868020912183760140412254270810457810809740521600
-398980693600979178936098597075376703851402521462789676042547404386891982278809538881224491115332935225730742140028713979338339980098709379734463131852971678487137777320075859393877522789685843884564883408401074403871874248183603400
91908376296205712852104111355550439671578425659566548630938245863727892480351983609769426974068703502941806620475577440102913388000233860541517581981436800821927298911831473813012637196575699759591318877151040168330093363138521600
-20403880706509919754720553852580607465152464366484132788179392844174586153980681816463805985994311994052828997643410795248910234188723304525095803607776745464528239840102898688022345957298939130533548728928355196793999740215478400
4360955830406027089201979909887955172098084886143118297732108094244726256409545323599273672387178432512296688953374786459405117562887141214211800598731944448609310669645664068913710253441657774523688668291495623790501524481561600
-896371137118587265447389246224116425017284636533868442109403929296627044737028644684753008195086472688937535054799654507708943140408538693009727869139924072943355960665275340315319210580611016953491476753806892449360184833688400
176979670147686923273495120818048177148601947985736747812325032962963604747135676357624033723606729566716957572519706412115078435685192099190076075785247737242021646441365794045183590920109302579804867520823281512068575531561600
-33522983554279556510781737616327962567188790674610128315741626272127503214399905544925835224368145556976554471953447835212239700538946627409534138898964598308049706260869037674361888911165697251192487687128602521446168066938400
6083566013631072637117290758350632148298910973086148049737610816870019486923234276583894483061137946067578883379075599584829888944685966410803926907940645439646071457549012508012743545315514056927181130367383444345618401561600
-1056174655144283443943974089991429192413005377271900703079446322373267272035283728573592792198114226747843556142200624927921855719563535835209015088184139833271887405824481338196656865506165634883191168466559625754447639160000
175141201740463289166943706228752797284941587710213310703696444270327783303253857441856691537449566148934355994750854724750256181838197838745491139003747385294608628879449538361238537625022157575358595545762097739923635840000
-27692987920477403327447208318986492803453166926549122337375624126380388612519449565468788086723830023176421514410574930766451519651425935622875397083165662068917493060288384201432184455620855822049979237373746891665264160000
4167416278461978720735555665949061470798167437366736095733333583091760601581203533384709300898348044311619118420813898893020228904618291524421859361293737946651897789115928897243048725493772332096444936156103291128835840000
-595647957303976334424731159014901672521781874136266632277328636805954226392465779437311993113381658125348174939626588366493942646306949151078691355429027273819738117819774766314095293185673895588014425658824969404873535000
80679003085515741077684628901776523233264731138048476933021669699059642596560804309703102534035032436220231166238054430721028512157673306139118635618443898415788232029337942010831504371292567421757396004312761241616840000
-10330007347518563584309037292317044054034888948845136378636387693002969531912592196046718102872250030734379420864069744221393596824494267880963446990789054403294514009566113319320121597541827831383756468620036038764410000
1246847856055461377150947047049822206693979741769804151167307307192668159821723825422311803183850400000363932686284813740862752469261708786446966789750727147151464645490393586357263241982788500777956408948864496991840000
-141437529294704206859518270084575147223751011987528066186450011940254491354376476696844928677490029456948012730193865751659471235892701638671738590239791436482721696851515067705246560834213052969214759199472200751910000
15026469110770514284338803863993153542984785094432239957639204879734623226597909318218231443998898826062574136583053949841682389343383138244112611507969589045786375225037115727757575990011177190432803566358186491840000
-1489356069511853783125151995884857310061707367580302659693167809359753238640427536483128558835478785829823295015125794716358218090486205949793679756643187675974143850348371772184088567168121360446123350359643354160000
137108036961296368781819391562936378747008844004249489582489492194448391113143648068628081676896466217561301256342263584479622562604699887066541129156552796878379843503498746492769146328769890648486702077131795840000
-11663704533165836927620052407263684997575405132305946162399279717930505494000067283615930559319317438646707919376338395207467891610469261226146728001165081678889951964707358642614041961996049725305292364200447910000
911485489347830921187917823291151000229024504618137613115668073783298288867544989980132127123362434140178993668867159547493331341238071879343255004919105689897635703557242982656280101471299663127492557240745840000
-64980643277880477352325392307127067838551394001388385761998771660339199079576998403285617282142425144745406978969403063606339263231392827699944616714434600737255886245931487333066177464012387238053726163791660000
4191243305401209927486848181059342244058744485854226947611913717572898706064931113943340394111479172853319271004325317279723570518326168780848027684276960894113758346928309588628103157164820139315130737699840000
-242141510063086645486216423214742683524023563320111312898304861367149221231459177178528388215321296148361629490706144401805853211827267942804761573772169798491250119205950749246870765038493905060376834900160000
12375869952771079533254461181133441695900894836371062534662438356254698526652413040123016468209358009513333091823649928327228473722943288859927508910366946482212586574070426097701522049554724361771889699840000
-550846393115606868588844683520050839298780978387980622488386881862885151580856286278170336650155456675166253770600928833915345123086188670924149733056066078442692656242741464595492175398973679367264700160000
20916367400071785263777830967870563801952513246638271295438595449319368183375052231983276312302362246762928868324819813231482528233852193123602505562333696869159741194779463833855620185941906005985699840000
-658743016262026440192221727259595393176727101761801024685444046133349242103364682110801426827882014119242632815893983375698546421427473855699395316782482152373439114776989949845550538082643035833045722500
16519559728856244809898010920301574091562221163929832278289102543730888108569349468408797342060414053475053262257451432369688220737071577751838952441901125588192725930297085921146947238531745660393340000
-309251817384649233980286632424533730486114263330772389685574901020231220041019900063476289889850542781866810520829763803764947691549862393583575158073859850764651065069891630077410445102331298241035000
3841600660703212023871133391695460655330771743970334394391828463056481526451531122528398352301338107767728881087668566646659818537977184311977622759383511455021976443084660569739228180588535905840000
-23750179362867556427110630727121951353734861890686890546032394761885159566634694582770638342512273585783951034768870025088422327304785785498337497817023881023369748433565240719409761175906491035000
