360
-46655640
1511596080360
-21765471961103640
176278557412978380360
-913651763071466945405880
3288232695294209536515762120
-8693751712409390605411295885880
17596153465916606585352462873021120
-28136249392000653929978588133960770880
36436442962640846839322271633479198289600
-38989704118675819900071143874638455498670400
35051744002689562090163958343299971493304689600
-26844865550367530833680540191311589410354551950400
17723637661631428367355084810798392428864900207089600
-10191091655438071311229173766209075646597317619076520000
5149049058910085529998540045377135470443294727038411730000
-2303905477012879134843049175805407490721428665910256260270000
919258285328138774802376621146357588797850037698192247847730000
-329097012569316695614084077951064012240014795075004620275880270000
106298335059889292683349157178193675953524778809226492349109327210000
-31132396049887168148953954176821580481817022463085905953103427648790000
8305145554498412402314749478294411540269187339553305440167153232027210000
-2026377016757399975764020850497047243693921132520765002774696852194676790000
453908451753657594571140670511338582587438333684651360621532094891607600960000
-93668548103884781215700588766719829902743774539164654777859363101832144534105600
17864088603173434221084293944024537500564110042436780994941923858787880772063654400
-3157973885294325982860567962771448795933055453057435395883622317703502034261474905600
518874443887849356898172095270876209307286315358477803515490679180222344445696621734400
-79440849608270624666886731052298156758854790343926567779846687705786264980360822018905600
11360041493982699327364802540478636416516235019181499192518076341927435892191597548703500800
-1520649716695567594976983177944465463042905261844421305542489929811866207841451526605275379200
190936580052587206144297450280651944703324791940340150177178891812002450722092257309374889800800
-22532094434470187739953911508739083623295658711703446317189565257715561932733515224136892987319200
2503557385416166776877716444488306969645837013465430327651467577821814564782027361115085711819400800
-262362595390041151005450488621376658961864756411122137397760939022755465105218581618897247554951492000
25973896943614073949539598373516289237224610884701091602378332963252791045416639580270827507940197708000
-2432913644248777440922872344071853385813403271260851480836067212717946419682119145374513135259809709492000
215922770770322937478470656597557093152564064841901442090046419468892757175056552073833867979471034023308000
-18182230478298613747077608958815591672509699448314197765582547902140904303894850843566448374058297545477492000
1454578438263889099766208716705247333800775955865135821246603832171272344311588067485315869924663803638199360000
-110689006094157305028550656057238865968150778999590903699015059849801895902435475315082760716771605649967176640000
8021564502864338574620068972637861490875579923011169368065356684217276170398946384568548638882774931898641719360000
-554225466092710717818436144577317167831717799212871767409257642923440372117163763967018202902062401473760615624640000
36546818131849081136142991715557137868836994379500031670731130023852320075395451840436679677318643812885421091479360000
-2302449542306492111577008478080099685736730645908501995256061191502696164749913465947510819671074560211781528763199680000
138717144353214007727922187532874966132543180370037555937251278325864705986284484070346157530693416462211132520249408320000
-7999690238252732303516403527388173295876327881629449655229686553739352992439459805434797353550278414005223351239063999680000
441982885663463459769281294888196574597167115460027093451440182094099252832280154250272553783652882373788590155958285982320000
-23415152467099911961346443743641697664383615126780502398971153570257114061229988896493302194388531022517090745209386929889680000
1190426351427359524114853199926743909257262993045520741963693447511871678872932635497719483562712917184768893486445231515591331200
-58124935103776713649774025965973298628128851539326447023701308781453360763238589686879998728558622748769113688537123397634980188800
2727744735550610153587915975953456990649052790286379002041272662400630794161214525483108106013008503079809708069751039447591880931200
-123123347371020794582970969920653173834597384241082335367680670038603908516373994624609740074580050236380260838687007491135500952348800
5349025424674347853549072137663932329925286359807021458751460220566014247766914655358045374351199960269409109769624436559331208040931200
-223819138224183662665445886223078424681088635038867352443459860303518430879701561157667634135042358668132382832757095225618957903398633600
9025849329203814641365736146465366676935329445649018131189320080811273865679393568317372347976402055678154866888326942159654302390116326400
-351008029730449733379871384377360894120485014092705167711265552948779705817930765389494710230583679943672066970208371027643730612894302233600
13171774566305901469364281830636304943577154054401524836860677271712887914278331777558934078676564037267950964937938146565289529622272632806400
-477222360392971556281170313185297369485494711918145909480043595757298968934463925726502501312441706353403248419134680007660945184266418321433600
16702782613754004469840960961485407931992314917135106831801525851505463912706237400427587545935459722369113694669713800268133081449324641250176000
-565044228066847709932574664034082683437586834037637762128552612916327947290391953165392177558400896101075426705543913857552358011222665013687424000
18485354304051639076555894758134781981887921410311439753964168155542595561771730089039297263536488837171394734854937677177511533314078423897314176000
-585118051542532494035473321834021364365472777701898837926498465494827871761386803430611225627450901764343535382857313006169803840206849703361924224000
17928382798045409700055674751820560867510814329272244080841617044302460258188742523866072085241112786873088638840362356329671645791338004192073959426000
-532016803149098991986859224144261022192702567226629018138584079746608510028500258918274269275054323231766506057895959863865700021559527165818052701310000
15296582298807565232415563973536232200069522573400350033918462920978933937100433064270051097586066037382774170044793755094122069214922272808933928494690000
-426324506122992491377309784872597805030719099728378523745505193697169838227795117198460762501690868345510416393066204387075229717431084979594237631521310000
11522563035732506401896770690795368356729920027606798093343048678092019399298642423658051958133935545490594679744775510267974461324755033825642180414577690000
-302135107502165588470151429587944337384122345374166155676297595867324009617526406537922190380483591590737313426729264844852691404604304488082197891362206310000
7689030184800009975964874136656460994244909483297657063843736776460266122307253652097734110295164055380600609043497821663904207786562606053846954500585127930000
-189989666889209371671535163179486634592769625139867658443823052794904639541453919391319512605486082042085346411793105568068685621441470273251561754738818280070000
4559752005341024920116843916307679230226471003356823802651753267077711348994894065391668302531665969010048313883034533633648454914595286558037482113731638721680000
-106332321534196755084976601674511466620280311138704419361857014496718759063791420604294991860370174823578103586894086044133444762749422191002791506803442386110320000
2410225178617720604121189866005672257628866570449332970940675687982235071226085882229275304908069316983529680354207731216585043413350854645001916177952973472161680000
-53121362936734562114831024646765016558140219212703298679532492163128460969822932844333227720173847746316994155006738396013534356830252836375842232562083535326443427200
1138798414868112953481100553300040064109271901626345785265656390167454735305982485546523128328048220799853788824368832262461890270108938229120894841545607977538353692800
-23753809877745723911276975295525258014582183394506967382288580102614149868447657272731331051350658039220562981564938076358732405396296592972442264454172184886177389027200
482244507044648394908824273603237634603736516133452101116166380663131054429845633744030750515882294275536991655321316804655685697720080535434611889599199800854879418652800
-9531998100387883567947068349210349522044917944833603227301581245349011976191528205901280139863599413481167722097225175405467189871022498761525122270320091048494963981027200
183490963432466758682981065722299228299364670438046862125555438972968480541686917963599642692374288709512478650371584626555243405017183101159358603703661752683528056634773600
-3441021894492802548635163442372500343046110301177693624305169281480729900528671955391455027774278327774684630492770827749844626323717297909395873074393360522546655778126186400
62882065185558834914648177148269386102339953802425681406918795453781405005556379415627666269005387240279915029213222520908671669267264529731547784040624415164848732211932373600
-1120093061545233007869268756864753177239691983023582202224475585560889822853364621058366461828410520197704841508170089819019307476768079214383504155524613530163122772312154666400
19453044803571291626464239022283774567979140358225886818225075985965657943841087602462650183999537809964220818845974417060927156382237457376333919109213186003445254678319257573600
-329490153333845925645475605585048707647951183576178948011113311250179569671633646415414092216877984705103324942045137617692866541491530636183925723320410191996071009170840020148000
5444160992159181651917212128841981107275584969949076820274485003788121164433790985201360698387149437926236711900714439890824643433806247953518179974668389278351522661535064064652000
-87773339943741193838698548460128920135017427595171858033414675584260564647512213993276158988622305860691847296863004863828408252460141398337399527082673829043006296989005866412148000
1381160654982506058420512696430458379645232910257910890046459027375472025527795499530560386068899755031051878125844307939911481923009167127557096690623231161139537103033612972303552000
-21216796785458446494451403154773607521380166050659303016028669106428488902183642038553093954863988548469052074040475892667654236701152941158189618510080058636068392268656355618851648000
318251951781876697416771047321604112820702490759889545240430036596427333532754630578296409322959828227035781110607138390014813550517294117372844277651200879541025884029845334282774720000
-4662481407828221115071277223766415814913030488648597963896115397879720767644035626992916565952440937166496066725968774584978524952929308661460704615428817715860127910230262783462377280000
66729010848142650401142986504982106114757190604080406776290150618804094389098286827908074330483800255742044841554460477094276772057897534737086946395863098160259032908040301575791414720000
-933164596033495399314214979854791388216672096283284689559379119839862876685839621935750895866151708259019084938241825548043689427352845961843612354437049090713549576744176496230032073280000
12753812729220126573424836784425534993956336468487391608187965145805930335003252162001926345448160354933474510353308716668622466048533169956550701943326821682993560557484577907506065334720000
-170392351227226233971268664297186579711499752874001910599142814122498620514461731793172550593065034326438081893168997065076914553329848971469374059481067204922653580522847975755960534928960000
2225750087905642681249696927381999697481465521916649957201303009475138230470156371548316442121912010889097444729520024162567196352871152189818698651971440364302162395579701683312234487509540000
-28431834287965469178667480433517900482516189025899040812624275694741878951901218456027601391760519343264056858272477545342025071404818434780157212209490847999345435273368043896161204728266460000
355238066141056272341043625791380048552687694538919335834200602485031914484833258001820913848989512610819842437032925398881886762629382850882938862587470199555336823309357746289437726215437540000
-4342124791922497742085979525169017287681199175397204113213080091531919020851804864336306872583929662408285512102245426983027359685362456499635260973279904340019364972516860386463457827046546460000
51931812511393072995348315121021446760667142137750561194028437894721751489387586177462230196103798762403094724742855306717007221836934979735637721240427655906631605071301650222102955611476695661600
-607843003827842517652347169604434832053415949819162754240349128143503813947788295461505031191510388043541526030739357000951273922175100445589197949062427378452691600226286220455726967655593175698400
6963903756657392996356129683599597677954533598101203734566768039042010823464107426550322346972632854021335614836602114291175321648172171540989046399120058996736546326467936594909730068884667836461600
-78107443859781303612914716484230344735365058664498099121484993470981987924857913732929532132021920627095178258556143103178550541826529820325556378553840601383794738800334267448855093847361250874578400
857795359785527216009288247306103667626257685688215810470273064391376151411457324782942080692501092804074857088048530174552602400177747612569423897017326367859899616647457990444231089826641903095961600
-9225676624632098833406018496537074139572200007299790451384365406821535342731387962461438296427511753219335707865338273509984111528442305955593599872002673384942185672922660427838975190584495570032076800
97186542185649140825673724930946443881837298118906407706270828320845871244843183053469711865285332961734910263952732236181537858397342924717682525387123925999937421234408844685006448865997083806628403200
-1002942365776629542990145538851974258981828859293118261586479573494301732330287965844222196401024314329805343924908661580669480260940209965789056516465549740660197943599147472126665817098997418886972876800
10140861698408143156900360448392184174149602910630417978263293465331273071339578321313802208054801400445809588574076467093435855971728789654089349222040558488897556985280268884836287706223196124301614643200
-100477409163783200428175535024348079184977451816892700444674408168111449767277486777774554509721670403087304011223946437991092966007570186793177687153387131113082359292164630321862044650188403716577878476800
975710378243349260356250030195115644978086825494619198532995285930007879971496255899876872305148452261384976968497000534211026736023925367619700681034957678164229522052011906018081838545217969975033117440000
-9287422891810872324106862047825092746318078468239870544984267035028438775681934047210588402489692827916806161341478753806650028778033434233347202026710397008150529511950158617473794330228440735386893026560000
86666818720010640208119646354449462413345742440871036871307267382994972044501313124225337694661470317652237087212064493430422972627669138840775676055374061877078155496718571996732499132590908699095037477440000
-792965079323170421031782160172032668432421993508450474485997286837080866076523840051403432391337946486148368011283006252014233402385716435108987627004887385320770458519627808360110784412227148110578144218560000
7114719922237531838564937442651561809010013398819587498227549063892811427207370409768686198103998915979597130162176335873335462577084031948249337739248837232836497271870012385812739143244331669612638806437440000
-62606845440483385082268022297812892667186412800576899440924841006466989023913628085960745278211937530973581551805162275029067255758650602493574040030630127256812655577608521088768054275618835391392880234340800000
540384174854303082416389505184094872617248716432090027397946992706235283382388854073708739565446438213242840052977018970791913447743216080262608747422525676286805073528965819956441505334978746856267440690939200000
-4575679019032590005549428295375383211333034989433851060393267139423802902486381362008740865787892621793789965182308367734930344045683681721040195961903161199801290297159467978447738426830500513321412471175940800000
38013232275611453711716149633427379226814145032874903423014332779372868755243798508454690346946298974333413387850380834968816610013538176297259818162102131208576131601136068505811590797331584126613595878752379200000
-309879918131792289035152926878979113802994003845070685421181524024999971487648390369147729606746261372648464662104379154577022854554963175875953403630739914171797193411732689233979537465797665418554261326692740800000
2479039345054338312281223415031832910423952030760565483369452192199999771901187122953181836853970090981187717296835033236616182836439705407007627229045919313374377547293861513871836299726381323348434090613541926400000
-19465055943453430642820651770278292435586852093723369127974103856507053737995257869515390395662560459607018563808951477757541135352385226001242389087076691369865792531886826430789729470681310740442089653906301913600000
150023740769228953884830280064448037828593209136224806025576276404398224711627519602212276580813375818615878901230024034025402370537773688924920848327942067131518694980376859771195552671236041581601367692657573926400000
-1135129065344332578501580209482281138097487820942084061772340666024712088106597514467898837496350581223661727391281782087310584622766177007398018007069063148034376134119817536841068551115675914858053418014819561433600000
8432556084800406116464912711232055197583731065250299809565806466961935064508844594990977940568623100266098930121082874423840024580569966343199220137841874936334454965121100307500924439557555001219191832682410873126400000
-61510437104968082375941659280811103433254767882361786930896818692607139134553316013702189489683764342581032035875226919197258675300509562493832391373473772535598048297579354083034743231908629200893272904318577872933212160
440615580078444834978684130766626475613722929116509943117240476757247057882208447363458541038346964984611066216167441808943628470009772580312962640246720288979488060254088842513167242334692425500276301824812670069378723840
-3099825809850654961241631037399706913904442587251503487845272127107792231691492016292330839491739628232922208110529840008843850587170866418295751984092975256419585199646085625197569604746722314709024257199040144177721692160
21420280693850814947017364473281568479284995847062147148430806222084704913524411628207551777581591415406403852138778464748612389409004932398301504921329973549243149289741896370994143089050592870001030902285554746290584661840
-145400726332353476690110839104465638714713890144119528858818306594583629729391503702343419340414577530971214033636456739350910816372320663348340826537378311528691599099811001272226873937627902169487798190690101471440307242160
969624961991493303134644471424454288943683752617885852212356399598199708313752808713260553826314963771624604827859684883127079822790564423630651547382398562679499598730692298424850218507139915650963009236140499161616723443280
-6352989983180555650087774006322138324954190167274778121141258738676183031471945228070060218616457561419363611808153085984145779861007416422621457335594051161885685879708659829997770160172734979073400722306532345739352180364720
40900654519815312821639470668801204587928216035595472366686285598584682491873101922864271985968763969799043418169845074228508781088634523910926572433287321116602886779281371963374074006401326848745282336171807415958308665323280
-258761555088871698410452529934773678932649363149953355646346820488620634425236627807658066720659751519259469046910822098591590604353563129933614316670338481173618953154850902696204194478510876192545270593211777925677555602068720
1608887004697148134180026857431380742412380569141979975372061952920002345164352755344073134381896708544007805873987069635506768847875317558382069323365074036096430964915358330397361388302454236001365793612638434770235298375883280
-9832087250927016375544608573191771203631214589200988738384823045622236553782155727102669154556035441102269924785476536661430254070349162856779312531675452442811522563371634241317208484070553664452790960966123768040326823408175600
59060565631866091446177994751075829790670548535823240310851393796540493624103191495675548969928295936863462247154281202921255782235730611485705489809649084569968177058869055511857003212271561112422301412585435506290682925386134400
-348752813125118588154475642615828509325473257220620467094249604446927350889923854049614618140877136074298811034916944962489514603919668570598978376103853039158939902584661744974938650062297905570402050607824412733640720299614825600
2024612266743363297206795271215896695914042292862997078348658856817606606016930351202961233101386927947394420960737122835170698201582801853136980327060364240561634103662563740676817758679237935740462566004969322315710117278104214400
-11555934794482240104169979592899843265291893277503154847223836761605964437914241612769078299528380985824269414063926772379265536306213436445426895786340764354065340682045642914864592185155410191787302485195487391732011594809381225600
64854736091481959768300905878519528529699401047211583326256226723298780008702376398193806783067444308197430385052650253148939234371606020867191762066198167293223850766582689828321690835055873525336901702627735361761289562705710960000
-357919460249550281365032296770045981125199365399074881091167795375163163008642223028692031911441925559635524592203195670501909554651086011947458022339982733124351274194390933316917036201976529718144938278286429060765903602963025040000
1942534916279993284639142750908884744615022701438859288191481792039097198324428204689939555855016790594340074849848686837782531939238060345342293995873752746587805298687629745014388651745660757103496799515103831119518817035006030960000
-10368704026939094675125779764509544660348884683102006463171227399034647087598888110426504594901019008761446208124398944546471766037447969326346360797281822389496089596413197432542693321271975025605348875929047790626759176399234353040000
54435696141430247044410343763675109466831644586285533931648943844931897209894162579739149123230349795997592592653094458868976771696601838963318394185729567544854470381169286520849139936677868884428081598627500900790485676095980353460000
-281110854152475104534927613514436385748454021924183203169026591104089452535755467400484095888453518625466759369669903965360245088559264906798682266288494068783951206736525816123719161409027330041701734105635239491240284531848802229580000
1428026258728026563119727045496210808518746261495508255392891508309027128841327877275005622029710114976545438712016132528854793543326676729582872514673639132304436689353441615365960108557661634745525923057543923487965048332084617218420000
-7136562714901120670917786263602263011835250475503791568704416996334867354838439483308118475108076497127683764725315107960736637953509701823517237527517282777393142788651372737516099684541183654856961912023102681354474225296411212829580000
35088534429510184978778392505702580228387926187447787471840343902359380690589873018368842553654100001582497750450033595094023601216270126350689938493585705167737943104757041560424300202079406267963630847207818954124883864477826058112420000
-169743412873067175196424511360747327325284216233759962465122341100378141830938325854682010784194256387998679154118425209652855310437646741134982600075339450894549225328039345369488285095406790404622584088972233136077582188237198361119580000
807978645275799753934980674077157278068352869272697421333982343637799955115266431068286371332764660406873712773603703997947591277683198487802517176358615786258054312561467283958764237054136322326003500263507829727729291216009064198929200800
-3784540648954437872045173501634416040543047150802807416387350568754589597226233041167576692775226216691974284044914783705837673824187005626894479712202263381280379918742693059932110949219100262624220333522317999521589429085502918616790479200
17444530858338461548706838522769164242281524816996874074428120073151349279181306871199023869191070428186828832827529640128847338624507416518427740280068050599586017132376291556030561272854800102511641648147194324664611662045088245369361100800
-79134186696476550485656281326471883465851484550459868206142786906233283408327658505681385095188558239975545328155333419408023740265499041715082240509236035764904043116073765501578082452292882125926512805262878061021819684917338026571738419200
353307649863793349284163842636707240213282956238020437052589932905195015196802403154645293448260469753818967849822875855144172108039808590527903860435147091032682564568323266417991806475737035377871600686138243405854037591406114842533393100800
-1552568371878042990662876074354645864121429681782685021512057530341975597477727938108290399825186226608093133433716966426923869731791999664723556714482441379220622757723235332032444743753420916129814536625974819878170240112911574380872548454400
6715547218005026190382026096764769980312219511142856513167538785088663679030882383178463208711308471304828878935189955373262418780709773697709585551992098510119971810033639217252763950791424199354404889192825996041079559304960715221407295385600
-28593589844490466295053917841760695127743427721771833904557846688865282233679668018863357224125138357414625164230886486525995541947108258320756165088527840104491101522773356707772925043592468706496983550070034529210407758067870178230431946854400
119849337725048246725254836856692521045768358560139305096832031971483242741680249271822874799854109003622685414375221855637480753371960411698872059373625984504627900133669001461085073900870916342453868400301559565713035818506235537947423377305600
-494543849615889721535218516912040943909398734094188211241502343389627008408264780815129562764367738505158613968680383242682107302361834507654548252118084295618776073495677250244014628545743962735985328810215513323666713482486926351138691479654400
2009084389064551993736825224955166334631932357257639608168603270020359721658575672061463848730243937677206869247764056923396060915844952687346602274229717450951277798576188829116309428467084848614940398291500522877396023522603138301500934136096000
-8035950016350591649961047123881281216322831482894750084306647831196361081047778523346341204911190201552221403369427478020168211091157318377817537023643488893066530260351864573664204515027926778270452743121966078137631353836656408933348071073504000
31647753768096774522686099166890477876629422753622534282639761211748631911780757394413368448971230546853810218207992166523872337507150426697824621117805838973928680901879565419739274571529736324299684259949471344764251874986338203083185613240096000
-122725722401324053439981613281037781855056872886765904989824880025882543358902601343814361273136168258982081395317386462009149414945960164594210114734790673165073804885451221527387451480269496903493574051972373146238309117080711031723576232366304000
468635581257643723397526457853052660159196946496222691332353304512873316966565019646605820947210627040098739129412435276404955439939392204955523335206794367071153333468002017242296282600743545879551012397150900193755922797466439091394191454824096000
-1762224706382048711949376349778007936962269509551911773191907054159978175370141189580211971330420126473098564494898000419539295249358871514502174524951168900970039394445792709464833128787919945249551327609121153621148304734274626335407910016074080000
6525782331907743459216220069558246549549202708401628864261683968453360898805003902943937813994824770860098342114870502061673241559935283960874578938311695432232061981667385369597526193715869607092655526003235556688795819723628972629204702049653920000
-23799485344066423858164185144495636803083615643237049496680416584150015790396061241791776650264535202730519648422159046046643733095578101292427634493693601567204103991443631300051417644556449266987023063046903499816203937750009911975654897994634080000
85483865725626338755855032355739430149851354147137157375831700383885771002238913848068422254011391748583090982087754940902230551526974404642189054507960691343426985765185287934878561335549695326320735899923571754441875368244933561381944123409297920000
-302412531390762215663066300696458677319100555711375345544506816115942523591443493445432068769407829238650149845564394505578252606552080349800151951207235051036326431663056486385357479037239790836319485823058638230350920672669018665609406263266414080000
1053735014223174917552622023534027294326416123188079491222554892141017720611015909687024544120393370392113151884025416149194810985460016997400529463203064693403393483338054954290847686472319963225514609771003628712676045388850179225843156079962903040000
-3616558677624691753040716584927035506012270295374045677630873992694517883205121086155743518463067551013374501895588616645020417758961110968917606661796668019741840791844460078577175300662616161873719117745909961149600056057577207924708228207961320960000
12226667546691156380885624322541319063322175022381373461801294390661671870154251979210142095139337621084155766008287962492170163013123799170743082337961585609197537474212936696152473123008119863641221311535794033069848539976157450912574978111393303040000
-40717838252071711304729562025193484993163303373175644836486244552495556048319170337126334751065285175952383619693677353388255281422067632969599176708442286720382497163028421044545863498390935712151564347024094592873295927961628831230821632641941992960000
133579685775821464315991512042222146368772359104151729017676038906462828938540536218943588083459122235972207380184132958380732843571325326234392542852071663569007502583585509704996477279501298014062028577216976197071847164383036795916571800783731223040000
-431707735499165042634294200959312226509363077300683016474268929004641910014434271747589930793807889740582831851550189699779037818529695482907722511960287115158939349166053088099658002897588276602180874397715925521801994223504034836762210415757381152665600
1374507480173994484916213561318801944320100210992463901625719875198663601926122340419496039986070161343467239428179426296197308426351778386695868576303310835661003175753900431325564013357817219512315552576198845514662960947148177031922657542731661893094400
-4311475775932159086699263394438379324915591555250420379733190266387304759963036436380487578456736596296845385612264049333001554354304817065306575404957153408383365031903716980650339977550705607542365273938384140814307633031287257975169059956646657917465600
13324152950264275001049270121507017736978760974747511737847338029402200886142553834889276029925824408629021360232623616162422048862394598780664014561033475354603761219034350204436267177182643929684327678416576869460098036734361922481272998191990094579174400
-40569615107981411467412557154399149321241875782135154883825362841685631417595624655221837027668721434457061105550217763777339429635977487046059754581937668054049135194524895340176579680370823605258054492014694385557807320800462369943213770812782423677465600
121708845323944234402237671463197447963725627346405464651476088525056894252786873965665511083006164303371183316650653291332018288907932461138179263745813004162147405583574686020529739041112470815774163476044083156673421962401387109829641312438347271032396800
-359761999704692644158551139062439414650322823680551838813964559588473629698288455418365813856940689996464150093133073290781762433367579487932607115835315939991398083370708739645983925979130385559926565637698268331525213193034032121388011204029703347868083200
1047832347648530598292488216766933491359876365698735635835528464281414741540033722525729388288316930566926559122844655802483435349642875216694427125568407819907321624540287898988224406556049483072076903346895850004595654752178217695418118854002223770949196800
-3007202805842154866746971692247805093854372402390969592874928371421990869364692320035545320486680059533514841406304240611319700644675158408782528157469773477234691649681734607174213501105093369988365829304353878580778553372349149897707630003195309768870323200
8504301318600876522974422781857686995096675073680322326920402350940072477447220625280105480998248334711036300082856604828987281974355457428239436906568584351499241413844754201006849522973950248587136636369212480825793413695717066629434053846465375074158796800
-23698984317357446263803815129866381217161296863469999764208425835526936816260881435678307092774519647131193195628997770213722776283539861277380169319619539299466476255527930808503382710113674359649325250364167724142002829254317464712411187307717608406074368000
65079729046312487710903504815522767983442936964305233483606696961452222953290807605364258499304846356690134072075884615602512389815048588877217759453148766088753413983702611242081609752330891399702985781176939254953949496776424338580700440483940445976722432000
-176114839983459550589679703857637766508655911460698577305247085709033295498666316294524440105456744990704454727747806258659994565489086419801538328085187477015208450876255020287952895778341519175420894147918297310061688776614996470709207108680138646893626368000
469666148638551476923405674705904971707782695525113317747945034817526094967244576410612710122791165568238996288439260601976472605385336396129860702014413502533541414265286701908705526948940647108376861668350696900667002527405588143480280252256539958737144832000
-1234338018757553654771490197242956603649252027468495091314894093772137741648608762040589866286428482751902486844220188294083291949300691344930858398264637753823978456084959835628548085564222698409543724883488566231004661971118087660529806830760385061624378368000
3196969660770949216651920593967214472055541954800672881937468082207614372413986682847511149523021139537475970081290515387722653663701236585901253746197884487051024533073233923303857229923956296434690810986320801734042545548463745048740635420390471004484193280000
-8160374382317645352523510698435707475763822573095141528278695494835416867542502286671894704981612496713089686631388709256581392684142305573929959364935193814580311764898069397881962703689287200671636567754042014656185625364639003185046441427355068925373854720000
20528441805517826589941956600752326618718366160442465407076093354195345557411607314908985117219368937043866242932087221723587565971045487459417554027415096939803596783571705829046812426468363114189585740756261943119466963807919992387382454215690095265393603280000
-50895920136953389444219432307876134005349400877420121957874957645931282922293735325489534875038952474024486332546408950935462302477704685021468241616843717079325672274682021128575322140105232407810207864495195755833066487009724266878766061619726596361093308720000
124364767761578847562126577552383908695609318266847276430386135746371147376602749374888925104901748998862468410200285704214817068366979319091144260071511733379825330137869523622815945512079859526832233926305563356611545499292227720247604476851858239657550883280000
-299505683307470952412932053632072490172266228015425097675545309164337615279747449677986937974526697293118489011547433619026216253404500490355595939935534174470940292107176900085716507830866880635625557443824640746395852178768856107341864035968676352311379937840000
710904993406612643815618398021316585377653158458936956123670436038134139724814958648416309669649166128064251927034079214839819420304976382564157126902377867684251863689629801577883539411957664615755956631552114791216143926198963330171296601826525002841546966160000
-1663113588507299042610317451486854958979167407293291380438149979601078014887156971595464072024971461308796451769108997551973048648223585012481187088268025174184362157134818709965668386888377652815818471450829654307230408492966324298734370629916566557576512937840000
3834782571847408536266765032767211021117253773841556158200362349658684017797659463430863438801380476902100909451086035677689922089705621640349183451460983666094521006947226612234888263982292273848044244089103087204275074128409954374767681039229108012924356278160000
-8715098019840279812516668422110962467855148162722310362916956922980023305415811571660167132867489243723950904009704101536739357545299771268649432121614026639853559155178996688834315014018391514205452739167576292146601156447634339632199099160364144644205427657840000
19521819564442226780037337265528555927995531884497975212933983507475252204131417920518774377623175905941650024981737187442296160901471487641774727952415419673271972507600952582988865631401196991820214135735370894408386590442700920776125982119215684003020157953561600
-43101081243748476190008921728370130942829965806919009208150748617194748183369677658779588517848807396700310402671863948483091390219310294947121703884247989392247386839570737591891879543955728087754542726503288245596239585181022237873064069677778267799940473485798400
93794814481910834520341932501528138104095913238682000334451374233222842360810065125698273258281117086496440606696667757315571588224533794483987325215804442360405817121030369944359164199222939694153817663527741962943919473721548148078046199664444639436415897550361600
-201184630708597165038888198105816051230535607927402768607888845151515451942885351901904828352367837617814236736308213248001181495662470980325514418286058153914888266668567435020307478529775409801401395255815007397572762896496429477948180776882232670640496920584678400
425341900909871515013012764853472689625803655514335957160623129368774882827345847792608477935282867766382348255655080603905612089445570134875049514092669661044971387316590667119058371562950779891544126302086399722896048891900755747495980812024374262149977918606361600
-886360903561737011951566755075380625674711603371040367598847603913633798063172221783169243430872031996214970814729177486901462908582886485703330427047365748150228893378951283116038950377761202831694868790130076281561486774734293505936002846235207043611762432408140800
1820594820389651355211291465722275352443928791503284065448815923921386944442886783379870014478474168086485100294444670243856138961346939335466233701177221888768181526592584353886474198103666167490382023358066216632246805382998867922316093696136431019638412212706739200
-3685930156214209076429665708484984692755099689414021236475769101171654853494010860113120577516910839358460382637713122554196455250666487766132960858148969079150703998073077207962975172342205038529677026496198332728045989726260467948583244515240297962254706010980940800
7355502634220366929147365444890894009654777338786264272197947511065920706158906287415088253062592784459412804997448228292323991321226467450463556505388993029251922623373640759677593945990583723338068504058241939127417219143084868731714196525235446673197630782268179200
-14468016547917394432027941019197837101154479388548271330852669403247930247761431041148713802680453960485526631546341757895839953534224419241234823181395043430331172360468850081974753193506672533263512918664409907462937204998848671883888923130232923758944786959586540800
28050236164329642266176620343342745400197460039022158702673542720582721908925223447125057372543737270329082244834744224491934603790843261794230779637398553589417579066215117505869419456798650829796606679043243698142429274997767833244274442803512811369382750227769824000
-53603603751600405075448455384902797239581314495630516840699048564148545569269537648704044298166003082193301774629842184037854139752502276907332730638804868283148586271074683459083675972349507287533197808816516488719025634813573133680501905152176871105674064073772576000
100967129743580542276325303467967497399296808471477773087981013155183323106801396831361017579777971629720455567663401564878706391395688696018760227059422056990437582755520167384126639220256761501722374370398073599790802646421721413422404976917112077258854208976265824000
-187453157562025450340037396381017220424522680119928680486096866121674413996539232879331038192648688054464142760912869519083478102970095319587299536808000601343682867885124627365213492652724267187982483977892396512684412213422116784015133540759224743317916393931535776000
343028308505720605299512926157628769771523685142163139563648828903415201995064500659871131205710775039660953356964409930502048190700189277724998916557290645362171348158026558470485447162828729308710020248128535185365631957673750436011971596859683605315194896432841824000
-618712498034926024161100924140449944395906700891895116519615383663001459520573342185327324267736849517181870981869284542035873832333764868151904481729888751910676823205526540021129781659293570710950739603844599698861212860379641808599202420512192982004421297784492960000
1099933329839868487397512754027466567814945246030035762701538459845335928036574830551693020920421065808323326189989839185841553479704470876714496856408691114507869907920936071148675167394299681263912425962390399464642156196230474326398582080910565301341193418283543040000
-1927341820349070669660773744347093673192867701484089295085192717201437974011463947920973960992267038181115886242269991315656998856715912347015010939266867263037203040465169278739160668879591008532070720945078346327742975002806869271920690736223144547112132560385512960000
3328602542861929220669086479274304779079576834168170040051600821837918170923426373822949642757371210877730567275914312920290039520322683734399546289269998263636088644668361958627122107965687055304230209836887685236845223809661993989608673783062259318423857251624471040000
-5665932382492129848130846960686286104528211946470157709384137934864281427743741909729400677322596031876880085524454631732023071587323524892988981870889126336919301950795029335092254577098282469255896459641660385209874840528700309153638633868672875638473036053572072960000
9505655154098366604715387876192694869580388637466462933925454551879744874644459567562548243772619789016583945136068514393394078778732855812204655535458616912352217322408189710939898174801250754206173399233529406591773492787819526927178865085459452517438234040290337280000
-15717679912160479691861550940673734054840044347436663460635240559268981313474578944263709457603918870235873606708375282117403665119299086884745107110585418873992193418242112013795688800368014775678965572955111511782007647346522740630045207211904341144853593146328030720000
25614422121278327386810168114421549069648019677962889832488839801116944711732494977832239444787686632210543474482385138352028909336125831146724860455599758588660762246967240250385815714843711442322697000192004224094710782490936621143631013359940529652423934484629537280000
-41139968815954901299280398509259457172713245383952502037256251357457650285965655982916181638372726557969963559500142439729632629201988905055803682548396475260610986374701289912094863901552053663048847394927216903269091373410557197356933633655850912824885923127789534720000
65120792475255143510723181823968094835889206022302366107442612161485897965412473309692578333189481707194802011912853020031216955152638049967158635258367379844921216952811608138915466966614921678371963797327393082853242850003190665714227856335345641346534988012228077280000
-101588436261398023876728163645390227943987161394791691127610474971918000826043458363120422199775591463223891138584050711248698450038115357948767471003053112558077098446386108696708128467919277818260263523830733209251058846004977438514195455883139200500594581299075800556800
156181579782872942808681226448637760573922152505376747476397621910386269419379679781221474524535565511359402219558579333739775963090159181759907136287957996133417771133292011890130571693454721814571793659356341423040765620324513438442491267479200066178022728912378184723200
-236628929636295552368890372995237606120178469759693920942184764698825252573121756296449411741058746240706008086381607389322479559362918307733076714804035954824119598869515043184893630046764027766605882178571463277731289424292244923298409356738314897758241232488856318956800
353304689955577015863800307602307672295778934073338014924757861974146291237985115356748567668783003389862987142824616018960710477829952819579302906591067533657064996650051546472735918546276484670915707740304760960379958447904487572459397903828121135434049928840702370963200
-519834415291134169200338817610008536959058880916929270867820824775712775988857831006490393637719108303778307525661305989721581582328356240459171887829373578487166111945259001054324493032401122799397133798634180334889823113248457439854211072662115495298637677760144814956800
753710768484498880485179344247403682131565522992976844528579532330759355734317497886537111380208990678635088605259398287554731708215215947886927860047503846313150109379988003419030030540362308482301704392348613075350650903329994057406767283046961408117306425032194845126400
-1076856792010826449079094994960323257098413146445185840782863420201359841866318691954268151543557152983423483821074778696892584297569757850320486743542318279999779824010436562145826174516344934247525339502038303484785859976742853712311136052401890721565475244804810681913600
1516050465803589198227881657589801113441761195470986962529025314528430502698836303536092142006625052476068257840847250864590748880288458138857855296497152013697668622625870261094718419295306066764649229453523604430423850430991128175239459079719189791121905695420803623526400
-2103101487044044025635764068499060797848781104682633666765337830176474600540663133518882928524396089945019738183647650718620602496332665381486561554541380672025366494843834206437848162160820703901573028042040121815831026539600524121009023978204275311005578290774118913433600
2874653511876770236224032543333035765106913817643126491259130406927607294230137182502141754373582821167453014913743238556221060216880743805463879994668987782472542368691868057320372339994967944386173783891782651712763119116258704567769730999794009448770938373780008692326400
-3871477681228334745480532737173282662378030152778769267313677211683853191640859265705691135926396058385320379976634737304100341396659218117363079666881049639137987119446947700555956410812598295404647807640585508757569162232172768713949728259115970172065885768218889026560000
5137131689053053200050152459926283429337581521311443621293270623604630247684323168139783785361684399219130949472012597416730674206023823178425758397392579225273876042724921410189015415553976307519123304651497979014999126788395868626754896532277123305019341098363415229440000
-6715888070979628434419034436875267825663407728309576751503251885593683414654124776294263083602945523670708126380732379798606885250272131599547470399667690097582046888734599228606341415719418793951053844360130109082419143641487244372006601635450897139184874863250617666560000
8649889310542860180451152397017725434098926174467789730292197665513960299405167840889136669856233557392136538172316776721050136295439122113137936065217075043414939142972272814811882005600344564852289461710642826040127304630823095127535372306262899012894070519795778237440000
-10975566382570962746081459963646429889848848413004865668700621393161645078702879150221525125514433430896249438038398271388193358459360517701688073879499105093952685949886860547692624356784849244864919870018481493471094464598613944289291788473339553886583731678441872706560000
13719457978213703432601824954558037362311060516256082085875776741452056348378598937776906406893041788620311797547997839235241698074200647127110092349373881367440857437358575684615780445981061556081149837523101866838868080748267430361614735591674442358229664598052340883200000
-16893681499007693665678103319933132592674450113843059429068880989857433893694823047655284332476773052811351034741744416664059692577069197876823517066422248610010204422486664733527935154630938541508716365589688924337545949054515906269387997361976626487461086799264912236800000
20491420650288752940972436094439758330257875798903004740170361143287901681451155146732476911444232815031540402020260849363912033363579802274059752720619678510017841700631150809556901879044521382327251822724355276778258213869213030492320295413656369769197557575858587283200000
-24482890790674216476799714455770959541364348176741450107940170858441374985657004297399159656883301484077464595555071604658391469217665305597676330068120356628567270399519523120883486332850175753096071793680265358126012214375973319010714646509320573482813542727809093996800000
28812302814394623475384560494980121427475001522695729648661652294844069084168777699089201864416011071963240382675533070894677840285986663050853171020773727943159386476618111192246381792945691916906126950961000269614030498992847934412233119340046974276065709111818334483200000
-33396350992278316173259155292598782979034955950713126035912277524594354127964060115187525526309770434516325691372764904747975189302749222520001822136948473496798239302135861494386372565500983175655873096428348084271489745396541358379527184974323502461595530386584933305600000
38124686230923312752221486618975053263990529726007429424697002123555363219252249471174813494936614791098649019479081411190579647990467434869651098560859084259581095312789243431128762018558231239787995521740630561402134932430673924289299624012924926367520418091526762054400000
-42862698180026896769126259874479468249444744618606690679561901894094083144646380754927168654316532726913200263815005541395090046309792847369146166981722130316001358956867462115172399410167805388849159973638505644038319545482672312952635685073850311011073661219097381305600000
47456723063005846162695463586312335293870143885741434841887475146010514532678198879544752807692810428132825266076135167579995639202517783143362665628046146364438549354950030895466631605014094624074408128981654532004965657017235526515717345388737493148576873607824780134400000
-51741536787086211428074557555057620901764936961214097415795736075146606859478291738171089902537479913732856811365633799345819022506911172766700098930505821649484387313837956460422393668930304067560296045402991318027187842917180438330607197157034012344166192142309758105600000
55549713894615756589180844991109861800134836321559454985598302250277397124335894010100482119364238435383595072682144446977671302563419835082329226211791050122886438220136430055909481842963574446932733834344651479033988868155884918591739886867791715652696823883983756302172160
-58722169420604669339897066642798141077557181063467851979902879820419110348782498772696973201497419335536135112864210695453499644123445621444866655076571358345647115109646927910565158985722942407124857393271844000129912614566654175224064454937351160628465512830739737241763840
61118992662262002782341844873116432550110535392588988795409119813089278118120559947092768026048334410455977362368872356492417996944810748850779579773574270931183732052897822927322920576976940056395259735854368245033174353936721692580148718404181820245953901109545440802652160
-62629565337849787131443764893570902957307568106599140184656526076963221438323449007010916396077681299758127937870248039099098389876534265929345614162516364958791297615673125710853749997101883723211134080120356005561263869909911302129771353854125041349690861092599400204451840
63180957133867808693392119696403506852151493624060673937909748638989929693282958571087768657733272517103633187245756453852156358216943954425964566187507209017576613770513821591003866712309799123341085164463904306930827976148810639032395666102081254126159092370121200367452160
-62743718676193983027693904335182721337603732422510081038685459721073044366685844670941832542454841565428175518129868865936224480305408010104677614172368750823683350007396078881031521613954714008300662429761731958785977955552625098277846215125596262748123389308736278565601280
61334435932490407237032810780779203182559898588801358515355610528119255284230986831653099975583297272454691107078123764455235063267298259877717081822794062084479524763089331015539602671453778049129846769718255557367933528816579807984496153653048690440304211619184584808756720
-59014742659929716881719210857534544678267106469695455419603088686770530856911738923199233244232223424454088245786035267072849604168118695415355240305233772495128741967616316301057658547041727335769669367626532709447373066811344053312278990761478558739296173335111804102731280
55886865547613268934499912499482416296184804450209163028515418220949269621661684615750058091211802712936240410152162116086835942075919867859538683490786552535949392744887057784289864854445681214133418638568987979579421438608254968820876426621605709222556841270838706859860720
-52086148792821126108972734895948795999182746074486466561019594695301611297933347154813999221902933674364735382631490635733410298931805343073455955533764918203291842474286220623067903889850919691513352512107669228176769113763204072624325417271003224980024614412599172853291280
47771319898741269508229431413444162011084767109736108384367083892140531072069046207077928280443519050452863812472668926264370392511419101635418184069429362849172991618428190512281213626786346462630589582110584203357391790729565865424677157852103549537892397834040661492663600
-43113474201123214692920497553869344787649629294042456912883016259375342548989781297469854417189810890955676139912908103489485288842053624424830441984181791203950416930305584540810274842723944072695145651393499893398644909826088575335707446860578589892105029674241215306696400
38284845483999572793276351158056928222072880415588427300007242280555960905777942846695595330316154546196232661041478153317188177650722870614182804346888078559349711765102663179150852417007760837002582867058186869966898769351422632686955642602899430765444236769754785855063600
-33448387246361494072062385994195929236913736448328358804764239157083046935723616998491542763468252184955464672604744412715392715864199768596996935758602747985659217737381182879313929107146207045654889983073245106029719376175393906459619431221151317795349949720728237563176400
28749027054723928789210645813193195377182054467984705088392403903608569267068232792091904523972712621779903520255317511755378863222122115157749432387559386698417840038740851400402054769778558121885194696195185876256948885307776580758681164024791215295176816288890386004713600
-24307205145948497997285611892607276262302377843169695473453883684966305450084390488151752668008256488688953670561188711434327091545938064613618690608919025777409174116058925623337443958071938604299514917573359364937790531365599636632918392509390934968332124843757446337200000
20215009039631881623498707476519059364278946263263575674711972575585918903057915567369576205498867160670653934514424056414177502613618342954997148371745592640141690339835087050987457632833754808516601501069686789394529736385286689722814318062391884466003385639466097182800000
-16534912708972978290449201583179773465618393238187691806143021123244687359286988380379684917993581660647035329089629271746932967988086509784803247607693434505173338178486495266171914910128758667387837536350271519819108466360342439428621886974654339029824003984105648737200000
13300862061060687147875265519461386051313882375383327046554343790607388294583496333604598404739323541233335837233827422650517921008015234313416022969788592559184879519383990734271950265198250734670857951383566597920873395417063165243206423226882784191734123053376141142800000
-10521248234726616155902106425677509655631560001721455712576167883674580210246745438001044873466012633554745097323517472742126218274730642153447571741238087498724220489075886812495573046664400351043037524070203127353033709875171411607853573873820755439403400581144496937200000
8183193071454034787923860553304729732157880001338909998670352798413562385747468674000812679362454270542579520140513589910542614213679388341570333576518512499007727047059023076385445702961200273033473629832380210163470663236244431250552779679638365341758200452001275395600000
-6257539245105419856143245391716348048477749254438145540165961013685914543935840923506102031022399877172161643653696200974743844332539327757985980083654949461905133961081516822302668063242576301157212532206215060015118925078420106134172921856031521346765414130852515964400000
4703980626294645203277232046195074787307235382445284147408494914267352715121319863777510955846423437078381027971506919244855017928180515416686692640740615123179551394619237126800189054461763672755724645750173777814133517208604733763491582260286671323822789688331173333100000
-3475867341178231372884118209234109723889985908124947916675833882429891470091457100163578014590540395058883409027611500888693135454961547377696639568734672616681037916154463468046172783993664039801023923118622551194865715710596832012897595924489088495407758737217540106900000
2524351202919733168724141686294962419220224727670689171091069937205064235111974624771150935952030269329620104878010142714783746037965840071681117478897241325482403315845356254085853333614877432283433166179868080096819999512555033148692371998865723548452403396398971133100000
-1801677437059075673148899801887875657221971962658187742276238014686192953258430814836666072965432512886826382291445916734286977750733305360251085169236080668336035953358718728122762759429593512826423869680110804935217976511605393906785729304314412278052475680272852454996000
1263558278164304489108207611531950602701987898196952083902616830715647609941167924961064485954963066693785610264889291320265536380949066708229021923982204022594838069368780053182504695176520214099439046599850866977251170672600380225741976506428444149636046271042019396604000
-870669365231202578472807473436455060217868109392420774778965638243258804170515572477374140636849852065935161416347948251557548957984049133062813514353935394422078791142811325467713716309059159374570785919022992453365046392251361322514356239119215298458306538548170932996000
589383811803679857349301223801842333864163190453054775287722767071247963342796603303740820112279862075998446051675110769738687584569814119938333313712288236822440272726920414357032643010516264451115952022923333072696104847795432676215789309634088136666642058779127769404000
-391900370179554036260357421445761968094901434650886577948860403911058739413160280448585207129809398404331953201894272405684725667575557984017268457296724436347075269794487143365394234010114352741168671532412080992146525491926411529762632017540252153309036707138254572996000
255934935627463860414927295638048632225241753241395316211500671941915911453492428048055645472528586713033112295114626877181861660457507254868420217010105754349110380273950787503930928333135903830967295694636461056095690117176432019436820909414042222569166829151513190528000
-164135322567332511335361802963680103940603806213080095460216847892841780627061499524138369968508188885162089810315340363389677088992131683733513144073336777579876148309831358878580036725239916339665820932874403204362022414149989754844305087724543560855106179777402470272000
103355470208763930858980655465133103024617426184877506919493723593908065573672496984190345235941553073454262981506853076267560357984633396140025705480313018385517302987313454142193223668994442566082008563887865485408589034894810207781090256688474464983907965627146598528000
-63894326131005643481114650360651338683862120738671605902072116630972820669731161560067527163239673790655321136203296366031329906531198842241616360599280523583580106983541765136712016594982879620038785925740764749816637137517973107386152401689408773187557183710193100672000
38772613297906420037438943751881064279693359916603142720578973373169184373875743545377219915165673899149896321294561313963467205728811199844694395372584630359486519988624134011744110050397268152687690169974409714280716723599976142728474548059492449351465468155024934528000
-23091722601246205839471947109846063213667790532048963116134291621139541940119902665529369201552963679549107227363796904438076036652893096860413559570929904507727428802089165685664774683754605686503748993198055647009291123473670001902000077099143702522340929787618728320000
13495485197686605994793351259708068925939838850238014484860918341446460253624771712833952336435007527717315295331054663061247333074415638934852679858779563243769891027129327551928198065702542547772815502846592157924985975677726548620020681764969748586458822039798103680000
-7738412040597021789023598360393737977164522195675456326220617394709875854252832895492969476406922999449022310745317325584209748672895446618655403397030649292409713886320645747855634071570576152118610751799188945003035275616247649211137646692824802965764263542858408320000
4352856772835824756325774077721477612155043735067444183499097284524305168017218503714795330478894187190075049794240995641117983628503688722993664410829740226980464061055363233168794165258449085566718547887043781564207342534139302681264926264713951668242398242857854680000
-2401495279456687167858806093405586222512808278973824074561546243143586138061869606837490619522478960399557814435517185356342423673301582508193449101263437936794731905381521801956213004405407926315882520181596130442608567146353670672645281274790222565833041613877313320000
1299263201132928253716714354934056755342839199682627769233654626195400348178538253401971738267215133153149590449655552125012845150240451892066610393668090679240907273422820951117808462549893705676250352773634053925549224793806088176044712223578538962489933334499616600000
-689193605787484845817846885479421539580838606187266999282088451412609537438525286717955249834378863807776554993541381725575418231995971452152667921649212517811815092108970067704217455264801730792875492687130148064875776484842829852974721937281378250801068899190943400000
358370328699028055500329089822382639553106357242431385815475154600176586271749590822941264269293269208359698608951617331876427832775537041455252920039400992091675665271900179697576762720729141682690559248646582902565354970819943989978036120886976756046117830673316600000
-182635327737203420612877238043763618249344270005633327829244993988425326165422035761563946616103272270322836303745439200071353121314896167698036907880625666053220212597827636454107571966995779540348689649122723020304684333286856800958998454553065499350880047639323400000
91203564330240275433086134283412152553504281439714435679827050309088698905598092827203320280178185527745556321612153936228884794859042276164075906934140013993257407290626962144304447641994143968712236105496936651955567061895435778571361577263275940742067962148916600000
-44619267467509103436525620995303331168807179342669831646867413581263445629483927631349397999753935637388877453520683181096751165080422004110146874320264419371019064813541429627046961888628562820659850068273853237081393480726207161995699157161550970147584527302385800000
21380744673985370236932656956113210552766625017378677545905787662022513026253803160091457332241476828434699495624228025419626562668193451202524725751711803584651940480411378988563043826837353696386312377492803304255218497703719428976755768515688412284014207385219200000
-10032654296057414316871063089599495493538792822663456589492982089342060749693015073284421209160142019586897559471056493103240747037141279673544660109389101590226943604674209975349600914154166885999454201009019732299739809298990475855943248587251403743922185467260800000
4608938388608151372360162715680611438160539975602206826550106946948321138062207140778695189956501439474202432730296165630374865052556367343384621794318249048183622261342834446132632751833626776735662060091482016563445174318292142842879383466572544785562018358659200000
-2072400915914353049937989295507263891932031481518474202978576852164691238677002101231113387334161825543600894769915051981246733260788060657450346321739122532051469572865187211553402131866086092974316608915084681198576442796177065694353623963632954081439889665660800000
911856403002315341972715290023196112450093851868128649310573814952464145017880924541689890427031203239184393698762622871748562634746746689278152381565213914102646612060682373083496938021077880908699307922637259727373634830317908905515594543998499795833551452890752000
-392506571237484089817926111142422547095961525027374413024834915832398640098369092793692829403249300726536706767674126437625657489348775114349275005007249119061479621899918895684189987813423872557238488644440243398062321439581992797057457109981098371295158697048448000
165241462098531195042422382389198457505115331728335028754238426256532369032246169980556004975298892051840965232354016914818152109129375567853984069692758400678529138661344742760078053288059986521509243125213012428314557409699028501335666453169096235518715334106752000
-68017733491984363100003096132952095193018260751620310336148137618976513828683625894358853533112444635396550633335409962290110842685447310010673376006263358930413082368295909699987035168764227370239909017034549474217510691434782930801731539736990010091470021362048000
27367245954877364931510941034103301459240726798262742593699493044754400647136555848076519323225990535433099666182737664882655401385211140662189218462353886107042936880872523224163758610146825555477414916133707233047350215875075403598203618135173958353977896406752000
-10760086221979463825530907479949779638502871084616606400049007880805076094265192476682598164439565749351955068966768396593207431396550362480188881110030565808815860429109513968543826618286698679834307450229404375691554250423336553470618622233743483222754545133856000
4132766680414257732297338167039534740047815537690115260918477075326517115790437248829648429940456049059055407111803778622304584377221765520072546031880251919648998296301578029440708493528801223050547152164234898622015646356368018807054211307769988365833060587744000
-1550121857200866057936351595698782932396421469436102925110389320734094861062799044906332180148596396675685340924671618564410119601472340639158872505522592129481604460233605501583661216084379166209295508452693056702849633570053431154157321817111872367033756589856000
567602386908935775304405349006924902383644967135398794133016565240971486484624173805303957345691141370030844180715480503176651991026556169272037815734448897470832059903382955631325434326056193260310431582188670281984576569503457418734279923250105398689540488544000
-202825963688545152623150219444363493725742112396106779956477123086862372067415424912424102393959385138447255187962332603218275775094888720681524682764567421086994470646971890357088766286179567221211881056468776419926810234233915267642723648698383407147897821856000
70704160078733221778101273167389979602626022531421198007720953417376581313823275073529733925053479730884318926084684102058399984034118336553913390974120797153114617759350242736342077737638038521442227007197752446072301174264684302456100335394337608110869688160000
-24034926016363246852722694766086115107936652793194834309982911957175014909039355063973533376638303574939728931366904070383661594432003151203524760722471001019398636462708994230086446313993869672010204420649651085849104024034579410680763463233738549199008327840000
7964235839741667596168466904738594355292618677034974682597887985809472395894697535991229994625710060335058107435187147582751770936048381463889861541173822822995997881134341283342254399903294092500422766605801543239939794946369508864631680124789105060026428160000
-2571392418488181850732423283526283600447701021479174883741324244190911628724853553276430258142941490864030693344653968757362239754189043004259512809244446607745168461229167891204348813638407000580600726051180563384565889760522348241761829497363494392651715840000
808587067860842124428050341620845640272227295934321251323745556279108930757691585518504236718160554005724447406158988674522890191679957496288510032230666787968388200048167484470968706824264378331787749102304375300976518785095083825789928209422874966020668160000
-247526653426788405437158267843116012328232845694179974895024149881359876762558648628113541852498128777262585940660914900364150058677538009067911234356326567745424959198418617695194502089060523979118698704787053663564240444416862395649978023292716826332857600000
73730499714853332111468870360575655651047085426290750413371237723032849046882955904448497725331520813480395331467495721803710136048957404079033325535717207088406505231511009500940006310457220650085188414068119333530832075976758082601075011264406438095302400000
-21359239092827029337509282459440514998234948142032959182434396813135858338761553297718160368618713514924298067393946282254055725208940271971506723518696211680388915939003443138869573024945219380674799430006637760535143673076251177169639409815185103040057600000
6014652232974788254172247214459753422429278739888953618122323915696142380192377592913871431675828547634432100857462267448543281822809453588274054219753899408753162160110973130240595323151181391994932840560786923667959645924996326500955775423215171414982400000
-1645442787647380924007244329392842793673496632695910808412922195036063990351663208981134882581965496974233304072983678064287855098369634520533027342731781386191952529705185493192558378958596503294454018222813722034888892433309153147670599070438450457657600000
437070740468835557939424274994973867069522543059851308484682458056454497437160539885613953185834585133780721394386289485826461510504434169516585387913129430707237390702939896629273319410877196187589348590434894915517362052597743804850002878085213402815300000
-112655756408728599133482490655093709644699189847988576411765039193344154243782055481041730793204459841888977974917804198853514535548832669599392390578360114421963275392119454533407770598436422914628017092355085587884682978182893000970596427044236592864700000
28158506453151984637391808068915248053238920220096369220779510394416757661566449498926328992290872085012101705161546753766132505529141887517243289169291122307777480084315495001039656869228408782989657912170386926580952162943056354048396830786605797815300000
-6820669387970782848216012630328645281306259552780677918683386279723814882395553923524305418092597728918525263264647873692107990560888579775980361745987749828330039578743560028096436932610023275934128047795510816950485887047072023341132727341470876904700000
1599910103351171285384002962669682226479246067936208400678819003885833120561920056135330900540238973450024444469485303705556195316751642169674405841651447490595935209828736302886818539748030151145042381581663031136533726591288499302241010117135143965300000
-363151192689650476374735820402420178744046622284218664201417141947103896477841735818646706181796254565342826567156545858846956522784573926797101822992600744019290382538640973838688515886002583419667608032382212274541028118590691320911036379250320251532000
79699446895756405124057532039840116762261878675873349804601729635799722246313190619087242415824982512345742094662569871012706668838001075206214036277987690104124439029802232618969202308377472389630088540660946206964836273834254999895827962189341615668000
-16897812198502683655205868462954065661487894317357542981044672750827329377869112631047955866127693876660123250269759574537581693359391019985224573468921049690454461906916238024339989951586806914357225236421591069383420804123263054013769096604237987532000
3457969896659680652820237210741343597591811805574654839666488653351934149903018884640390730486571501232053776378820519715007794476877162923805623601016562221009122484223192076367017574863689219832769471343859207535929064020465491124768928751848820768000
-682354921173622925357188556870542196588755724312128054253346986326290051900652990613853397626247731403215386126100345345967345850755437615040181765635135969535886098063794306770291556633009100492494739871522702245543822381658728438705661895314520032000
129703827991680390770374684363822070425961831894040869816751906491774142096818337058831637565319816713007883313225685478985528550143595579718381657930645680159713886408820405419146328946770324887003132372272910344194280287422733504877935732167222816000
-23723177126215380935255595512697314457387657554464499139820661131138471111783779413495013601294656010003239964163612154994852243191715225508864012223986717761981969585403127976143639486353086777326382285740152521310586638308012492622821570968674784000
4170237697756833548061333454184416868616120380092394898871072816055840980747591358650379078410194284818395064102501715735050960444936440425494893134453173930869526080406907821034975673969166509993068507480232937045597389895631169773005795099878816000
-703670495384827282397493081020160917933034191235458890897894682621548039848570930495425542083823871287837297156813656928266451324163855177713163122029717441950957286029215271482161709778581054644557213460872029552617236717232140407278552715903584000
113817548305100787797880572572768686607476683877627561290845957664520176691774659093723856012769532194751839344343160615418622464889495883920688402003515915975501750413345408213131753480267458048033188351034233042126155646722155164302540474790816000
-17621562947659845738366450866133712896457183179984663643826674220726558877430026302102490516568239000969598650995432530121617868812252091629511793137100370149916176550963479329054704537488501524478294921801914004071659205718845586810039124522080000
2607272068786405747003199362846314663251317919487526763627416083678929629823830422249858290716729239939379392239120119252688358140588319679876744902938320073201883265193576023176461385648808899029951799654364827133051617172686336823934360260920000
-368033341270195832755490397782751194133803041035005516890270295921042898112212183774511338996380054816615370717232119960022955818504797548522079947336017831393244552864938647232447696759996614043877794999155777930332665383118057441947113467080000
49468856032221623960937209379502882751992923025572850367345249327435442941521045254380064787896188174118077384666296996832328258367701333593931056959594287830211331481688297563998694298575925258725074577282274131667207114799559627451243604920000
-6318717533757809435373841999997588046714735488660765835158595164307871206642714763089817970793224442946713463418492474103964867209469878227872312154522537665523900199438766804517336549532252650715059647235287736608130221962415361608033387080000
765242607894544395287489515570642150986213640495248457545158583912717966202404902104303214455926835650986059583554451881103011599762788020676577596568473419700126321731338540339469824337816064965491652779360106509635147988527811959450410200000
-87652035109325141689820975549620168462477786377449576509008068206615789267806700072472841765537701980852274469546716528103568179644486834886106388908725393460548004223731289022122260647529451666870626528566982212071022231140099650741909800000
9469333432863380958180105391787220415613943680666297739200317617889240391812912196195126949739530130895398072887318406083210966775997192688526728995679474639782194362120554769702958906519802257639762976770394200196038412782448438722810200000
-961912161226617020384452392602139169793217459796878207899625120922356432460591366324643321884054472153022145271751925397584801094271455344461771355705236775663516092968939387948219380460676731472879559838018011938417284219696225987269800000
91561135952344291826751552784194966946244604069362122547503526923923597681484088952480921931635255326626229079409593764183301780741901644470130751002769968911183792516243013671653115717187184823811142526496035749681688492518407665635200000
-8134921341701666759654674822036225796736288074215538298171390860915707166407849112980346561033756144331630939002364663358440800935480864442525794512533437691541849240573575883870881736687708292474713986286037202712739809354187448553600000
671635892791099554382261401491914662826535060689852488716011454352725196571679480041913740930682997515568847949308132017732206859954332454725558429632467657983892193974316081694842753561940832994921923890300308326478668479207363606400000
-51266977473801759040664439876688517187574714039651805295192728757450832426897541720845029797555892251954532314877551025047768134025199690981426700053584119497130224109642461168660978398523351211755993343319437366215693527829272553600000
3596613164036033036146494593013819874039129760213384675881535073352674331970219930475453933478950823858879199260137348962923091447665614468375951608991038109786781477370874208027345690265015126627352684014086569092420830133088086400000
-230293561352673801109239754443024122935207206836595652639962660709497517385208210423379653920758757935282952315907186185350179310517517321194933100701316953212429362172851191274334931883784640294962468145794050560765429300317353600000
13347626821257012145923283726901806308897723824814931704030488906428019374979414644946902390509283112983746624024008342171316515140198963105992040938606941778026518134099946596308391970407109764034559378246022522297424881895944576000
-693269243181659407973661679438029387510138186824707169374364644055104227891764468738202030802257308300930955488426468791278109596367993481507804887672549901685795484940102420189587748627325227717771328653146468942469799914385024000
31870331943784962453334653651851557586984658381920939087974407707078655104528428573192138812707076672925028428961753988855243674626421187941216237088252552298572209793217518283508940923466913877521512525893613499937919520857576000
-1276511541954680220566678621739931497055914339928636029404619801667853587033852988217560246966278677098514689058961344352145681131061706209139068922047913782489016837290634173719339085852734290161303509511632586556269260876824000
43638285978916100616901682271488609063388051264437715455084675782382814380071389140445179370579477901385592645221602981300010357539885963483926803138093002044295605756272756872335923934638144363457373637427255903532330377576000
-1237904164845269269632402413176526700270678700816225611997045950581381165711209808983070948223143292977214788388551721151736060529300474663400423100326780260332130851645904430220995263371008657800913396181729338267233335448000
27974352418546042073500824638126281952840738220692385374002174618617248915832162076501666422414171120176928054734346431783960968911095185550899600423998695442425378417449424695058471423230722099023292250540279200837617352000
-472132633855836738617802209484653724082263712643561902717782623674141832560121936041515307884823592805754240878575580622580797370930848763976061330508840351016147549026934009047311254159462084716232388099648805098523448000
5289960224532486163471520651820813549687359097376446524006240813302235195190030743076183500223203702046308557017840686729705884840178980252408040250075643270022688745690499960924588503581251784061902791041912581703752000
-29511575805889600108130937443526702479226660182755138854916451181821270050214012183888827186788459600494222208826960170689694611308794056544264716597515440686728945369383147802273253110038873322991814982496528939448000
