-159
4019520
-25400351760
71324187742080
-112625350206478200
113778633792592536768
-79787266947055516408560
41085557543022546735118080
-16188351633787493140929259740
5036376063844997866066880808000
-1268209856636808912654301256262480
263703801594893489606464624855900800
-46032794865908594779428481076408183400
6840091980311814391130224951424629003200
-875427078194499306130110678094320502782000
97487559427739442730649125112583531189803520
-9529789744840545134119118577900011203222004250
824112475097075792359532911760820345989357544000
-63479552595671977005916243453132078317458013042000
4382023409097356418247736251667732386900425720240000
-272572811104378312606054814194362123796173730863228600
15353080788736411077402271166866111462804887697602264000
-786591620492348730343686194472683813932175207102155662000
36804755747498328494266390709995973085915313282027517856000
-1578578976982545495574394414045921033138086483736961508042500
62274309210370626782211629876345966388884256548829636707673408
-2266655884794629100556682179153095418636830077491055046142461840
76338731527404298596526283762094374099274968535748125504649825920
-2385293247738294773876408639438808523354513908444160498070671920360
69318153358768043131438082221027919513417740692479527435014532382400
-1877828774489026288430657647367646339618486595359270398214543682239216
47522160037016773501179598318398708615527152964763221732130803696209920
-1125727574236245971502063980868552221569181786588145966363571196541957060
25007898508653133647913619674170812988247608614454019484175862614089095680
-521899266021848485515498334463123584205426953134691366830227236647836880000
10248823464017622177600675864363184442159796558863784098341180738612542028800
-189674406469492799328512508184221434294137901592861004319994768530572392408000
3312998106280870575269095029730535381184386780780491114170719433968624577984000
-54689706273834565029563309019173664737736999787717843967096564506585944643632000
854324405697770719988444590595375591169382718577367503391330948505247892657920000
-12644535157080567762528972718680680859051345099144149904881317619720484591270127200
177519946286199523614327041142691295820114065639382473382033965392863436260544320000
-2366630712478772220429778359723736510091622722018910219118646691691592647697970960000
29991828477448669912985703907542776584352030082394323555645283547710870157306033280000
-361652497833697933429055401715695309587653999108210476966187574597784227180944910600000
4153378019565668711025240702370474133219990816424959433247238634491886413491385106624000
-45469282525160073577929915345185270933856846532364926876735483444236554238434752360560000
474905969407194756717971483406117958798526556448494157039402930749400533901840926420480000
-4736073983970969585550707801311793550049368353957053058287483133606326418169530801372990000
45131767077574254109704370884637166357821552660781913358441321989551332131494737499131200000
-411258714317687633149270109249167714719013116466109107287460702497587558915032645987083146880
3586062145607518462062839706947760003778245859842889101606923772643324043134540719333735398400
-29941762226842065206358258899319370416161781352689684632758697490742724453346348306360112459200
239534097814736521650866071194554963329294250821517477062069579925941795626770786450880899673600
-1837167386017346470069142552217497172448445102751453489195194154678905438680633963982836529904000
13516693336595723318300441865174418866119865853499619456372972266622717171330971736331242912245760
-95448716179500093394057169994989638325964422616629168642021514937614818800741189126612045373623200
647253344064864899248343357749957436625930489101130761317641741183604089817768506875197471120857600
-4216959435751975028782979004698518768885409788831594202080485743615056729053517349935702430010652800
26408996179084474469252784344276848365901158689034402069909390752889467593612949792760216309747840000
-159048179488536247491074893713407319283639728204709686466029305809276818582533990126898402725456366400
921547634983295215239874955243499544142776818084800010805587700416019405707990547470016007191840704000
-5139234300503876048152237100820733540007467910843875606565916632106713839792454049457526833031084592000
27595707082977728984182533910982986446117197308114053143646463911176186786005739657858103266706594816000
-142728284802949997199684321509808244106687701409276419884802328603092655532600486975518534595991018353750
711310476878323110304509603245094056310157690147627052566721380134134663880339847042962902829156658569600
-3416935658558060395574348817241412563886604606597588630614932249611287383309483769369604853466506675980000
15826448254118777399149445446220416580158227440493887905490236429921560987696766881874097597076321409440000
-70702193249422920574011698655401199242285576176099100878830409587562648209959367101832446812890478234170000
304727789430405026292526791936322749097185470097364744808569629224277576405874020779164421046106409024400000
-1267481035996139763442446642133508969255048380827426706927236247595918629536350697449010217416468310678836000
5089033161785730770100202348102007843229950253510636093673331015937590371318337257759961674372013213279040000
-19728838628936695850058596950194068600577220340432726383980118330883054338808762320447906977209558168840445000
73865601111755480502977880718760003137308444404637597450398071108609251298163337552557072623247345577914160000
-267149055883549541884856999202892962405842538611002121531251606703069069021206154168808039317643111608946300000
933525660879475519162444298014589167830976166922285813478805614463204554787702785127482812591572089206301950720
-3152426941733755194124563025064847942961078624622435040149602408259142112384720017990227191758762742376890503600
10289385423584353266435915611579513812140798371343120744978091719452001713420324133605477587268607959264224156800
-32466359627966605794834035502217607930911720304844491936447144434306390021783360025119058718408196415844068234400
99048147302753432836667206531360880468604254863681962260848202215861827594096326690957679538293872737970046336000
-292207510816138682092048988518535122519955771262684238976105454068388619813145741289370616775394782994626944510940
833733364194195416668672011136561117752411528431252698313167825051095101798824611634966917548451507035423929468800
-2300950333038620515633632735077508129406826402899874527453518044240507406912669291806972202401340662709155541218400
6142992963455698726017386161060462986797844564107198767444491779601017887637946525608046559234352949418898056915200
-15866786672191058571664804816514588709522493931526884571524356956239874008248522594842212094961179493078148680170000
39652692062710277310723836092316597057320159228740405235078725149047358490371671138058267347628935214812325615107200
-95888101344182437763966442470400532500023127069500019960706192440604652055205156612246094038986412427922991296132000
224384998151428106444097453961650711010755664771434053843840412274803751777222054949940919225594839070335846457536000
-508140458752788572147486705852978889333112357063099044713252751816016709054383158271838055327899882848202445677403000
1113662209815479057250393790380976331122690382352657419040786235516481513594759705542116985291294276763640254634480000
-2362201287264166133656668606485870906792462155456914458832067692889959121613773642088779249912311971490876940108024800
4849344509538802592943287804644343124679610752658802777459866052303985637898098287104123565814431048828028979813600000
-9635092936780959736002749410527400558570063093981933637587732443477803222180094387314513942143346756632911549329550000
18528253639095955871106223632314918035626926740560471760938740432411009734223532182889928995921857238561519815984400000
-34483604696121887086955845137326711984595383685889198518406245632752269701143728694842109816425412210066115139640500000
62112518331319379111972766598601997786324937085630449985065033684877661635655673536105632928067756330951220798891520000
-108272309786528409877804090213383365281826184275244485569669028444830689472309938732371635524024360401121024537130237500
182644074921009556975290309264196064805308236456231318414474101336630109820863359290062982148720868135465288707974400000
-298137355532764142513705349680841493955936820379460472593056068997745755066813294834477027399572787355236290199387200000
470887283302437396807688890221347446835823077183353547162586261410580990555481053365748840337249948807168428965056000000
-719562857614454586061829393147241033509821244243882555419148066061508811667830597648200802919351646772234076301502073600
1063720016942062068210213434826036151880021994235638558545314462916140856773932498042826008040762948076197418941932288000
-1521046010385145846670832878691555154894183699369818803871457445675069927549576487253279750252059821081275375009527744000
2103571219188505972509610707527806318466157341611271702366106479681838625413081932413999481166766113196764285242698752000
-2813254223886995089899363802181002070692766821968106987308222099537518095099873349886141133050783268065014366312466480000
3637709951540408344816810010330373289777422568161209361547937800544839724602611743852773514083625058461210413256283187200
-4547137439425510431021012512912966612221778210201511701934922250681049655753264679815966892604531323076513016570353984000
5493580667493550553051152509268246500152994689798874125352768326615449282765233387301463364355478841889625997484595712000
-6413416319380973755220982829107142711984167411779086845415693270192264479030708422057958387553888493656638992433791136000
7233379234046380634623446672000312460280097914135153920425072790217687401650660117462893897249567024240296481660870400000
-7879600965616970507848896742449265994954708314563261473150651607261102284393169504816397062780706028637301481386110144000
8288258137683299876773127325877971535964046729708616889216171157382021394832844475482550599272619927858081908835645440000
-8415779966491724372645035295735628464092320088990645194351592158129369141102195478652841755654923471072097359123056120000
8246396659154550501255750772984899627435438088609206098498482346504398675970762771470307467049448075029687693425301760000
-7795243379325458056934972164213565091031421738886126263469825763835529219321392786050533028062670791146484557843169600000
7106196913508334392015729634159451095461234063063224062940810541308214765076651147722134305204049834257997567437221376000
-6244855715088886309868163118604006332032483115021003607630431380125567746509467882120558721688309251642451043025055200000
5288214438549957637810778498857304507335856839018443554653514541487002799148056957377567148937897643731411534132985600000
-4313290101882495611362899411916288946410034912434103953619646987048828697926205319228456629595497237852459120450180800000
3387033820558813021563127000953967451739254870861325892539402195888918517120217721193449454212409383865499994308736000000
-2559327430659753089418637840095841655720474461794589377550085784268564054498964515576800243839251840683368433199538640000
1859930596422360007609747054068694434592298905368105387414310002364423300312067648776528556413471729039754123983545600000
-1299227251478317454925997051945190542626722098838497158891869194744887735376549808138240217752678417550814540920244800000
871819357327508678855755309098259923904189486906498985859624302006087665380575956918462204417026326589719691944102400000
-561613601348138232574548408989221159356854635003178489525206732008994428043353593475375138836540437361548747964772000000
347068219815527857519349723980794848943986454757804255670745357073846412619943827110286229798760605642439341462261659648
-205604472623144337362653322879779261420899005227837555088395066974018991603084636808531241575796390530810154097541629440
116665145604006260496187191456118779870051937246274989408456299395264542820474337905119841459587610275774972428588318720
-63352648952566143776524502098699266632315190776373814744081768537577431486435558126333693204708921424778438091867082010
32892667925615737168990547330855216856150666925537513333866142669591311101664757058561571377242057635363602254295510400
-16312038454709200781852649537272045708366789319699994038528529095493773866452800527089025426784951777632091745162761696
7718300346846845192508799850978906308020414269329523430618941568405654903303813313907283169133139585943277487950680320
-3480411261775462734018689189000302276292263252647042332092115696910194592243919949917901966246503542628347751539743760
1493769138978987680291135073938057260535409724353911774845573088978585411516526669669100103326556328545108040572657280
-609370625029020091230372266462256038840603488020294261012687841210076750911035746008362567212465198629589908509396000
235924232110000864950425608348843819481991671411313926238986304942567986525556555491632717380035909000295549763637760
-86545518753587579405743823131861230276022571935865321665847863269643370922139988592708044302743492785845875061974600
30027407859947909696318598552649599422316531964747987356172480452443797295805615947344812430042390378892233917820800
-9834117980597306909049522115777964272053571196394307768349493834377859889410818455344969288288930308399016117698400
3033556397927640866307911174889325969744800182729158651175559404424825057755213394433829354495213738318831119584000
-879267035542190191913022621660523511944908665208385219251446580435583222097314657845846151167719859560677530120240
238823097023682261271079028065330062094588139033513414011257559194816628908279218971257442598746906173112955216000
-60605920822762454419961881898943360828109874401631032508212900733975237558205949388807991161366193160475054148000
14320886567342568328879447079842257299693232583924942494972112883102760422575732184787530602558631001585185664000
-3138909599178818145001788530955008652927553148820354149288592450506464415538517688071919685022616604080086267500
635395921717243758626759190855862869291779605297475731718061805914649824139449763635390733862366528749814371200
-118190318521714744931276984037506862297893888863036745930855463522780378716124897392302695616639298484378588000
20083985821265979147005834855186505546664184363231566988666817624862305087954584813019366851973691704134304000
-3096403402045982997600379122807013752332220169586970494920007447003287266345080027098539164495761362530202000
429571752547255872825961339500274868572732675209579258788055625276794954296781518105648422442545155470160000
-53095068614840825881288821562233973755589758655903996386203675284211856351082195637858145013898581216111776
5774999787939355650436221107597923552206596266244546775921455844254436373434667127840366634554119618260480
-544155753910317574922076408900652682356031859055331472090590779646031335914442102549709061782562258005240
43515723496096138248286002711009518619782632327377526410935364154699929977010364217739132968386370497920
-2871568024599024133857631735652297884970476454391374128567795787742679643026700118095873802307499992800
150122349173626402169622703849293908159122515159857061622524516520491389454382324592233818759551300352
-5829455126934457184841118307757344806474801809092082644365781891513164161505230799624464116032872240
149467144315086897676156711043151524106133098435887712736385823174827366224646268220319742031432320
-1897976476040800615419871711291420971865253653427992506707030361577482578641758813725418932220960
