-231
12326160
-164421729780
974692014135840
-3249684093379774050
6933006032180145149232
-10269515185166840002299900
11173232521461521922502291200
-9304683964005230217243822095100
6120414340767884765120380755888000
-3259793882036383104750765994393507680
1434309308096008566090337037533143379200
-530066933673231165705760181433342300075600
166836215005600663705448494501789015536220800
-45254323320269180030102904133610270464199892000
10687260995314769555909101840193401472825446494720
-2216980449828870458072472082904181973493731781648850
407126596655078937546097710670902234246572086905424800
-66644362058010560526643161360656301844862480781490787400
9784352324306259578703843634666991683594768646590060200000
-1295472708618959533869335656838996366387156355730140445630500
155456725034275144064320278820679563966458762687616853475660000
-16983647209994559489026990461159242363335619823622141242215855000
1696181567860931128401274026548138171152641713651427157105383840000
-155439138992255641688648002589137974590785057040087816819110565962500
13115581494232949632148065703265248364831425228905713772436183690557440
-1022181081395951111493669883988949127368555677788309955770414700794406400
73798950172882988889073845451449067862361896342049834831424508274638131200
-4949142095968965442373514760587803113519644673438717048382406086167919673600
309071275719726593381042800506624755674258903982165778098744313490534056192000
-18015764661702863128180984841531157008252551513120443205375806033363230135431680
982337219847273702306642669819180673498890425897514280917473710872251050048512000
-50207600659323011482053474033521932528233816621287309492556466412032229693739231000
2409964831647504551138566753609052761355223197821790855642710387777547025299483088000
-108834095186987867726806987346159688067949331351458989289643335461874431190103386340000
4631979091158203650452905381452556324171923542318094584167220357257375791450800122630400
-186083326682987556374097622442382210662045678418820674787551178935652214955158879926506000
7067088620089035084734904007322378302951847269796438658549569682412293615740409412081008000
-254087285241802239954419675448861436533484109907217247808807485596813744908860689367735244000
8660016349069709480103297814115040677117564929382078978572373473595545388609689767799733760000
-280156941402623270249766748847755387805176423943591118756177889604236890537391345044426261969600
8613034343657091378053507186467577895164495888997494953788978783311696908371436473465763961088000
-251931254551969922808065085204176653433561504753176727398327629411867134569864516848873595861824000
7018649423732328103671740762053838708312396015600670406567145941732882550547788529972513071949312000
-186432875317889965253780613992055090689548019164392807674439814077279692748925632827394878473653600000
4726280536947752719144731654269698832414141783616429222111131997763570521954985820655379496949867264000
-114460418769323056754523522506167635475927549953413948717904045002549230339122518137752798828542508480000
2650465975956728383480030431523534128503687657409248666735277369837210606748209618733513429460211133440000
-58734740162509844216727393117316441839849297189385420649957923902681624109697629558887584708311631875020000
1246614893245106897661152833510389785988638144427772193386862058342630389267051729413124246870287696939200000
-25361632034135752768777557706068773962067249865496368611139676459745809691404607203872364928027881021609860480
494946728970676974449499742083833512616122108101728439331583997345904382904920362040969336311685982567057484800
-9272380343738011647443901048350870654066160366164666254149426979863712398230233276593706978380575746634404958400
166869836645298670274682835812115775473247610833163477564884952896429472821407886293472792869738293038042876275200
-2886745167891663724967892884959595436813434749135436085651790620322491343098738279860848777885441766908118276304000
48035439593717284383465737605727668068575554225613656465245795922166255949163004976884523664013751001351088117698560
-769317587243128382703943453841732183910780360644593716826202200315943942935813751582916199306470230881013520635016000
11865818076924484307189909005514583933560180188557057660078376319554503806832717365134840436948549156635687764254208000
-176354133885848228866401272458000194092214128682308921471741551976446648879374366856315879110022774133268276203750784000
2527016431550160774448749057800933548210181194677842287564053034353679645533810232345026156279211713233961969848632320000
-34929684625102097304817833851453403970135229563434475019854123067353736900391091936589124045169403906176439328232720243200
465979453047586162378703916255347211254370544350681897335543850863595673135021178105961869820534590137758250000933145088000
-6002576632819283039153559266705522336025667597453880205609813960253035105782217397573598831400471201834384824478721785984000
74698731430639966709466515319002055737208307879426064780922129283148881316400927614249229901872530511716788926846315558912000
-898445557600214345688932587204745184544327951093731709334015795687092196790159106180661208768493704995050685176045833986767500
10448762347513404044916305705299966718998839811820497341973065121155257321060652743501294474331054837547174074984659905035220800
-117548576409525795505308439184624625588736947882980595097196982612996644861932343364389562836224366922405708343577423931646234000
1279758081150889881473698828209172355039597263741819479525553783529153938002307303387045380916007409274183955929453299707599632000
-13488661245902015604105462757446027912535651350126525945855734158274302654934786125686511836008532246063127910928582497372249841000
137691438048905263255518901493777978691290202817926729882081218250815187781942996368066472428064412341665199846908025493024856600000
-1361768322303673053597081935773464209256860105869295358533783248500562207163416234080177412313557038059068826485920372126015831774000
13053093698415687750408847279621858875479365267923894410702719017565396915321617224906600389405093449516803351676189720517572900480000
-121307657235449959249893332444124671111876809512494108993909123092061752930063571189105958132787266033443486704032367315851680097690000
1093385136485857091891701359346255620725401935542149942427367798903717417289700403707100277919691867539567940207934446784572696275520000
-9561129886892853697084389991288431409502533178129264060104913632305425224053561693118060045322214221536196277731362487998404594805200000
81139572672127513614936967222070144313602297562876186519674339049196760621408145952477104768622438769644776091339434618149660753354849280
-668460277978391228422225689969218804910451061206624538701299069192525598021071091611603710251886902502345337656922956423935527518765668800
5347682223827129827377805519753750439283608489652996309610392553540204784168568732892829682015095220018762701255383651391484220150125350400
-41555288049946616839076349697139720499344371887791700612993183555838307294730017091547388046782981051417988860494867338401577823148829091200
313745421072501936461669219312485760283465278537533237122935236204310373293971864341245461426760786275086626358999863641320677299595069184000
-2302156049841525537215070032520881841979970772718921616957837754279784287540345737707691892822205200666303603194530093196884426041606881867160
16421414895988933873139045499463080354315292205951155566777443514752919472167075220960216519445085107633441339659199567385183834590337154608000
-113897312091647220261984780630347959322457210382055925367013627780715631383619257447935993131671688602721713824759977725184833208475543408604000
768331526712589580492808350334378046978259759163144573037575455106026538199964310077004133083908653323513352426222337762344254443936050701792000
-5042175644051369121984054799069355933294829669508136260559088924133299156937265784880339623363150537435556375297084091565384169788330332730510000
32197344707813697690222332485794298316746056973346349414138979460735486491966462872143854513976790753650772170339968394250597101363931935066409600
-200101534544977908914422595012105857508008722117342475773512464969268068767338894796929728601263275688420462792006036674111505646862240588876084000
1210602387354158859163593535578590491082935051287798474120845923619067697845684062695337050087071993701169220791589434718049156636426968033533312000
-7131204688008092029760543170517634611535414286492187886618108018818570657622232681814719810669158462895949941225456513886008313311452608572532166000
40909221187108660753985491941462102859256309200631866881445124147849495099400865176323806109936442438327479526484628707357684352590885814106282240000
-228591637055521616590881154415125461421333309966641842829763921488372345394318834413036023252078187802609882820767997521446438454643960843489437094400
1244404178053727143571660722259854582885364764315446718363211880291731111022327382603509712378177117031959125414831702483613747800428662579942497792000
-6600899619810749948598399273074278261791614109578285835816767933537080776414157903680266488261226136978245374970427569282467678992892918697031938016000
34124109585036218256646043276413126331509613835988474539373260243300954523647800692490701262936286626959337172583854489277106586094372549518058967808000
-171952917527584610443318818117054600487829963337187282578722771880146559547919683774688600467659366462807207742111376316779444403106828629163827019200000
844731806260719256356230816624679530994839806594740760156260699620850732866101617710204298097966279390029957058642657105898442887107407656798607725568000
-4046298349325027297292297026898489355009462159518753348209432355117453949910379330926320392744652930086032167356095930766046740587169760309176924701085000
18901360936287979569623874899164885123963851720179428968062596542897474333772025970121546806452650184200370477163899282498595636336197821777972600112880000
-86116914878087580386092450433440012324998569316939949328979075065344105000298057098563986215113350073933320592384500302404315832899105381876171081126540000
382741843902611468382633113037511165888882530297510885906573666957084911112435809326951049844948222550814758188375556899574737035107135030560760360562400000
-1659606909346113588053935441441952166410783539623036952379494077292615883074632912822592447232679987802587872980615252272246017257928048206014512999434622640
7021726713790634492736776164359832908762809290278431022909417152823184149936394129734642684301781028679511086936903665137745133305771449913889459960356662400
-28991956405642472693626844837793669959796616559255148159469418746042437670974402405902638003609343295750265067430658472060949412861978486538922484767112759200
116831380926951361353373067254722874740430290427116230946709076277764755896832656391474180406287741029306752018361345178390961381720737511218023759898539417600
-459559088529691722335360313087295183601294998726115019011440241331129950039824830452595137332240379261451161669857935522803573593316270101217716426117174512000
1764706899954016213767783602255213505028972795108281673003930526711539008152927348937965327355803056363972460812254472407565722598334477188676031076289950126080
-6616080291968933161709494859825638029489629671941648760705818212684547945749560748844053881707298304497360262701692742094046463550626544283817889737336609920000
24219858258101312487865171505372708628873208036546282021023866969170650144314402140409816253831451352790057064403296899872973655370238424667951383934950824960000
-86582255640264954287252576839808456078371583976326330712502759003215757807568383577560708876544069535089764181620736525548986840532650170900168797662520966080000
302283643124163816499893686332400871823150686250148657348254729690547061178178314182073748354435485591745090333610651551197035110284852208479000229529616166400000
-1030787223053398614264637470393486972916943840113006921557548628244765478617588051360871481888625005867850758037612321789581889726071346030913390782695991127424000
3433447580075600935753650010952739661432625208849752784735151018843046444482250923451843650410613606104747594340038120789257426698966645654466809327314623477760000
-11172116539855373357354650230951688038958503120983765897204612494907256594741074293888225628093910679239276351895514666474419673594684436836604891287707349050680000
35515588893868690995515699128732940784509637300256325890776852564278750073907877495301969981642103711463756416018696165833631716701028323288547712988536041402240000
-110309845006233434290088580742636592395100916406959571759095695118275757674152929755144969091180633757558827926484662260224264715653817195255634690272565197845600000
334774740201904356799016656082152156700927817082021124546167472156303652930797881939697427557173982343544886023242979544526358308316189561344435079680882932380416000
-992805143263748020070211033067648767326882025910973021329876112990286658011555401219056617618090648440781709033703262390333258642490899557479910958283712352604080000
2877241993100987029894470896622087946335894786466514844195985474070469157472015916221960269862290321056519246167366193699269562193359556376970050956025380703667840000
-8149223820879318119645809304085412405892608639319157275966466470907576282908926435510302151864345259372734093012239340772629540665004368345200222605054074893029920000
22558405040496382338119887346949238493820369935831577234509249746456958568606024734976614953257703140132135897611735199370600804609008632097440062574544151953024000000
-61034584637693024463575620203089533399842738407634311155119088845257608527184675673571103832907873058520010187975751048797081801970248980218636269303251021127900560000
161413777554229486184662797231311162710327903226801484046595937442003592799166084425973167161409251063854572397952399467893108897772559286528624844438349807941555200000
-417274786277485080618601884511499570519032970468801444615753284396396952441112162755856594522275178257453129679925723886463528020666135693883492215765545925837625600000
1054481434923710066905306844381231514315795394736150230058132035761983494330662978814324100851055893657145089161406588381735316497197944335286778663041070251611084800000
-2604999824764381301469698262475356339183499484199575083816216530854509822590415794111739137020509763304283052276016471103031737587543178692499238261941665810838128000000
6291345496787756338704674152497282996187426338288330583224879808532850090577403546022437636774781211395227216684016483426816361574625881032969680323368364866418406285312
-14854565756304424688608258415618584852109201076514113877058743992369229380529980594775199975718233415794286483837261141424427520384533330216733967430175305934599014840320
34290110499022031124450534895549082473416192850193656635293642279365809925965170655630866482481323487931854074414341051367988433192196971332967888608115009644552701378560
-77389246577291116021045375294965724036835361512549489831741516758063327248072150594071200556806146155594248541846868228542120867562736047911325294010148236793617263114930
170766969191642916909607967119232100632930381271607311256628117021578353256968293360633043954445146735978655516893035355571580930046491657911415467583236779944812565445600
-368422157615177064700663673913273468708714475239294329924728862409690434207237925693611918084202632848551346674641240360916888301208587712373261500801916936897503606432664
777162292737568308499739234057484969830165142104915491129606947102779192255813350626930332419330767969090306486918763537392422149277482383772045121439857415983312776228800
-1602897228771234636280712170243562750274715605591388200454814328399482084027615035668043810614869708936248757129269949795871870682884807416529843062969705920465582600971900
3232435408713182313607641163261256737396102384682910276817464906024440324576464670266858432486496255140135997756533305959542165809252464817821954985711761523819789843511200
-6373600782217098452510499854380975428130374522705415368162304800500964005994081735954451035987101799578776732043331571480150945671451521322955352877540928756451306494181000
12287672816679285115358514287162137319220238092168860048052166884521364681185627208477124367651182926200268820689958743238770020692023081108551949448849276970462173112732160
-23162289833127339724641792853693118384224351269651130275483282787026242409685169367622996381820852763947468232772243273303401642053816215551993064313047688233951322749535400
42689004736935422012617022664763831378714303325684474318797896433950225235006094025510932433264795077546529975388003586238545985504055118992729718190470756640675803535187200
-76924940955545729742017347552336715050584895359562807456321540218644711163080452041244416525538120808452230054893410999209629415277392329262418910898045838880386029716289600
135527404902788501651998887774004543259764496560194501620681394805789864292286040447386778040956349687889545627481585343051383742872648149065407573467702518269672400576704000
-233445954945053194095568084190722825764944345324935029041623702552973041243462704670623725175547312337389742343337030753406008497098136436765164545298117587719510709993372640
393127638024263414230653360429827483859480744503738482587071151424653559721901883827397128860586691668216315761527276778030942331011800608767049392715707300279121702659731200
-647225659566131351032285241330538731485974125931888831900565414294992274453877050060409764272212676220480908268965532989500753449841239080005938240923593297330192579011857600
1041688635514720280951370329242050502746656581381501551934637826557620702079612766961132875041667739242430810941767011675409496676667556389121983441013120573217824742551628800
-1638941538081970928146144723742375465475967928605878092779106823468478752186890746629386576400193383139675212527736726268819195075052036419517009537184271735205995959960787500
2520657007154274051487930358474837243835001138615917907638772805882365228571476774459350503423384220556696203200803556748087395574168021386991772670363405984762001681868824000
-3789381393988492774438484159191506824858914031100914306168346526763951667741272904745256468483878182948927089114737754550218642858613916557804060575239038505427769933171630000
5568070619738193464481037948199765130404934902842159796818794896469480001579013247788948280221208758618831641148186088318688618077963305962487599212596138212057131330374640000
-7996475414769190641534879964231191184584917697165167126028525888341875110010546920000773650973272640607769673831194748915311717443320476427226643920317600426254619259477495000
11223376150813385901095755131996032490052972183400144482097602210744238026572165309095270797005863496299180353884060554758844786970580876783585524280757462694567539125504200000
-15393982728455640101942937739045758163356656646751638171645071192256796877246381937955073425173242371523955773387377456907231509808848730596365905103486935831868836664541560720
20632433322293073177289424907032076201577975839863605215800770827392119317953135038985441159304165908239642490887165259553747420716565817596813388007655837858949679771430643200
-27020236107713881367955597706547330749270464637584535275903909406354023294810768995610391843709580500588939700777915480363475402900845392270896064791708911275027720777535360600
34572605062080660204750568691806811508486007810027425374166939832505263177674063520719486372881770052272199663279086012552728235622458079768374511198311132919374184831848396800
-43215756327600825255938210864758514385607509762534281717708674790631578972092579400899357966102212565340249579098857515690910294528072599710468138997888916149217731039810496000
52769091680603446814077142723352998044378018996616261746959487353089198781490443675537297202646181386756360526636590388358316104069741427059575164438795806208260202197039779840
-62936509123500782535280615859028631173490795585831155374979418163355275913574955936985127026085035122888040938758507397357828933293238203501157509362099288099718621333377696000
73310602862345509682055135808528948770873776739842757642355026747789228042945520502361838905146396545432327130254138682824373578348633019551512613444950901047471339840315648000
-83392132249720615223574735280996497285951876225016615477085230514219304147393204042043307939009863110905375481406296113449917341145895363571715417561138869453815239442615104000
92624938632655151120524447873516935397710877117141986574761808189520907418962903741963375140516473088652464044851421813443838413803913682571645462011660118439267905682078720000
-100443785991450767588159343649089986077181705455038230050857912388644137142883951983618955362338976930237541185512512537617749929906658114916853502769753771405957669126569818200
106329905775448827692569437511323992822725434886240848447032950732780182986795865994001162576389087109514221292792073763829754179107237323919542460398983198463773714009223248000
-109866943107485362770134333066398899305511569037120602321985692921079112256246894458136317847277201461236745114945993913038082764626236645051296787785369127905126954838748164000
110789082755683233819016110938121845390991981543999969039506217198296946650960397317264038080629710623262255828959805371602857218181569957251471396678294616840459233469070752000
-109013722305515942259825303984882311060105695700548750023443338717762072171239846631521146929055074793450163612188475950307466399433939950872255744835331165774938786948206330000
104653173413295304569432291825487018617701467872526800022505605169051589284390252766260301051892871801712157067700936912295167743456582352837365515041917919143941235470278076800
-98003162285167852170641613099023534454557496677694660857191070597596757928715723350027110924811132125242495758891808572426215837563402076316164070099313830146225997289538604000
89509718875821848416600923979286724860213293964438968817611637214026484203816806094585340796614764154117281077503393737919630313543510978806172010239510985746519007600097792000
-79719593373778833746035197919052239328627464937078456603185364393742337494024342927990069146985024324760703459651460047834670747999689465499246946619564471680493491143837096000
69221873032096743002754557207117941786000529758746042637127447812219809175162063814787777558391814126048298231832086032922510925751629800930686050074058992951095500170412800000
-58589489143187488947763986984197646160116226935248683354559671312619680008084402871056187780478275617206485226603621330495416600512478081680467524943306471507845917981607872000
48328664482530769584489838448030068239184822464286387008377937555500382401251523451656073638560104233337451648906649789389878882540302018745353329285337440332726088085783040000
-38842301764505614805652206894903019622873767027222060029008998825619679298085366181382722515685627310575466057870923879202377981008679052856553072958946333112196734600313120000
30410398441173963918809265660776088603133352567137803154122719117976555358105392774972767348977433898272722799560008297553213299842806895203139149506299257492231410510024960000
-23187476813796438005869728424462148414695912406274811263473476378599840812586305727647190324056812707809017235693050322004753898364090275325818049489791199603916042793761600000
17214382786562475575557686382320698983070245370418419882002708863472521819264073372205274096579777754277414395778520559056329294145500620401887319941220986585947270170088611840
-12440081310601788990149109299723942624484357005966436242853520077118814595952553022882717608856480017739537746949321497755550466472334432712301383551272978587500956958853098400
8748439830035386224615058766367196651748838250676769871446543277445233591178353863837084948716076726063311808253932498277962522816510971352977244163607081753002683894074227200
-5985353181280048831933487844923043865041016499176882353975088960522040416486970606817210277531826637762732296033344740726278045925183320477795976572860456733993156759621481600
3982638801063969323579849594387169414271541829607413369955647346784741477466440290170185796853361128463576434924968317851635340317871114902362916904384536611489469807906432000
-2576546046577217931838186029257699323844005811432129371840750741850461916949816509946211866908743907831019310261180892299016307666756062946556453741753218268933048661837244480
1620122968147818729460841616638948935355652138686299717954869060227694987612289615850919216700348722606727443954101717937783826437995631900707028084616351647996727890902208000
-989808854800368543294863295372612293345982741534677194549350476145026671425851496074600053990005950349968098155390546609918225323805023631644974258796676376660722809086704000
587341561784255238805444277393906999115272747462662522323291010838005614218833674639268185759186546189930008257753917472372867915872478414047864327713803128101821005768192000
-338377160993676111557779732708180411677203300427080354971520296738991596920438055997132737571861223518271054202135224488971904203068664091032714842629304407302280798603160000
189194604902117927560837778381409506438421106120456089780424029171580517126939448928009702444854240270142728800936732091189667168149655399444909604924890259697193436437401600
-102619862440404755193638597275036113663919876758884221433970889912264666547780632418028155462414435734455668457323903852791481801662859393299333123378875179882582808265344000
53973076439244023492847981957804461165798689506402773902988149711640931886721993520900621558086485230578759880668627631918011189801919127271621573541830544436514141371392000
-27513380438146773745774165089796372137398002173971785236819191188168703876275185526993732984722844171552102670043194433122080341972079473632096137689654847190829427486656000
13586854537356431479394649427059936857974322061220634684848983302799359938901326186169744683813750208173877861749725645986212514554113320312146240834397455402878729623040000
-6496473578097212292682300381176774795166060196640702916763941850127970966907916656495179030119366823913831184810582115661163828634862881493295187341898461986401378172390400
3005961294873521655121220099072502358553852584065542754720959908723997421161855024852351142469091088173719755478266114206311379275691056703676510027993915691194190497792000
-1345197034546671189901659287499974810358694283835971647803593631028097478757246157361904209996543936675397537058511178549845888235434987045370860078445519399892322066028500
581862992848558785784733400633563159937160253997830148176098702867854347170038124175548353820621114867889208222683350124704473979149198938898099212969857139012190746808000
-243112859032404796111832626340811475449352880064722050166573283627298586705517310624415396530695797409330369840091818490566953271392314627329487993515543721728310646550000
98050724684311898834216046221240888559928356835570739286116183503175572010935265634083748091906660067573716025447682534420375946615977307685076341053369586230779015792000
-38144733454993787174025375124334784452523149024042188115134484653658864111397010227545335673509606276288244117042784659436498295558511580158097301047548117092331122215000
14302923580537235975068083661246612470125920910043080766096447233374830337010726708527396344170470523140161519008647539594421994819950540195847146920660676645303988520000
-5164944626305112990996807988783498947545471439737779165534828167607577621698317978079337568728225466689502770753122722631319053684982139515167025276905244344137551410000
1794642510491107667890105753027977715669444888027874076860666033339568901658262553429753918984378738457300525884774845670739379780948820477480322916345954955060041600000
-599455464566792238766992574155170256476486328723510638523383971786249502376401149409373552788757108113199808158661917825168721331331429759990364862132457603863930395440
192295805073776080156932347245142608448683518236100538978318761276943480379152963945087528629051066091113326742809793198539309137250447505989335130646188226679451942400
-59177002850490300914875979912686396781936058682744693362188723785770495125993132248271348323571077269535095674675585069945547123724484592998433517192534691756050339200
17450531161619018581318957215631660406563784248894986865425450058110681083527106774757781669733207090183952113340719497439352778458587608874686697103149350244352537600
-4924944456296024924009783556747257100035843089275077391734474983960735037630379399017929299092092398938161225759004961971962667795946546189763438520676881935311432000
1328475201822052077063055476485113777180400172754843005656204840408777927104770514390654289934752157867055220825796079688617936993095777456446361429396624238398343680
-342011301251435548635919527773585352429443677239764818474739322308085089396258315338813698688311040736581635581153317244748585202412370834001237124520645673590864000
83904473820978097207887840461992793874730143880706848976789651009418900318174692777932031100177965885386967099094113535363652072341451193890662667809307739288832000
-19581718569027733161705887692879558980980729076449173773082588439397712567321788853984368482306234318249634957460088396046754691531796244099344049483879905778461000
4339439018067087681264462646621508915452793147135550974644340928398385056470202516118419608267309544210445419935753661173796053525051799246392033126621585768080000
-911282193794088413065537155790516872245086560898465704675311594963660861858742528384868117736135004284193538186508268846497171240260877841742326956590533011296800
180942355138917400136999358891043982629468457544584282233771804305356169421874709708277760175814412027408882944424723088049122745758319896700482250988529274272000
-33886432075566655325585697841445291958709416321483755419225197508859533597897815762161220794763036357126659125650206795837252272851721666307581859793753357546000
5969282222396982727458857306725534469219194940185989845719495216795728195781245863280929193761074446563870919178215360980654635646167196921470480360415191728000
-986060354887614078374230402772702163063219707452769088629312195717086291402854505976946225670419429388061915966093091226715265932903634481415935538617803420000
152223400594440542201806558230091998607228465816829858657842549024059010826409297017879681263041926405910434447464365581262090593773939116482079307811284915200
-21876241019069869587258079838236600880089739011099198437517881755965270653100873124675995860525894130479026555432282476473815102693206913923446968425811586000
2913796930739795324837704702699568067275220180458582101979488933156664561495225556668602986625717428409277210296911713827937911701072304872217702350160128000
-357878812489019975403536788773196254706789415733876435679957009149807487699849161987093587091455109620927343584358927565307499170927511226730383145734464000
40294105365624316990452631500078392348296800420402676188398237096994650519780352259759082802565784532286809185703763659070088103313287058742396300889600000
-4130145799976492491521394728758035215700422043091274309310819302441951678277486106625305987262992914559397941534635775054684030589611923521095620841184000
382225159515442887362599131344286955118976016764041683791996544850384340734510702113928524445214634708717649018991292218569886330440529356797612788480000
-31619429740777141704758474525011320428943779326901183849118779185029968289396155598540836664295513061185006392549864020272490596729284112240562197440000
2309352064559966592364269932531141100724402391266767876691656900400748955882620546037529786738549004368154260446441837190164408037981055232514667520000
-146589730660544754398122603139183761276451323664394445297810252466844416144892905754335386853521177035087916922869843181016295432098406826282669325000
7922360554809885393249648240766553498318435981151273132539434088874791556986212150989859129505855612207418087920432413694036233130296120033765595520
-354424658699596446933500004506061060843794075826820015425103901892843971879424676266971339003071502738937080642536378441750974874749914524965823200
12600787415584635657244891386502821003043543381682824589236941300387939926703526304044159464643734460551004904755121296848139610132970626438265600
-333781245599800771391701589704801179616631256474631607020992385553904918418566399674299930417328838723044278121110380612494002830738314723866800
5855699661559022705142263925714938411687434563731833459684464344875050531932668860249727045326033668793515300459975022663459556535520862416000
-51029821247234583498498746120124510544194845631008983457741740321122841119488853394614823589703242368881106871683336208844137156198017345440
