-31
29760
-7120080
753146240
-44482699800
1665432280512
-42792357207600
796461832108800
-11162910365649900
121276063231752000
-1044186904425384720
7248900824110108800
-41127444259013603400
192739265403188011200
-752273153231830758000
2460769070127233057280
-6776727322030075411650
15757649689979967739200
-30980317446040862499600
51490832320289522160000
-72215892329206054829400
85152526102465189368000
-83920981303462593654000
68532824051220870432000
-45807529964791727632500
24626128109072032775232
-10382317324091019735120
3304111960478897912960
-745953848220363431880
106438123408375281600
-7214139475456546864
