98
-941094
2258625600
-2407945848000
1442961549414000
-552885147273468240
146944585808681781120
-28654194232692947318400
4271265827810792459649000
-502163758990644155472067000
47725643654470820536065247680
-3740349411366502406144683832640
245720176607827171959227146227600
-13718164889318635310268095412174000
658471914687294494892868579784352000
-27448035946009489189334286265766388480
1002282187591002753679284796923375779340
-32305393001419344811496670876613305828900
925290268682628147687312054737566290408000
-23691019261588731216270984271300069867704000
545130353209156705286395348082614607655869040
-11326597338901367098728436676827659070183056720
213426792832191049463643269612950931239812969600
-3661338648302710347604088226346937052932519280000
57386398119577897600989077269896089781032611215000
-824435949945103908094849479690235184230226905759176
10888408522351904869039668867861567640247730494996928
-132557785508742326080558382993513597815087253968584000
1491275086973351168406281808677027975419731607146570000
-15538696298629579415867119488034240366947809837604510000
150276458425857621373008231137611142393237485362788505600
-1351549875311849554138303997629940794697972514038065612800
11324509697437176928229148730141496111824808760201760701000
-88547474815130910508605327306845582545627407339869598135000
647101269237219664339703983640338651682924167134271942080000
-4426172681582582504083575248099916377511201303198420083827200
28373952653231555126486375895998538012625818230688637389225600
-170678962819110194643254423304271702362288979641870656610864000
964501618146772291058833860223585243266120549776776009656960000
-5125619052912794496139746280201998370361638661305509852766080000
25640909312196254466939080766710496847734097403180813038462315200
-120852423843266462903960938081289272174061423988936098574501441600
537121883747850946239826391472396765218050773284160438108895296000
-2252774585432441367274123129187905307877762978268612329656291520000
8922662975772706820381186030275236519011718242439937677584939760000
-33394993922657454316873584653558527198809783979976438349835189353600
118176613654470235314153781609568171864219122137081082402441350604800
-395616142134362784132262206882189511514667455049214397630626431744000
1253471283672243196252393277013881698809493238654194923048425760300000
-3760413851016729588757179831041645096428479715962584769145277280900000
10685591999049138799412402207887938706011167960879280880003219921405440
-28770165616817039220409478147573715785542564102282815841085178435064320
73414993622794959549121819237521685991214383249168427996851971598352000
-177591627506903435434774924072253419832788086215058550458743021363760000
407315776668782639296219030245278076763267050962383945633770002359680000
-885861320563279664109033057845846104801829397779016191181676973727052800
1827088973661764307224880681807057591153773132919220894312208758312046400
-3573761288895202269133307704796506922678432828470806027502027288111128000
6629093472861492913017788370371641854195428314404824498101263459516480000
-11660424973953151711119769661529894591565242048003659983301935122843840000
19446997651004089687100860291062635313266031460059437372151338465987337600
-30746220688217430698525762185520420195631298865769865643742629453212444800
46071340053104162545137458425753803414889771453390849663880735080776192000
-65409927235888625835688984184712190033485477989382070510447957213447680000
87958466605291638452874737521824888355575686710331163176647301838786577500
-111983098667423366446867032693466526500506892027188479698742209843984142100
134914440267823192633874698708749387299049625656263806579200899279437276800
-153728527950526983809817127176487662293303371626595983660639919762602288000
165564028804849563013168099770525207227649392452519030845585380713183260000
-168415583176199629000792503085203440160366731284929566558531820792679380000
161678959849151643840760802961795302553952062033532383896190547960972204800
-146348163815052360810432760149706797372283923637970297107382953847632646400
124779877326877205783586574047396613500288376249966958567637472223483082000
-100100201833814984936166748743220214433051756139727668957900205245897950000
75459027240684488279126431485027948352746101049086160967533244568127600000
-53378039002788191797803390378475770043658086413211348353744849802058616960
35375888729687188054361388221746060894585033723991177544691011953303390880
-21927203758070571108075240633313674108213863878506928230180379309898796000
12686350629258450082252604705664716117835766083554304301485032079362880000
-6836115552987689092551756068763089297273142339207358655006275097403840000
3422330348714461851958722881924521579447366883565683926662516470637797400
-1587281092994681819160249006202761647044404424125952779886303554359216200
679858647802600184292313673091010342577020336329973826007221034585744000
-267936743908268181209701208076947754405082045744792994282131674974640000
96754935300207954325725436250008911312946294296730803490769771518620000
-31858822294698231604276929112632692043390897457705547613085299161632800
9511124881921808461633783055799484049730543751570287875837255347334400
-2557159351923752175904974041293691378147926613085683158584861227616000
614193749299868162084614116323123187416728241262831956994814292790000
-130499694492068945434718540307008751978582707997140030756504539170000
24231054384700209127631689459474217651331900349098593365158373692800
-3871233540750920984887903049738484476840007748080840360114059702400
521409054401707221499552159345684345888186298772702978559785924000
-57572626541060284024982346187435374069050516282568082382309580000
5004049024845438901220738102303119882869035367249013950839040000
-321035388962383282416266743626981319909271077854535077843302400
13515812816558671178115396758601210082985804927035547982118200
-280113029995636186601392535649615896076334569111694319961000
