326
-34645650
920465629200
-10868346779799600
72179408051344093500
-306765371394534451138740
905298696026537224693881600
-1962595195567570811582795116800
3257049389244106734997372421024400
-4270152591244171786704271163588718000
4533877215279411836251126950651957223680
-3977634180065999698158994887987260488262400
2931626880546976944201461426749055070418507200
-1840628008368035991824760163361313528739032801600
996192954733067642922298765966163975146105099968000
-469543373521762473775789806353234025458753742029806080
194456986174911161991051700271757310074754186445312658600
-71314576448859201819880956943608103885442809545949317463800
23320746925646697997592676389164092045896409126581549641742400
-6842152107007950189515313905147686451637446461611869336025336000
1811049241203934335662808437553541126883915703924045694552546185840
-434631284450835352414678755075916156833921130441726476378613890200400
95001059596328044633582014167337442280525174032419684688112232793555200
-18990693854693576060240826563617074685895454779596000749931577091153273600
3484924202154706579110165569052647212324912448269613332062096698845314270000
-589097163010955047663308964057569969006942920115412669033108125327530076703632
92024645582776409812493234622010930069723627757673931730615707151756177662579200
-13323628624588891257173146000890792367721700602111399824926332020228270622431065600
1792775804674912393497078466742310546499614336630020140728480379436123373088645372800
-224757808520688927715058820619471477372398142190946698617963530090187476624971848848000
26315643145195684941002264757330473777326474035014665903962805496426217263147815049118720
-2883904222514342933987152458811923877064659326740446971566954069569330979259533966595148800
296422546121171506335952900971555285067196800252036645167348681377257054911156708058664649900
-28631587106379859721726242235532585647716464488623488149878701329687362566519596556994268621700
2603592073202985167774967633044278030525912410937803697504540729910670893592162621168890586084000
-223273429291466771314227040668517919497777652801165074470652659769670112687959408584827040782620640
18085836888131313003524347785016212337096217585699312899636663752021580578689798389841931127592218200
-1385924682558942040365762420075015184549125564837807025830667263866565342416808385451532117459690894600
100615828477852501368160391981512459713749259842851098429280131998379347628974277467905134998292462508800
-6929658850885890059711796096004824271738200995948630385246048801768723577168442101348062075441240572064000
453355606172082142431494980090875615917792454657449271378759627733714318227302403375443591130554561325857040
-28208643442932142586330884855803173734040155737594233515681953160504371870901067746016967527840781880950634800
1671282167521385536271322810685771708215422197532567195686480889291742014156242852761749042103002151894508358400
-94389931264335168954140306734171488466096210828411787206031443929728903900645739526961150470357060960458531283200
5087110241797898516877582440415006769913470370783308820804401270468963756711454784216490929791867634614795017608000
-261894483860579120139755479997878948528518123271373198951940561406251822518975739609557232553941724827766417471926720
12891743591171040242796281094791621587301723875210884878466034440489220148193059091555520483373615339347896996160627200
-607335934949025190107324845944626384665336576967664625010106295209774410666368076270216546013237676559491895291737433600
27407088467239603761214747778886586139941134800556435065777244672548031695227266330714824098128623136824432004024533179800
-1185718998140155702080875437539293684000993493297709159707459929346491791895765218701791900538571731919049510378195911725000
49219669900397119255657971762431096540354840304185226303120544651144612878309972534398862508116328020652512795603063574069440
-1961879768136744074905936263925430193702917365834834039590935204424228273801917109766936589976532221276873996187676899669992000
75146379935450760845472496570741366872114851114735736371491250367095477357326981839046285686778622493375885182377985152596306000
-2767949623631642532003738982799892134623391705335835683570340050456485495098095703076042022482706918306202460720933780627868278000
98112233572896629666634588910218398845910070872260622857966511527840308907180785963628156187864398860126572818969724130897278880000
-3348821893763685920565186095725275999748449827316291428333190175788773466107544902985312646133284974117992981861634045037776840211200
110139505778949797782874137089638063333563493363967569489249118217746841611713068014638120638452491144939348261865094198085555899038000
-3492564746656774643329077784528821406915064952542162752160316682862358833711899740949252586955323116401867107840927996289984785352474000
106845072297247916793781823115763991863389763494654890948371733194628737305279139756411855597130265325549627765197854326455087464385792000
-3155167827289744213391784690372007912553045314114636459361640997914927047197980227308347226689745942010880202850765135158848237834397440000
89988892176333826903948579130176745674804577964454003639282180861642513749472171616419961068776765094974759918862544727102750463301275430400
-2480196408799762326830004443078547743262451892809615786946139225548440741084955270121459045258909202987136926492595612600919799452798253632000
66090395043230295177380597063845422070202776348666640033420117885374058790534375189667349876160402570337775664539426063979556945252089156096000
-1703580258424732126155776453467078255413513590300589050617060216804979549680826485898034155651383800897845002497363331400241000856111233381888000
42498005567831818518212216312320814486853715492410690720715628162385940035738977131118439947377538275327588465620260059198394889520860797597977500
-1026500347030249683219426008731041760756901424784852875441361081562046761322413811883495364513568084860462894794085954864202460797749908936253538900
24017657339146705168439829846158809976203717450429799142558200512581222661611665681167549942888626999306331092151799935665637007462504756378090148000
-544594628554182597233233450779899040108676272694786804482862899437314526856196617217420674100424298591756186873881768779594162191709951356083016684000
11972130878414742511667959934835271891247223285460741403393594172491759576986613004624837016361663235391262955904807430792237408112391863159288670407000
-255272183600561349731563317115060412946851894942984071322306387821991382788867048763808092777978206960878819359100299587665192288285960930185925094805000
5281320996875613753140196497113543759775521979946929227422475994253509881960037946016287594583738512013479834969010606326356435391281137807862927022643200
-106061204348086244455296130209341321666509614687547585863541828462260280281734664047799816432788091304043767326539930317684724010481322353893870941705472000
2068275322136715784042206094738181498825383867282708439451614684202703752747129756543244414124886907042513990465774428178121936664270416550894907646390736000
-39179243562344726637588399070282455950821171936683724683303086418879777768542786176350327242008811898146117432078913717638745569609327404684403873556052848000
721195717875154938836543211520173769145868175898049570503460758039277136426061513253490318844866369491075353753388331398463395437658912051166528570936838400000
-12904723591084839066459895250260801784586804937300371079243347334650894765941247532529254059031936881003773409890184701082086971412587938997682180834375772764160
224536828411361898576734673242938119693728167624426470475061704835944412045896014026868080493890175993919533880533857766404040967272349007837094732315575686080000
-3800235641861179361861965636010981868258819436095180137082310152668664853359677402522201260468948809320601023159037110016081345748503694702214360786586451909440000
62582710294108363350373777285209121522779033027818587819617162856045178992079684140944179600411722403591330984935937890652732115916187077515493299791201477598720000
-1003118318261677636236923699843918357880339780313704924296651640170562326625971992154999360090880732357516230584532374121366136390911035779404321782504861370227200000
15654288305422393061999842413376748423696377484158061409226934252136731708452434170073861888818250628896764225915743030897744412215411032734966569117102427220751848000
-237916073521596391430774925506761540781722950896634826005344269006525560479855886796054738339203149132821345036913323628405515022719053670045296668116425625715176120000
3522459986796841754865631377758644394393528139152556543498517648444026263666063837346942491246929194299617867506661985998665352698055804723430900342701725742295837760000
-50818221905614415951637466358150441344983245923349562663476146541719616528811015619451382403477798204943550732745625606394157847089805815655048177146189057388526118080000
714595234902928337687283079939864907915141391796307200605173364493965469386143561474201553581783891424957355966981430366557304646860903207099472808453072317756457119600000
-9796729773338402045157519218148589480124937024057581249431560820275678021891613274405693852433117817236463815347470956295898627346189525753136315730115607771085790194256000
130976289884762195000699770185307264439528633442240891555407346391138323797274570115364387253729947237471814773060833985740732324498542496818566644050004231531228087399680000
-1708056103270606682776334022417905159338426849145629763873641556378661715822114016696693430129993645391614535712051227405272884866465534976016680900283229975129202116919040000
21732720037120276041750741722221207536148485834196434903667051889605151883184986866368620487805854063497748377166817089191160626506015249516641994120184299575081423422555120000
-269855028310941137493548062377107292919818750690871146944852024820365447982661202277703025890436154073389855022881239086907789852291267499837056347896821964992694533610075600000
3270776204870982359823033897769738961690879712077403175612073134415333113721697061088366946891291341025817581077331917110649281054141663958518869631002270769768244263173182976000
-38705435840639043153104480957848758549800477887335481728547893588579950305416942821078917879557069793965100091495367856207955113742375601933952014187908166173582791519098667520000
447289235638538053980559486229808928553058169082710082565303233422280493770491731003706417253690466763624098552616365873276524761976517293993822591180018141513525520329168108160000
-5048850295720147369171011788895543562012881243269480544641329491191695891470897933021025135533129748957374247820126945439977717994852752209588960354853928905253897094828962295680000
55676773745469800775466657844045016374211764185624511574224891989782576693631088116067076641732476543504588808011902395164263110165057964610949331934921551893157507120884346547200000
-599958107869327822184477334292656164809802579370212673141822157440259874352611296440514046591149592945414378522766262585276426784117678904861987089197014497857225565098407045547008000
6318569221983176912025322272834766423224765446362070535497532400298570247901958814292132526273543781606111065475227153485995006908253245931630258992780189579212490597705228715363780000
-65050573368673014978972993155774824010895244392895598529284671168001020746468173500269529325384139174496669208139954158436377758973511231125436103502352919967007793254109085978440140000
654786446136646991258566971507191148144654838187214004687943328941378038067739615641196994892079914855991462483267976718488287246510545370195560078902484535511305434137987667608055520000
-6445313987453629066592209833298262015840789257638146220005033431243694135556084013772521179697317598789080332932688302613626927059188334311765805388441709576926149551929635775174692000000
62052904945608559201523159391062347383708782656837016547720459862641789659479754450996324909653894914101749813342749902242954602955041607419956467957761403122814197426157761389071864699200
-584426315326864260884848302960132832554633986251898477092661815636046460301393726975734919683854323485180434596304744324869313153505109541503021042941077032156099795874728646745915047640000
5385440186756740716988867406900601203640702569198578507865020529475110173204077219590317014603083592961478145484133837746431256310346199727314266957789978587742176050567280355711684683520000
-48563380747144604974283530796112717065575934837168480545944284946111354975955740914935136001134244329139950018289247983380887830845686670686490147709576197714537727988464512186810230805760000
428611346719898667792631827828857245846882279914580542984082973461149218380615294724455259122436664539543234906239978965748849143170233874235609236349495546766805798241385200938693105835600000
-3703007654096786213688523739911699004459082452983556580478629234027022603172062352634837903552944647079912260140976347978824819023683260476627302981544290278919276107781422383184712655233264000
31321987134688373242164230708544666552491206508682557619142837522421522624196582947171145812893543899828663332484726959051932253471952391927612929455853448567861160669592949741711916229384960000
-259426157220813553099371779666273481978608056563790801934706773843887302461759924109651344571513327573504468322956520512360693492880149311670866561403634812415457269876451274797564492993614080000
2104323352792833666481289679165420668463654445097168668779704842842752525764062923513574503823732763064506580673144917585345501778838879173165640184115286083011937861587003430310971520157048640000
-16718929626031439605041775882907152933223353366294692070487352801964617849465425441045691885231988399080388745277461029834920346806960356834523239220567496827364016029332984496608379483648228800000
130125778219928665805323494673443308647871283192080076068612970039489243850517017052555295783769234667090470287210757846754831287677049468202319055936873105885440791204831665120048822004302115328000
-992286948515006719887928653684227421801050759866235171416811265324260360845331250480710398130349682911004393785803648526243825471446894146980674206683622487092491643344692727567095777243259901440000
7414623745074028210182982188068399609395415323962209429786396167201337064951736987408956237049899272848713635071025795891413125724622152597639712590949402340573455573500058891925942394177713415320000
-54297064964416724555531374066858159783517667843819744471065592169041853311335427244235983307841250787553032020877626211638998131970572763955477845190845466728796468815981674900721990402723427701960000
389722239141335185175436024388775711342453682400085084969298125386905515303275519647763352027964902544086397884538702140788376865975302202352029347445526711023556064262447725049195695965377141892800000
-2742082727738403048450623629897918239404662200454466332058840065434929686539515340547752564805607723752724643444552799463326975860557114951308785089539032588843320630297544292140091395483879654462528000
18914990992024269542002592548091912231089532212112333898759032020932682335359528382107787831841298225232454028279086715679697525221233012022925195601294069923932596678375301813053157203389841671166160000
-127933543062206957709503545638847678993344036739195314389977536541901837927089827913961118561377038408912062321300007432583545530547030527004644246120024402954718922394677044997089098253360747374407280000
848529055507105498304228055647720543693860132213312674126917944176796792318486051961371532704703551503867191862733286872590893194274587994106069047520575528703978879703620687989885981175981883188829440000
-5519543390158676857304849046394306749689988424463618175072455788987051516447803310247986634778177222426292378958807762182664368800974766829819966832311123142897183426587036203247535283950679413172729600000
35216220035709624648731966040730786592674817811529123850899788060345440633691553953635001392838875728308197125640237635992671635274885949809481893936487274297001501701466009597886843871406432066990118384000
-220411059556878044852575213997839329924168904457309696337490750557322208351091151324454842745221663640702250092756176202048252530456538078737236073415068054108717478888999234307927118240306563927234444240000
1353386694102539523996677906321589091670897911593822075226817701890270845580685467740162388347977578839764850878606050487610447142131411454713348509913323004642831754274618249252222197676571989413988869120000
-8153687421995119967858100411626272783298785904424753829777166572423327170476749178935328257700648580772559115806220218374924279573260080630759308390050211640173189629642979018083964350031496273323870940160000
48203055844130879622678286122322333246739050384508983033737281570842900611104090814595560524518012226341416729109353398171215986811221470430282331728379568034062365851622450100405330347155502812509096544000000
-279657933780883735595226196177577077193609066009991924543444371947422706131020603931769738054917268885124849146271487673447609626907138401022433513824597518198770401716187310339317990483199583069232775091849216
1592408491672454629491587813961512205738363540394511840433822828423218230929973708455025467382496920333540335274813711620034259906299150381231291865063215901056238618993659161922042475414540331913494763687526400
-8900170394866189316434879203000089330441828884366300383135211514282835505216959507476916163936384765162605282659720482448461059444054157692160534922180775239166516385790897914922584353102769378201116774886195200
48831428047809539186582285236577394414799614384366178835497462978632363844907405032111508044956634479369928837209936133316471042208552022904278247389201309069772735043427453330579892130683236385818773750492545100
-263025362241776819000619141709068850932670118102437500145412841421171319826829832945935642305732103332631667046650599441729576459849982607597198528017009755331355033088012726355779618480487464301596405572104998500
1391015075486452365384576118898801042660255886125648166449492196145479756262884210022245205131190086831792181891209702704380037022222014528793326369233625082396164937116818072826873324337990982805886410911979665440
-7223373256335598306698123701163490176369017148889175243467542512645208815300211314966049848800536366646183805677708330312967018194470883091510825674159693445471373368169992573857398537286875265587469699226214549600
36834892135670947012554045402650277155115926980779442076020321816663917220905324595808279451654342128629862459944659123333777863901235474313987596579455755395834622733507815666458768069043471137395423422615221255800
-184470156007840023913229985871704454878187270249664109626797006544903976191324551414374359872446334227425723655329160368521079746137076542656635152817245011207575426767666734492881614954624567677565061605473153111400
907351535899556188016065513042377893452968350882731909235838250058249007419123656767517457336514827298186673715675620614155812161886088229418245527780077934387004995105832367476682124793519816066080766373100294208000
-4383715231138097224197672674287759445620154527493850608511648491406248743608299429467033176183125764523052664325868536115063561956994894633114180354818306842288624242746976449310800426348104983508064612341171687534080
20804634677189780187071350959611782230565374374103060467947259114167415371644491993869818998991932288593942629461761467354037601026438789516369093401057037987461907224715051509542715258695753430597854220983350493714400
-96997771149067403422135047600977581525392094163494939121352272540010017418429035159441965535978849101070389348197046231751812475519238060323347554810927498703651186291924983347304298798161292314525357201533915054263200
444303170178294882131888493611031106470437048837953714000934753109123810094749086065345596389125549505596103949901529977324832276018387653755841939785067610109057985854715403662678460027368507203354125152499815060569600
-1999605722418799827947744110654066035046677376000427783290268695026337193043264157073242913618157039348848880439091534557128553934122400415731030271415069304747846237772205265021903912410321854141486359538099550675008000
8842746203896525198326462680359787125189071849092504007370782112760347068582549187677571570447315282785756406170341727003758905142550672369076672439039415666241036760466513446481558342452911072937115903026750849709540480
-38427094124321729013098674275422957028354200613769271350374665290072440269110675371933192285538745729906716196926043634851856074130610398839413465890589523489004294095895801479240190784981603146039038702378961805777161600
164106027039952029794482892243861420136165290778263216352086053236397439816190164532231256402118253932440346416866468433067002095592894399169786370500418818026440080003262212704836902840524489690126646535372800982894412800
-688773435510683302908263640892654609322052834447943521436279998587719842882495635547352537690087700144728720813751204763305862822556181113870861891580979309245208701962931484660278588688625134560834255571981093939013094400
2841323286727616210010265810279594679851871115869844175523697486458022538588381397797093753569160005323114138619226372273012321848064030308666740268414205734608176715176946334772387658006606578430447638002857965641549966000
-11520839548956766207828069944929642142784868703877293022952234692890981186073631512180739100381662764033331911126167299055722875142416487412325720552798071490182243669229481664003844006312543040084380099280934336690025025040
45919052734066750657584576023701557348986791381188535148715606094390024468418827794843103488854666374191775153372076080304663889665026495146894033503740108547845910214755899895560451622082644806040952018901678609738437142400
-179917091852248117817840404377747223659894704330190647667004684214619843660864310838353512105643853852732427549194944953082279492168485273015969139463240491018578818092125400363617786916880526067521370011770485577802038851200
693022501541174132419961221610632247746194119509991112352105515730273258279512583731444600227236269049613786394296744685055610176827951034281562647680447713121782872537838033212160332256713100135542048513198475583012857101600
-2624470375977398098428369880046570254910196414476938100581202253728333146698347843665654914828381123388418498765843827277872637521589567281078436989492979662209535381677344833219781988851094720683559196826591677610999773020000
9771894676350333470841560669812509763349182880854220725079591111481992786568923953374840273096109199688362140115881443290269248044830559490650094988078393963611823828240055144347575817688413836443815789926424194823960754867712
-35775137411005836870246887281812168435400773693228633613701980967104922935785313232225112573865081156264463385209999713988650738149301826826982004259894036933138765583191026848577426050679371299379304550857780784304641200499200
128786778425734827916039391837036083496760437569823922910267536400452330783203604230896254457821439141656334343606565798643700622981030624171301387565092920697845282682010218362616069922398920953600048394388129475077286094525600
-455900464257566234564416945762726691918751214494365373138756031393749553377407538630513047039868819571602181129123212782955595690741555159690855315620340683475088429237051594047370919999121337206287120778237478115734523764152800
1587078020286079791096233051196269003407492843171479389708875778034574259016645572159519192258878805187699277872339873813493589991044982036771673758543402210646959888590444409029808701093247495351284562803646744528379249534848000
-5433454911406882368260406438873853144610601200570129085658469994552414875270681163608433426950469952361850293622386137816177368172879950780707885049488173786802210105991785352221052881316158157758106413118116478010560734796702720
18294596295228465699180543376122761615277476264575788020991741919527649362248504871222675665858050127240713883112192641874489379852308644270677354575733931627653398096851039273545080255384861910202960202617458259705183539170028800
-60583918690032616723883736223082991698253663639438835197756213950476020710465280827753391479451298540966276609063205354306014224074177358346487907093733361879608256986151964898440677755945479457346627954848280472431133788463302400
197332142145647016946500334873070189912209657821264643791057253194243959141537931207590280723327350863765818123543797218768251425569600599337831465374364970403569403623537436701730827979948679123368411002428432213360052499900979200
-632210626679588629309829303549872237329987786686971631812692623807119555028237203360578093714089584399775026261478179491876687006606139019159355228748731884729128746746110307569189842657962235101349806144602304779126516048790784000
1992352520234472353835929253640214555423206823388989194067218363994655360213205649153046808143667629337353516354336469089322015661912377793347661813848933341109655889550359186462967177588818799962363162520388107045344172216884581640
-6176285126478184714805991095106648686433076821628109513107956160595290747653722462007371485219876253053626087213174915075516784403108256532712910962224877073603117125296829305514128604419178838431221477733335378327558001561967538200
18834798477453973445181873164288039463214906423888921679357413025634899752942490324621778490516580410165668458003536610399472614287058374745697290433195448938980516299792556126311032634845134918355720061955277282362106461705814129600
-56504395432361920335545619492864118389644719271666765038072239076904699258827470973865335471549741230497005374010609831198417842861175124237091871299586346816941548899377668378933097904535404755067160185865831847086319385117442388800
166765277714934906165809461456854317287700692139534049997106422439198952526982623657994881385024481665558160566216619884017341179592507486687252853352214612222219666553859284500286634133775298537226025265988612880045807286980315914000
-484222661841811543335662212584969353017815515677587004088935162543291694993957883665313255036458045918972934836363269731917533061082362142520258046293697605538243778172603500423587096966357066103443692315947321828484889323896453749040
1383292493111750787174601878889852934735173370378126323192080708209026064375249114607833482235084096920509124340198744131824219863855550437625007744383795743503068305187521685053882140847424453609489311188538727476351084612321412364800
-3887989840351063464242372171126211122488652694030986700708438110881742841556981331233254801963553268503996153668297857802764714492023558828000698557101817811537703583446314400886322900591884278571732175271109944088663360805551957798400
10752033128510530240612444469272357941201967122821236322409828919732914975524571530095592538366612093015657163623794798654386036548023767490189573546588402913341157883189899788051986785607913538516186215428737009495760793565580407103200
-29256477524673360794411824583505524925615730364834998102170086989147560916035575661264625682544772900413563827282770658500248969935564829330208420859672901243314592797594729247171322889377787915191534320648587118551978224570185964708000
78330422316578753108249458095962750748942655803095945091817046742985525032497186933079988817044441105273353449821164791422673505111912257240629992125884097114280620495041168520039040826591547326154330781816784667303732425755803086686720
-206360387235650088768988646230378253272623969419359670672963516837518891996799726253883825399986953953173037276665416015431950120252254052068394769105621607373161232510362040181293646252743745024804174678610718061822202640747521999347200
534957775076949587880992335610470828825854430188937664387875812375033763690459863637873794536769857780447085411777450143844886378528456860506670214719048550319851312996372552243907933964826368761569827083964750865240277343300735437193600
-1364643698546555855055301608702349439285225305945231175883629745310458176232935921987395188329004254467700011023855557690939407943516726116111555711288556238807500691414148660034269071282455102938272965631309326549784471727387525424284800
3425582015112242204525132853130484786156596751613078655276650173193117366683284782370261405502851213487422408436154788760450356840641801586222692365501726587044855745391574123484094643198130130245367465582623491140957188904790987324800000
-8461998531436938286188761648070997699837802476939788191031309787828000715329213945178535366128855417193044656999299458759733222705351605936304747759757424262417318595742627722961477350288383428022605522899299582965046605643635689211704320
20570392865999530376743729083798622378544244786724110627087345913721863825680843558624215943617730272295850422005657581502063264130713324089738749558036352239153670269221974029538973543282388692216625641603733813186596378001219247082946000
-49209653488080270776143900655732878528033308245734364938820751195241231068444641775613939555246513796091707414154873081197457162909910035448103995120372514005166144009300625222377268669551699234433254874438221395413062617448925242143878000
115851738195394633181862322866823219137831729853106228680612216675780643474858689538145277720772249623724044926039650702963032593604848168291408067290077848903968975316934485437052304778411827714141060080611532960694709214769291492930064000
-268414025309294984371759606067807548849815500940836455981562619922180208743676377699329443263366560057961813772496285070205696594558718634659114193541990859005216344141962845305064693524715272006468636905346186115825715132436514277883440000
612017115239181366217534341292140446877437344058803519200429633005277317936661607373940183658162592309937868958547393698966544494432712896730762967966299898144116130859001455548054299346662513418206080864794902638664831207527158296077685600
-1373353628607442328911878059280599033979268225893072272336607077634472758099987120847813332976094227089071836527810861932771451375361585073812216952780517597511208368489957327450786356230575827170703581538274084047539607039509143253751444000
3032953889623584749564113748112980936289440564561345938472632560775176645348697556583119216696873713924036438403647511535626651703008412973056131340713694701519741413228395073592558976300539877707743883488945350689699834988352036206328512000
-6592003785243867035937864593863643089065051520580688788067947869483794155842086925587969136902127475152702088509250542630226554913758946372535358831154340118830583721360900361957108011824401925369929052748958321856465761572372410622892096000
14100688626162596016736181293939184561380288017499216742435042081404075282552101109141089464037454860307144531245271866058630880991683095944559625666121139869025013973917663167915104035217485451184140536391763990691317652796290464830749220000
-29684988055621364663312157732932423282162487419980600891429867553170051955680392608173108457950698616215926095566196734007024502741614572561036248031254762562545545123001944453219902435104603191914346524107026655757490962794025545113814815200
61504796618884825386351470294155280982350765934333722739556391091780244079754033476524696909061916892425644078222481844537620428850703334523502088648408526433208020419030505792773806409651345727726337115504441862778845884295171438136150016000
-125417442091647466150721046992059556207168808558424169046571179604265888775630440250237254782649721406050942328514127166588810086649807048381920084510625605375411487661065751853508016061454674420400409525444686319573655622735445387033499648000
251700713061474028661242227966296074040484889335280193492852730638574808245615051715420692514794874342858913570794592241412332420389432819030849802922920310108892248833598797829137352740807575995581763480614601913195975006560395320084319744000
-497151362225366033767082259571737059542745482126779598888279286979777878440395564899681054852365621322482871335836411511235606895679752317872445000006344796610758170724631538334167182403283181444200087410060279331080933249009509582837803520000
966429196552002404034314810185767864001986342208556374836118760196479013779312996188366141421595840496580553431126205379846813005851033203850878125220090095483561368110020577122950587045229931884437266872254575134014835780678430595158606643200
-1848960438950330522452098412239677313341702167003267239979356620375352999279821018309997391533134554630049607377140251212587602142029353977763000979954940605089640242516347857248878490798547822040906198880211838257683875532810259131852058624000
3481446451508798345932211778167873309290208084202224003402970424628201019585800144393813447837943134385335377258627905739152849389174845874145112413754132413207522474868292574526886767667881983059445016185798180261023035169363761579321698492000
-6451550490168805160532169518956046898450299160466775384114924951027163998468389126340888637652277933292613092593930265227429024531841716184450983236709884777751769278980204342180123302956076395195691458354777067542152461774428101976854113716000
11766245765894005373018602289859258664832302433160789200915305788035512191913865172495445745787340773227892514498017148613315130297205213064637992596656565287088995730396461527453599306911071414768632737311932668617635906477753877130706407840000
-21119212091203991077288431949643241634016291212772045332062341494785318674827434895147578372011355558542456068560267413806899959445484628451666209933317744573546641619862955837218556378592703093474660169737717726911828224931313080027556687481600
37306063424331081697854877970189253885994000460711968873223409356417423086052419095812022811450712937387834985748119187342155124114186455818671100741226107527094832890563832338443649413038859639816494146147478262917447504785477551298156934936000
-64854239507571570741559304594675420441813940814833013063200900797480334029392629522459989770933166269338170604330654157860629744611090664915825791793354680525922004963479349542059256743268127066389224421091291091351269829301497434961806640968000
110955605352817069502547333888737623708635461645048460671742955267028899194455220062504755481992381594149826006878523509744621932214954419886600028241094917157296212552558079085935069591992649183676616171090579432688306550120141719155144756224000
-186812580159568650010917489129859878810466134824464183108721030843391627832385591214047740505589304380948452034257356001419728474796901238502539251104138875317863815861766367593109284236410946297357096618960743003320442393607748519599739315200000
309529764066389296203089187739264833201061338790654704992839876004415588155479686082555701243710918428793490175561013158752348109890985662074857285154447702514168556501360694465022773051309296920090973387956055082201641001968678522124808071354880
-504697240362203779297009980998590898421324118037533196985305483324444366964734148181687503265499783458250319678104050440157692426897073846914215580296261043120735963454546564389083814132199696408776834037068516337220195069544979026384785814720000
809811237157979752919660755708747752706620249391073754362854636903686442356510982985772086408165910758223824379100784002009715679193344253141052898567709122027272448762279988816834023107131127420729263750488920243860420831125597167323416744960000
-1278652424668355664617524482314569390797196237888058336167532885035117710811014587345852419285110808689979120601687755409225318986097049928877888057247327754688260730025365139468197223458751754905107889161422567242768958291122066317703238548480000
1986679781311415736115175245733853729549853631820498174178024710360695674284895309923654782558998099045897009277804937157836147771074472520214442564917632944495937591393697374039158796348589207808637930439676643548573645787772799118192315564800000
-3037386380227002319122810820074856299281562063012464680288215720770614105139293481449250289927381008014227929639696490596743136952749695036199836983665028776128696875303663295166924255186037006327490676232710625214501018810474482240165959960832000
4569392650431045057328688913978198372752731692494951107305111028701951278916309168058255691134037221972577788391889526809691815040615056346286115398180211072392685656503578677619390245335955379487864190090872049997496112754752826520223274670080000
-6763818703794485165375778938759251982277007936238354778012118770974320608831588639231510273788386633948392993636546407546461358551683614060442237656896922861412188689002135050651475299095046368754854535342569056808587970400609291411659586979840000
9851186764134109172537411762414431996746459506246560911429817584981367654486318031972446499906476945690554255617281394053199499007458577320094912149509728720028310689520213891726395191072879571652664894161565306204297919537795688573213154002720000
-14116779274764189548201261172325069729089183690700842019435210543071557618474189629617345955029553453801429537564701560421236295880860549148401845791043278982399031789806043555610304411190377893995067856735037667220485526280724368174727624706400000
19903058235549620166643120513616406700132632316394910507945661014195400600595265632904492111109240715273416846431357918837886347680008741583923654510292673787066716566053981045660460024266959998572275262139630430773263221814746447066482194869504000
-27607496716973266399924662683191779065310543534488616572363250958685495925288305050650634763854162313777989204001898166659187156644705640855219004161701760286613173143834675759186938945634781669590324988509532069189885004001924189451957681637120000
37674060801117042872022503819987499858348750802270733170527387588957343273624562241155765649179055781163929197664747649464695325100860768176670789499054208835407599129086604077573276508848176160540090160984038378149564503948158027489041218631360000
-50576693804439942035448756643610805921938931100837654460475469943807994594693539915406427701614511019933245953011236418831056407809696638835691502480083199928104446652015204094266030821142539297979132699311310046462463912406499173009654907606080000
66793572392622231074852406363123013847472848130375171232630719324864781052647945106205361765080915942125135715741976998229153016515207719381225916455485892472088325039607816045532569308732220646820201451095030823872168255357347147864964818150400000
-86771678004312765782065156398310440336497393252074838457343587369982800800271752332563292143966989361612904810514255505043999303293774770287982639460646475475205538279145245242839942013167735685499186962459874440332018948674181797218799400643584000
110882361167205227536152362492868408197487452539624096982742298503908920261321199289853898268675238034537066718168293750229836215328679093890807719578269523058808174558527081648193530153143441391663698703314851554625235119169125487615415386367680000
-139370008078391467267987213125473092993792390015985292278824532726344948151517717988672145869058194345816334342377769801755257407816231594005292881536644189965420362029254016469061361871649448186378970357261698463836645309908110816443194599013440000
172297506830688820068360928068929281196264845093408970035466268553535443014013318897198592586880461118706364684861937787070214696238095248947878279943626787493653251198188956644859294939044448696366830789282032407779870912543584855813285268101120000
-209493736803478212345165186721286274951735460929132922324768362851054385007864445935033379760720879258926245420189818853922970121789047860603313565082308461305902490432275995219969762606500636469811549748274258665575846464105818287082248710604800000
250509494033845144993569841873577777874104163982117706869179623313380652618081873407768427418005818346892879750803842065901773115055019297113168923402968688151661416038396807837829958277145265213363910190725640382827844833813808660809343520143872000
-294588824754486924975034988391084123424974358803319557216914716426854851111147036284580160700091402238975298386343823202945646871750886208916583548978307295182135366396374371085067129126099758553869826207578205921003199525605456490112500667051520000
340662411744333228394148081697603002236753077203936129472169538158414732459347696857616924734591534705049918952083986120896808426970751294914656473163129806164683442936088145379436446375186215394492109715572946835683271393622802051061026662133760000
-387368284037620122383395836951363529680501845133643876073574189592468738088011707740104652073577741618903612921705507112114698186569508203936115336885026868611762847588066849459490292046444829413668992501085954367016870387403498714660416953159680000
433102693210110189447315578224081114777506248246122079235640785158990278354939748170836076636792715737015558930717453543320204246383717519148917219372807862904972412103207713940477626431073719110866359999021883768926307970610177732231532825898000000
-476100700836263548699902404814781987525590127825085231240348549824848750236656828157139723474847435525543760396115693968183954301540745948803089228154392698835054216413938024464227563229939427994840963956653172417274428935751644463731694484820732800
514542225040366275515596615744693509895304547261819734600736940056614672508878081961667177065776067840277538841443854394309544158607744858131618086657578451243147324497795029963688650056634357140637896671768641190256646512128803633761248640498560000
-546675526291698509298693316815283346974290943913967765921841007147033388496643605603745326763958982049946135553814875051432486833652859705178282042931988733920871481578931951045470754810894081980603212348179040913718112647237780910507230478398080000
570946977405141879556106832035537155161745997364133924812030470145174221457751897419177848581657068587559164194515950990542716512247635024498678221661733078293935720180889763891980190446927160258750954232212536343636191363570206240251972859595040000
-586124035174878684348181981705786364640883960414525845087920908454557583039569676351736989729286403527988551027092660734460958857322542124366170402226490728055415218930573414677919062426542660752652650046550635839508292405900002916495966112322400000
591398043506508972698838590841740132307595884141507211860356642904923734448394537711726154324960133737427540635578409439746467674261777096978614582027243272224685117686924131982015271759530076754888239109351356116627497456660086118542319228947456000
-586455041549950755989562490103084258185874256654632673967706222884017155007154981409943394166249985508442089030033761277040991304202731116107707700529817240114863158531579064182236804129524072102938685040972376996520755381630187908072690204451840000
571506016635293123015096085963268718608157634327600940378903961108659107729549886387380181904134665574628501296881146821183005274376517027758648266724694817897309794725371304148459513417839562833370613625317388492522047065942081899417151207712320000
-547272620361748854946412721195314904939901102171507857714787161785184126315388199149380786469639316606093534545137323947629186302916097012692973667634635183886743986781629390645728687654096140157645896784604156929778475581004089441783776452602560000
514929604080599404756358817225192196334715917595808401443966589509326579512177661264082440625973730578309936806294742672617716384071833554203046302807663172507945251643464573856160822337990962468440291517693150796664969353738963548117104296115200000
-476010343466159895196321846594174500952169892425235214162352890195393955829355939976327255344437934264432785584393896028606736788107762331835576583153173610134959041043920506291188160093739730646923410090896388253880368501181128621003644932928512000
432286038001263421054114460656660195672234148931133243542297636923352238685880915038829226072279350673208314687924505550253676148062529063922785542514498728824803007325508101267744490404003080582472459106534388787009283230209377435549489383573760000
-385631870001767990150412385481729644902858097891938496932007115905898460428945414905919920789113237269355855081412045783378036830831404223076412526104683861297591274333871609432656326099332057874378171383701305327683849718102534764070541838785280000
337894233668663033810205273572297255416613465054951830374432899806538245674906765634676532529575386486700617883635383382540405409007560454765350372424752302166549857491326808123748301266895852983919521963771329461612965701731251419573990758819840000
-290772063794106045533877912194224043521710664637806712453480317046101914639975526772509671688018034046213631975457314650807472346068287217555553956627837387528172795381491382386912829760933205886181336148337383793798871326983065134174113123891200000
245722586410449754729288910659132804556645630415102075267111248481528763837073762867685430192464684465859283854815282082338620206896179663224551117930843970057662135208150599462940432316721957113120880527022057179634615637365063862344776569766112000
-203898005407131866344899003963721449623930995641532420541974597898921829395633167497255544982452703428523754504619798556469582150296334065685977189247379093626642561360114635442165495351395718446081521272013705786272452276007803805817849327316640000
166115388873455973073011086625180619569308716345345175344899460674703885050960482337768194833050737415165039528113172404997553164997928607028368001730943093284515570787749974151639234242978493929708379600613310745076006471430987213700929361125120000
-132857990318662555510154186998042390563764716537818025639952697408664674749813048474415799376458317260343093393524035854473732718985201685449859195206476815298274600104880150879091366756306547660728168866503494158371937841898613577561919608085760000
104302984202739314776683127860261040965976263957565414512419193040865810565141458708918880389271394597360188544969655936544313814924891272136630253694415586318216789990965100982409474640381752849745273663336020507966681919012718332021703212878400000
-80368468510802099920639256087712343285587141762621540801564349809797327854200043427675254258795356460183358273942383285649497013812430591046918548331868642778906201647182455402539285490917058743083192873018813569578792260495747364836914540588736000
60771715233232601169417217902269099556290362995861618531951626797810921452313338410509941748999859733260467886436702015191370602023544580711001929599879521012009184139319670156986544121626753388913459347434412534601188674735365843990634036904960000
-45090941229371734615155291887787299080702779290492679540491637139709009840873770916234547905259496968406326932343263946658161468665275492714926065780421680041479449563746062203876639393428481792128137885890828438489272201466108371878313543060480000
32824070316100274814479265225026225195779540101358257160296754325231721328622536281569543099867946772071541191058672824853329950492353576350036905195126161856417760078499588595733040109953498744750926597084810270031895405242595668992843619112640000
-23439714089213716995065716163256013944019276108250461053404603115266438635260121512015798466906232856461468141386796008457624611829631047771776003250176784506586931299101131999098084722314013595326644329703230185088340011727487028348867780136000000
16417550783510714802815948652203124262614205294636354929181438495582457883154353268960057498996595992391315669717574113059855600119262859956116261092475822696965592072791218470280284108864292146384306914833417673318834757654119554448000575091736576
-11277114810184380931919496165522613965883553183685786885292721558329722780487684921100402982001518889711817044285456099786753402250140478160678897140948417123715274312313137558155891093968385305547227531934670081631602262463802538352363055937126400
7595501931550868310973492850713864395136862823957679463620248905468614619032175287309562174763305712250469869900754728837223112261322255793155671902756451518259475196621591075167607928181150420270628873707320936185860606735036567309260402943795200
-5015530318249942209687959854413018581593991172807249572541940359753189928020012074375685676088060156223196894047637052973221098375998809317585195586773843308320286805536796231375420398700693415200654136215021856454057558544420168889695346767257600
3246458957314737222961268577101612870719900046134768772852492861046766870142533700569294963008205594331339548258251028150562853682523874342835231069869113034835624914737686940018562152795290424371928153145565638376859130212892712704347412750336000
-2059510625885278357314498886182524145022169885476437472494243491134797080511336527215440007982337392876002886662070175505403587501081004852230620789898820173779382750601219899464908994463029993014477635454174981140850687895609954506221224503869440
1280280500771579594070322946519104517642260759495697977133414914380365494690427400493729033282477193996709558145335982514803194500641481593015678268134734098507263996269129924075323370886594267508084394354295177180149185560106652016959422093012100
-779752058389049528844749824669927136386549736895841610412661535538448163559051962023062238971887690697900579804575853814940242928391116898700081601421004838538837965418375591693712747212751557162829277228879045745217358136026439320598747483468300
465199112774862311301645109027284214292750783480675170252803540942594397440915081964122463103954148984361333832091164994575249792264107239366288692921563369810322896501029557979399083848819028875221985717703934027914063552338831174502996515586400
-271812871382518571450455122140761240577874017359983651079420920785989883986474063260592119100184595778864991272473773676039070908421038494461348001953767479311811182426586567358902626547822212500772584341399288833262648453868017588954323108308000
155512346354885921145233761892249729890382477742821415519936146927795040725752527672583739620099695655967195302576859033942116959380060426209868274017217618784964634490098551467054999768691891873962728875561522114131156680499991838319488173623080
-87103442039469067120218349481052662820092826562695073606716925559372583768457416851593966401034980222742301739108645739787458677722672972534717987039634448183971545176519872450866597909226804281367682803350653634924241909902631913669500906689400
47751831636112405073539667380557278236200297902327093554687537769510941558979510386329236985078788761468421115409016905770083983451716527335623030247006636473096223822661788941072953390245660199237058435634458912497364249657010724538352341363200
-25617360617057106725033417246025516105635247788194877192583244864220134864304134683247104870755954467634470678041931939487494489929633870373186886949004254212250886631113808241212018121584029160651296496567651214648754430626764836204725242969600
13445291715047477100575677267843396739327039774049710280427787780262461738639882442510030649854407920484230621596273392252820082094037060638360541847373961476758170238839289277197193854561865626386369746390677821278860150831138913400609064908000
-6902331244132098212215788411292592322527292429964629481234634065735023255816395897969798717805642718994332476171836982044947195152326522934475413230896100892824617946321042616336575801364326346697828632639805284940180666395349077493846313976480
3465017889529822608653750980399017458535946451358805460645799677976539460209712000337600351298213994271562688021138131073499411665592148999838411978650990781179411349614498187182361530675290743325044844696787321514432942370439245188837993561600
-1700551009285863227271651805344729535016582621353792684027193442654058635895540598911636065744653635449777157286475610428937478656511839372937571292865129465431189452635924870245750156037206262350619927077199820699202757153481713468022764812800
815707609878544217893224381790719285202596687331266227864012982934919081697944485321113913692286798960176579177345423959926403634915152178609450965997291160935555511002072895267690248047920335131760382708616732884953962316937959350639344694400
-382315385207927297160745497000210673672918653015296832796782801733499822498110684203722701218528030109235481582615912626980058032339898372570024315747407163017777050560872600475445540588787028454466541086534687135241547684235304810283624816000
175036464975305644307778349902318675507645170960748245424217047882816050421082883346823715718375741192398401005506017830426425471706124116363472312241227180697960587647732289622338413754339586580195819963020325347404964273100652034952349271040
-78257680688772767675357118217925051541966056950425084605386184382460274445830754955582803959816280579681669598940511369154173831558265619487678726766257192552083112912586834734677929434835314406948839864459530545363516317959449211852512742400
34157345166547499645499460173729938424431875960249876082357410603352173205081730360965612909147752655696913855549672809428073385714201900201342471949826682281194148493907521453993021427737104952816716275182838997227490659325618159995963201200
-14549950180498644437006686821712412016268013338566904372614696486262011334403114140396024541141216218658641926929590665122476428990980259035972835500156283894605732429471508856953889778024257281555800984693603693125912677771208519172293251600
6046652001059695594259265661961575668756486975375451761223007757091144355498124050034045043470695642044723055573062346846146099745838671238776073147275774648512159036170161920413465835611338206411383008184245767296186205264821058636255920000
-2450723047728670805416737213947560407577587864889031033828051712563314586980138846381401846312995598338020580183404085860247591448723320491103807180656525867789040484200352172199578728295181849450780834166681877863079714083597094456328994432
968372764868633050344515203473818108959323077257401729130229423284968613055321614105232561095635994407351652272637877866958786266101816146584548888596952171556003446944321051029291636758099318269120236142841899334156419264811391292999143200
-372903466532517050118330627494700877965581709180680692966295517598313122938466391220624620191749621743461002615694605394766401983663417504243945131715181297983360057434136429443397932871424892242798623953297313918157668156986044110235317600
139889463559219687348359835830525954324027546614645911837881575050596424359919486753640455833021130293287373684517079856180678100387787902839403463313060092530582976879179175022294302440457927590487263931137049390756522892284811744267148800
-51101050812636166156018190052042053817444833545142746150616803311413128385739014219238786264461605579188685534862645208957973070547998471464118362807606065326847380526450840068330808826896123778413758172195655238578149412804545444537408000
18169552199656196017412794207789850666008828825311214179777984810063167944908938270095668442705761698028874974104988492919801751461683742226195962775826870880755071167797750226336602383399953398559463301124057212125057309073208020560265120
-6285398086822722536639992829191370055369500884783321073955948570647223723296154416074558117456818945829697191242230476869649381861626517127550850713918402478537819543171889254598906980693883399167332481480776874016235108437515698656344800
2114417906778852589157903125679386496167759263489303925487519945701354673376826152341765740634334546034355153917209266601489616512778942032546657088410355403473715462236989856383355459327030439798356201204337595363441497169664754922470400
-691359134523065748757981859583289767323166874764254790255112247850283744730474178119015338560742658255211807060020215816069729770881671078503905769508946009449065250029343023000798229636990674462155275267989219615458333683552184908723200
219606985549505858004109988624824983123630422181365400296766214415843452935860301073809424889980000303740905783546393686864045783698527239526756420040904542279372293515073500412622131562434302218315043547484177327762875780755392994464000
-67730065804871298847164780856146391532533896042664015301130076175208302117528302889504461716452926901926912044119676309629193116989003458016433057290793471082062854107061942244833450511179337702320839100129592197448911064126849490973440
20270331200831940385576236434036672511081590482718165858619789045541337422821322005172248310660272514049229874811111497624855096873817847477166135782662039367315011351910562205407634462732531993652674228216201488991507443515884340787200
-5883315422286165897339667647155055053751139186712758333620941090844331651074911012366945578590915696358762867305773319740647704852096823800660573858564525187320472221225531579170322780421598445680468170961948415026526587091433026201600
1654966187220062002275380082265404905889775987466026203704231741073253593784720097180574535104205789779160098620494587868788486805665546548478642328173556877779721955363065475564259875491858783451686479611354412849620446687130056029800
-450889663559973070985456038265218192233352720810208525583862660506003107321168398502699603049486988259536979252036665592536990903640036777704188242209615387194568708400121584948273290152383791111733885412726974825410534648359627219000
118893331499476371250576374608436131164885017083081858065965973357682816979241740846562026126342728319185398952356303165042809872522252741764186426388114516366548818995018980592305689446126788961876464243907650341596956199310619419840
-30319687931545355359008476631938430728329754536544829713094261931946486610535130591059469706290327441253748661165248011349647254958232046839286331973539908373018997723189793293546856598163791259334706077481202502648602037341467700800
7471820261981973714621482817957054635762629038303152114978615027609068031766796819048385924523507696045502989167810461794881639627303102929572673196519287797122762011630511548648979063152298530929124180193692847927055099556892936400
-1777852653979729257982888904033928817397095171352240425079711693426486420166808682951477353029641483385030571814824451106990730849129523739849980726453418115899156188325740071570463200771261192224594574529890433256135243493210777200
408077614130198395094411077051612149303049287329682655763587856883491723079613636329276119719886239881056579952868215904978204683774466090501916072155534909290564796802057973760446919145978782610670974578567103935879994804309568000
-90271785689404760746480984134680672062430357143162548763054637550865833507677588198504965018414593553004541461334858079709685933551763823134184272393751250086212730861665246226513802246242315932640355433633959412463381556768325120
19225615423715906176147452108668979874508656687036764516967215311120759373325235068755736934391165034914453338071909831165343539080486588519036232227759750805888531294269009023314777551073794915347299949685099555293173619536351200
-3937797660786034042835266438201571941556393342682642638824231983425940205623768798957134750350249732859452305988563467669560495193995524206979192686221762153634981633320388917505334897972431982400658302338318013643525805577245600
774753397698905306026955713799579579330585384479878521074917584955835629843908928149397080740952697316791481129590794413793984190233433166798122321220515160897148766917862204029696988169162780916448604324749924940089217547020800
-146239567635362323007627181691120965103339206083801635811000260020913929974116208571728232765892739088162953927381624990019949253478028038721248242979342438453030563883389723750306335223930626368441854095369794335231211576000000
26446613364812857436357111213385386978021654646888393605109335912226612491763504563482763516640780237766002645800703648195163267217870937313633737808130861425128060641845012708444287912274387497475106858402653028891368884566400
-4575563895469603429486404325226166829069098978929322742134069606562313338797507025668506066415869915640910050362866079684100442750522918537225956006472900440821650429475619189687356795453703866656243308633034803455504986320000
756138974524339534332036818448848586111677775211862992516169215276821045594009318570191257324459358893686639610862654631362241493091108155268076059488175468664355897472221968630409210353473802445538563524813610781121125760000
-119150219961481118879212023358270893869638514459258045646193946534759882654298955568135552284775496357818564794849633745623169271863859334948243160829716416747456532243359967107539893106162854404030175674644953187274442880000
17869438719119290032741934770447050175653456224087998968319859104178626791773973383119359793401449743760445248188797650994818279389208474532360740662870818214592143534593242989422858795570216867640432769764749082146206050000
-2545422547348021631000950041851049308009502267405429447236833679005331723921493375971132884948805273362748293294810617289248449558574592808689192953761904995018118720525612070441733962914280502156445843936067617173011302000
343608665454301693962279556249703781165792095561585589015694580104098776008882014100080307421855895759164620736110109386732671220688440910566784131483088546467480676528725453568964044718233431022870215166729619815742480000
-43847482937950391763141637821252080935404954252238112649383640302942163620397287860684631745298739066679464966134349283220340128502370092323384998772900571341493173366412174453563757343061395610691467048035068144213040000
5274787857226027479349093131389449608226949505887811409541723974713020442274981542694099104795804627982649415937818287444241456679763108171640133306589868866473267988462385466183901151111239740146009254850904428041820000
-596362992833704785659696278352228281237208658435279523318805943664467859305604526066786060433706297159358411045639953634341769827065518299063219269222543065254646766743660530445378797103568594745301891539840526394900000
63148697347302600404506444625517949946616392385404832770990315116853537318354127546884650894624300519184507708641333695973588447036615132271252021681671157461303699254770963140605355247928345682915630055248878216384000
-6238415681738984779572782316113605232988902402193351776003271894847401795648035987122577716298789212899039207163572993093822826598513844861527621376623152257966282879409192965420996157959030024506144944509496710720000
572418730166138766140122571987248540650239113416245665508518496926127885013234071303612592065055732758199973274007992010951116526729183743252431728057178623933214565652561139537519905519498440364982809873837366660000
-48536602307771996553256624090253790762195554870915827898409324928960633882196770716442035769319049617964531412867176245904019893920927327575028329011942377987049101214423188826446915403346707061538978673069715980000
3780691972531227773226204643323756674242990196444415171607201260237917037357207179827526823688286553876096406049128905518914284406190128157087686790658013133803978836126922899378395779724357075668580431347878400000
-268658695876217556351906968405903837844165521543255947341923669296422807058762084403768119262545814979897765271377252837630280870224707418852358574562153193312691910038104644631061412374264970930099880286559744000
17272761051166847378016771522651644758047014183501273653412413444189977781177421305401691692692919125249796237003704967328817529110345113253406325595748112292375841836691153446276781239412565227640214222878080000
-994710547453975517485327317433600376308034422473324151223493482883971394079687698099887448632327150014634147255325862989300988575481566842116673528670743323507836645890910497602759834732960970577415634624640000
50677868166635831910173710883844677215487850011694217268931593131385433945438778337591670971814302014115295346895285452720211751323929357725021775441158079216727724374332214742785280136705578501788352414720000
-2248509495507716915856116829046085608709895174013614164259649010801832079712818114938202203572503941527014853344918129922384371785139110760787269347950872413434672178438792362139479169988754895643462732800000
85109597701053816072835047161939724798433141547624692389359370760428722079754716928715544346162356224206148159813502652140252197648429622156361874928296694086648333629187101520045129520277480229629507347000
-2672038786142497598001003266358779609310189273265650371013262336448471151561092276515122970078271973149589865170142769185797069704221327701359950557477507063890173419225553647745518715832509860568622745000
66798392555084234539741912603699285785000680879446836172084178620369943528860298413710878616207717240883231072499228981613228701374770277014052234143953727765164630055096592096720656142103560420063560000
-1246599414398192301746182785605176982654835430918373510980148336261828255333521849260465265321784215970628021912948449876841111115573596309236738585419949467154631355780972354880379544600979901445080000
15437616585863911677621909972629268379927660228946478854921056595225353718312551478800914922632977830759568172599765516307474512748110760573919373581065522665190336481817406467616344764339219172750000
-95146872401395564517224742174500863577116277482074866125951316861459931556179607220822680375233785257509859222366365454354233446617941823750262837408507978745930499878467518205143104772400773315600
