370
-50652630
1733535609120
-26367269229782880
225578580078099984120
-1235042725927597413057000
4695357990037630342795368000
-13113559924380403062079365432000
28037610715820575521917063253955500
-47358985932442658300409514535097994500
64787092755581556554960215884014056476000
-73235650909220576231660358416525277939924000
69551490803759507799562110941738409096890601000
-56271271533070066632792467403401387066431649499000
39247489304371481576373782979156036824129960270976000
-23840669336333209975337274616338450368613165866825088000
12725329768726231030742134971386528172534286862134559862000
-6015294204274945146507660209605830450443188451636900890338000
2535632164330416383732809261688660183949780573983831407403712000
-959037894973713913070620619893927902649083351222100710624641088000
327271681659779872835349286538802896778999693604541867500658771280000
-101267951037668711263580336262581642838017050316512876864563254580720000
28542497538749204371348295767761027664030855239622769856107977142321280000
-7357975296515629015737501780993079590872498600912281187234973442108686720000
1741438583892702447814929154152952399559205727900635105153855068614626056280000
-379703268831964841721567152771509741199889216911454478327746559160733065311291200
76515825581901743489169768963233939327239214030393453928578324371467013445214988800
-14292505466821868741651216199578228740918369017465990418255746238665342507336584691200
2481426880257558017396169571711467070534240710690562183381759126303790511133452247228800
-401451200833487617465999329081439355707274978425502021532388543360008838471232317842691200
60663737014838128861528787505639724862432663406520305476005379885512446702319550251784448000
-8581235948033382309372905145399748759702636660581648081272315646468966173014169970527914752000
1138656265307601420574563339390953381321636190325382826846637852323844968480931014565870063323000
-142003715378962953654409569959618704931747229241763606149558065529801385688120956858774452864977000
16674872266783691332927485003977925157660117548610691135956410075499445760249386823388822949570448000
-1846827179425205976812193084012004078175948121149188179486437499586438615119865761031247798924873904000
193238543857079962407130116484848611895811164367526631088795424918147702133267188780001023553556019196000
-19130615841850916278305881532000012577685305272385136477790747066896622511193451689220101331802045900404000
1794568351436120301519530116896533035819211018681579672254586866131266550468296531866342137119513801582496000
-159728381886305411110724830831910418051393141681849818836392975246538286874324468236379705576004378004231904000
13507031293260701327050668507223424726470932543471425305352480969285393883810062845238858852770870214982860382000
-1086500454755156914183500502604547452759472354310328767617166641395479878390786964824719366575148304342514811418000
83234311481741998160488392244879889215478489836780378877955459893208372361801239953828387937357846516797098387632000
-6079435911260540072240193543030434785527087902080598673794896059511997780331865471608695305207200935608418028311568000
423814560086450170614579277552458471277829489471284049282052867652880820467308828259398736142554063570999241101778132000
-28228142613165415684761175338216215463504815996266388220699694086262864523717668252585878783815792258833838342519666940000
1798063314731988368456923561808192053418257617788643133241392990417227756127014271151481609639805171935094549696678066560000
-109634651844529762487927338824584516010393180985771902335634433350967326256452548300436491391577636221416849249975222029440000
6404681249855177045062963583521604825058541921858053370992644180254686738200298260002408852144437293775096459049333760535810000
-358776852738138882708839458150800636137254822968757317928004851978373640816827120229930857228061087703230611680831462498253190000
19287843603202346334427209270187042198738819282800393411809540842357366930312625983561082884580564074925677683961499423906091494400
-995900848929823879418392840360188227700278620092583635068285092498174556468302713174267539529521405112819526058571861257656355865600
49425262693412220903265771303615317827095632286222024220274994923404228099045987757815830893011706538653819940442348185404013436294400
-2359374474838853012865721089310459801620890149124883392567068118289140744047410304177031890450278654850348654195035568006055381162745600
108408240616189602906653214825162087126328307867060485757786712880950697342403368379580055147493187685688996599337327004020344372328294400
-4797736599171035731943206325526801459185851972133131415148329317995793258417934195641745415825008430222021295780589967822553257138991872000
204644272465406385091725462668293070914074076275642917925988878473338421370859869179152561799239932289610477234947333053512759530593146928000
-8418255358348423753122252942776250298780213717548769351716324898996661543440071522210809183450358938269846073538918439499856517089352009872000
334167701406782138613832689942499809719950837986501921566822580770635611136983766584406247063384997378359739975057375962263032064816798451328000
-12807905933350033367342414150944665933072714982281269713738552687112161046333018429739987669333456755306917020319500156135929754396952724095872000
474248294698766513296317723978034435799609140871692570233708075886680852076719821301205654533930495967336677446830380781366510072531610589438816000
-16973908529880952828349986068710198367470074112376013117751950507528156194228828025012971745545372083427554787877297307734912777465650998841943584000
587533916064474521209400558365843952648828871252940374972841708306364815447271316778388649473279143582865954697138832096247802944451003980726754816000
-19677871251289156608437093883630638062373764344803380444826107615740332900534447823297551414243504619706211696610068553637268000304564477239100086784000
638012698646534461481171830107832826473507177745915072410812108349799602178363478692677738773729098514517514198389537157530209841906098836733751934878500
-20035108826728747852547804156108099468017175102352492836001064254511162655388017641550537039480356957494345845271321146124336234502932938026899535611835500
609626598790159585713520696525985292903780637457807348589284908298881437785984713104149307015813689755310049521497242881520666176757746404462206622620552000
-17982015498419207151684782567988914818151592333799449506361284026010957910153713933355650231960549448471899970414562581239704372717903755660780851215818648000
514400753042581973442096950467842062388801909071292383845900779806363639386568482752714530727252084525533962042940458476657252509868822920368825232574313902000
-14276916846522524551284446321753871514806531288126759989290796711370108158979578395812002809445150850056612520561249578375764059945716528434071875111770061898000
384602657906321069544805492749287967337645332659741289507425544061398832037817213927996810376889778001525071982466315172571603247517261582305609696888499626640000
-10060170971805116030372645798140916898467481832807146735401631583890495654369081533690087565857232540667148277432260633275167433567621224951643600282090988349360000
255610624946427982842701275838720873880891750981872326273179264217538681637900837826296985691445069700330652490406566661356472546256326633049901322290875119873515000
-6310929918338614398685879069877339856893002170845547727545218422286692040116391655778517677689832851480991607959332404241195805851659063883844730132319896865617985000
151462318040126745568461097677056156565432052100293145461085242134880608962793399738684424264555988435543798591023977701788699340439817533212273523175677524774831640000
-3534793920127580182133285439565430569444816469238396919182927139778924789616125075679252941391926645666846606228741808498188712162886586075100658978646589700411737518400
80245207406995987500354037392239874997902028170432056376548154133720868094464124727037112653579464938784555816332676748184989039758715497318472785304026216737671168691600
-1772608375662282253147051548540908866309702568984593836345570635022357196019575118843781022322812633242967120900810761745072727192821509090790639089906159155397121038068400
38113993634227007762604322053571258095853065625293988707327772549487948546104000451457603257097478210110451493714737115128769539851436313810136134645819216974429616324121600
-797938839008887455095997134305009936155434337691922331438990455623064552008556736899054475880323570814744669398697938908125284298581768518846110754156079645996154340537318400
16270471639165595764066816566688093229419403291999353789498164759189050630799477213332282672247222811144403024457825160548492125150768873704596477096463811531640334600018758000
-323224661328639626016263497101899006771726201139445781674958283272053295254957027969595548120413164758687752751837901783375996814513955834443438535021490128215587497550959442000
6257598678333877447396358863583700937762675484760335228334231035577455348469554740179962830476339104049217266838675000379648090619596774941182191364508848740421225175668307008000
-118095030014351247033451591263373572741974626571226004263457934557477216912451049691615205044717567608730263620113655896989175193721062027417337477353920733573944535682074649792000
2173176173070213055528839061224699288422470721728212768932034021355027175847547349228753498274703493280608326174891941083994113357924826798182648442395476719129146016312826081008000
-39004376504204827401481274085026004183554863784097714991178063905773446232253384430621260884259124635455070546260084769559437598572858396547312794016281445474473634555759961530064000
682966843537120330962876003124284430203770832814465992728167115745441371127872133221089206267589734557865529478483777446866604484258985098223796116317538171271800104043961338289536000
-11669809068767249243461450173083211737704305136573880473712059881949224199939071325355620047006691499551236199363427853214520389028101308196377563154903359655007686518180679593384064000
194631438544124850631263824710063958573726399046918402177525155748067407123880513442359305629028441027381128946924443157253950847793576002248365256564398026808131813009057832329947336000
-3169217057440055436127985967337373982184150640408090972661913529002649426010729042202002383629145220965861713223755555356578377275289438100491339783666139767666460435563094325979583064000
50394463826948041996701801554697996161150444751180508306031415127844598280269370448841716914991840056839875143607372287645345060871269089795467230140271457046350630135867475208169172672000
-782717732515182974710033693293527541148533879175472261540086291791842094699911382412700493646822301204043944100427075988969524982997434978915976291922663269393137507238876801569799640128000
11877260715184314808584343978242852466322435882062967318426574075209951710169874564219943360352465628242271739660025039191787560339822608571839831170767861491939627703181992070701652478672000
-176121004044757030699011527292591521754921808799914165979364845845733786192738649871172616014402135424638639482383844525538900034818197406861721607987298994589287685577615176905949547004528000
2552598490492051197310798124852698126077671629940267966498571708735632819713318521627642586834358880830797049193300663797941794257464648337747794930430676600620477384089147806166084516476672000
-36167704373592359762450782295350556550934322402062245564100261191641999647738571296746237760824780264403121624996490014754770852152165308165041471105686733551727816674836540245261834630964480000
501089102130834078115100443424429303672905601300446588824498453775349075848725231928574937310454779001741339145621943472650625161262703473062625346859646797614888730936396354674046451065545645000
-6789706740329702141882481733725572999740929749749732814945704364998727710599407858837915541784163059805612187162768327693878292319539093260094289307735490474515865575067712578780832829503398855000
89994013870992270288741398873004012971160078448994376136123321829120995694342172303064483216051314125470138377454368704927106528436906332323715394806070074494374388196982459436535286949652713520000
-1167038992856774468057212841073353437875877442178220203298146932064018919677093741204692659144669520868598012206516968475413765193123391279666554735685817814321037686506302786646688953781645774480000
14809724819352467999646030953220855126644884741241614379853484567892400090702319575887549844545856219822508774900700329953000680300735835338968579595853028063733968241764982362546482823489084878151200
-183940527878358821986780950469770524820192162712535173052941539189040211654925319865246218777974261071982358520845390756270486539890494030155080880915104676271642980321868591349110560460076812565128800
2236422627306889421956924558883515216037584372787855560409928195045831469963613346950613772639237997747162670458752263466473612586504030453527211756270384576091671514686186979171192758165885859500051200
-26622683572930000187422184886978793491243526065015653367869756026065897084850098331580729942537657269628326969074020370010785088807821708926987001594037434112469911137829507002215958584364962869461868800
310345269564469872746943302449134079007946444192070417828632610834919801039778087836448294570536055767734650292966788492274392301890291452325280058152978535746732274029409722713331816027281063094788301200
-3543284426886861245534828861295669133344694663281348194483367790371476639989303111692782682908501226282412617290448480858506950657636320776548265516553847908128791382626027106262189781626667012884941262000
39628274672508947272952005520279366854096449819026997108540221609936030659275167873599309635547694740081265498325642390406142528252154736032766219105751401168306909959622380765515469626053175819435142288000
-434221913349717874429129360164605367386955518058062347302251667498304217157544683807398636831958586150575145255520147045055549507534375385627264822520361518732227282849557803250474380300287969230846190512000
4662226983904772609911389278941573884608432892619984235832029306482992707471044754912840850676197316113977099727393787322923250868104855606517158548796295881339953360334981228384465834301000009824610212188000
-49058745501286993259701369940577108448772129602092232066280992497870319442414152362128478268722120382396540950325649684144814569504216896142678953338268168907435369847295599544768751295217298226434049669012000
505994333765340228000886856907770506975765435895959550567922963944976517885395554941622651895580216836618868644681081039774616386291427160215399452612881609888259021234916596957614889391993290798261933776256000
-5116164930293995638675633775400790681643850518503591011297887746554762569730110611076406813610866636903590782962886486068832232350279985731066816687530247388870174548041934480349217214963487718071315108182144000
50719531734027433166704967615891320631895940296478999027500010252755425232888842087931891399345737523818792682249100116515920048322019922319239880101603272025696701697728221001140565687499958439770126083633506000
-493058672854300204120624507410776530766534181607191998455838653981109224652183010197906931732491639483839811609387034737507844899229434957898783425240200153482790921641530409671280410318353617439666811879357094000
4700826546732780277882568403064393295482967931506426390941230577321895765720535833761269657539446298753900278366381282865202524961074477456408961335869633719385328282169297005225479221305423716162240432371488256000
-43960281524928287400160805084989704409743369295202819198461753621949751139923423004947071825798942986645642111679561826718633064239008393150954880394228880925896444256883766133932789617765465262485072625598775808000
403287231908683673441249288266310127166792544536044650203248566744052101643631616336406534963133525419402842214192317935304320747764577295193703496981657994724759264628920899720362610105190256678225869886624203392000
-3629879693966018269294306819824701371783744335220293476235843316319775257185586608256628357027003053579519584487752917315127523095392017906210198083615097025935591624968512891770443243017795070171735528862652839808000
32058897245415474194537250465007359659327617305950216211834176074959830654097579627762649298603327170137532348604273395557678991681911002157002680230583896284218278919285251463542231273582042986888778253189715284992000
-277867169621146097532893692876529787248514400149355524865780307694689263092527563444104216669816663620896164319987282840008047578564089717798767881422331533509545041753700478736226956026282492349957047808647162231808000
2363800574902110899151352595651034648468264862381670263615144978652738522835737952909914343198093145386095842305447371382012904748201457668774240657933028670480504695474188100360264035640250368949287385872172039819200000
-19738808447985600465770453998476869413775124227164853818682057915791623459010619929295349886282062008179679774907567118215525969647589783015276954347260033619580358142475156270879415390570409798331461410378108149460800000
161814730689963116529927957207615808814242512610974657588034801038244472451937637818657713768112878123491790339634621707617953286248341505266865954154479996111711702439683463285919292414393921120210400124206882824819200000
-1302421942682761495337818578698432457870257452782800914082397102070729569366441806782719840257576395133565919852445470286095960712522096201854156527420529024160172233312360037529888172158976942873232905910820036252300800000
10293673527743230226289871550321820109926194503900695778027394994279613695869372666978619008029507924181286735441505159407357279502376119851334841170541907461761236373637567715971782663465629162703352995441369282357219200000
-79895376452931855724371467024977838965203151261475640350737428987600649661859722892021249292721828704325475125802786445256144260585642491838120503229278068955206012237625345584286588320754827309238344609417731821943792542720
609048755343891717509847091536339001192034906668482482855104976429540250987459757072561078004684214985656733536479996645923381392864499680789663377602680084229960470209521908792687078919818104073649623205478179391466713825280
-4560445609252721595596859265418513082829887017996112464312349377417819186062775269477975940957512389362809186306294604434547256134765855970528144074428251996561259591274981117663935222780417400153682103301432525468834180382720
33545328554974426014096135939402924968892008292286345809879583591850945863497401390161605743434787787869159661675378451418084541036220818978525989457629102637791550348028297386254078204870897424128488303312710097619752202331780
-242420988323578480742094057564849249073612404616433126660075046161432780397712516902796980055268562260763011342672876461095332541342159694101229311110210819909751460447300944376751949452531053021348949874892326400435898089070220
1721332461469196312961614609927923662061153168874081372734260682803072996906834439546487432345102217236187062788209773688250881950358530372316421143977828307051489659980835108000605558242824045122004377809886341304870282289256000
-12010408927443627837405207842093097801499937025104226413951846623049773182018964451771858205324293129167519533313760858438172155110656725613355629121773858379933472431469332497924626125426112017881456919443970667298168098073144000
82355120352115179034769548447079600145317176079623080523032072264433809727668606338377785292660998961226960730153517695291497727502342914909393775536791408620347311307520085486802263025792594091391468486426069757008490110502006000
-555013638549154989423591646781887399679089031467462663363173518385178296763248472508584666319374206974211499553526541804137867352212211048067371890752243801969598243443992136975927671296724570876186802517685465645471146733170594000
3676517165492909949988844109758566210037289249212846905272293994809904618523492220653881407367545426283170672916833425504086349651455181048191439194343667118593890257752405922280281852011450621424435455483603253827963916074306256000
-23940229059800882760764119326507426336141305989044422852301206575257362447367650989635082360457802659212909717882315872246773527840134080158799398978805744598031820375240975189388886078872916460770638007106535865461378202475626608000
153255778633037614749433109036320572442932266129261237208254328683865308348730501069244825465378766547439736280068000029060714359341654175341829803021546030676111573297471476336743169727663754358839025875510503493408792424628248967000
-964583003127463715060220715198976266357079840700930215389647402725435171854860824860725690076757369652917229820486595526291824177281099120214486464954885936906587259055016408499963097826130692427087909089452356981185681598047827733000
5969433649264354316432334205549808173061331742577653406057670882987234174234744663662344409246288414083922129685111751856051734417015396865784421172743280664779602394622348972913865304421154110832118914810255040137293619534736651192000
-36327314271872755870389598030864908399170763674785875981101127516730811395494386564295574416167348762464338289231704087339304739972995877443303475858909072888780128873107042590250989525828625805989840581982039095507626235250494317608000
217407855310748686918198971888798660980751560155733839417508278454720621259769976734279126480430102542707493945248922930862267653001653899188749883584185420910913730449768168154920462825494786073602464299310876831787987622187907319154000
-1279656446889417061238404783031805769795612233683608377586509795105525495659022328226377400614327758636139441375136246287740641742699086445810991530966138210833168041019134916217526162636515988710169849094163246113324205198974233015446000
7408350276933296471966198212259515886870689828966956336338960892751369979232871975195119630932065325934753710988291254049082104467155353865214833731346117346747704048621788017237112384523722002483157483825443399042105456164821268859904000
-42188361196105399161667355274870794881998078207884543612059676997495710570279582101004786353448576422828891603418138042215739652173930662279726764284267529519591025681747559117574403359096872752269850464519375483488298815387041008362496000
236341087479956963166277327264182630047859990207402590863777986050206969651136061688904321082272397356360694647929426482250635655629459946617581975613312755551397179171225089570501205237564097530607393391224379516972161631492102222965904000
-1302545708049465546106653284030304982487313976945673018613092705520462906460185072447171852813712915275543186317660988995519258339884122297945888771661955555268401813862816040617447189388953141562860009950445896624454184496986794058795440000
7062931277875277992174489265404333416016780761460342943487319725787070021593827707531146154795467892625651325170788504037253610243815274520818990794885319520554651682000362602680006377290896974779583945867533238667710286212221880488450560000
-37683021424291668980322506450910778095515325594406238062732962122528441383663010330370372128859470073057705906347604119531630615883183248404819393203439463781029494519390245028718617948273626873955898593318236596753157786463662030792445440000
197835862477531262146693158867281585001455459370632749829348051143274317264230804234444453676512217883552956008324921627541060733386712054125301814318057184850404846226798786400772744228436541088268467614920742132954078378934225661660338560000
-1022097004202979966531397623031319783707127594898977783553731458856917297233908788562972136040821353949175284951076986881551827623022498351250754146230658125541938897228394847141220349995830945735926533352722589158492853294237950955667725440000
5196795434703151474275195025545910366937573193619691486157639061921392835713740684960178327247553906301584559929031435522201292447723280505914945525723879536088791548574594245020249246201024897430666462913398408876959218527147626192372790681600
-26005401618534050263730778352693426909223725442691688034695866818392570552260957783135449627675042899658106955981867363784379863470583684156150579778938157589061665141915382165807000514990164456468646671284410554556912849205254901141333408358400
128086508075774791543088108267966638182220527202066453064242159819330027638724374648964751810548354475826434347425232796451146595546162609168685568582238858249864146749021936848172326463115510495511864465264923107096539758836616461663745521881600
-620986197104863807382485902663069833565653802071413722274078643259241495439637233683013313158654504584391381969483407890214749808839742862880229564012425573994418039159863669308211606759171361512501047034362056830599059924393457168212232176678400
2963640653276982002647127863341916682505269013899936361185246970764631026304600297570339805892610534950234195346348880023868537795737791203922917143412986008052968938449570313163291554200963542816280928804909556430870467131158249963186594985881600
-13923868417841387868836401980217225620719344014316558450313621303852558880088730846545352990223867393652765236200588130393097240528362255240074891677949668914005363951196472387026286542369771483678988963115678092908824307073027573968561369782784000
64403612943207510850908150579436710419569865204944489045081462378651357568142172050071133875392809389346230524641806472286678081148692015895947982693816836441325599433040751059057647861411528488200267654674276333423278242166678001158659682290816000
-293292626738934086596831141656551997294297413246793940516833917540914176574365165109843598062668596972027413794538010398825587297132615013847866323395011307045934515069911856348341921785520933276358807436603602284193939144040398081385074769638784000
1315093873844308841423765849722312304483835733423855412822156761490937721079480016092591451399730494738858379686965499599540976593968770797551464700190033074246664231648199549439512952931584328922548448534836597712046658068711184090607263636207616000
-5806315537543131544277493785062093157477206626677636063597022094096632945262073490615045497163344728937013309690257588695113494974178245625248089014299723180029999401619413215809857058394466643329217011867011834975710451602842991060855668676470784000
25243864036271505503050197588961365954188011623016441167122990588787314328424561699431818899776572981667561772208033969600239530883829638206645012003576530856927302085946901989048323851535317867286791149249938173156116143101422847854423278269187432000
-108079888387075167208942860160693778489635096713504171300726915340960123330667390642384315021731580299081221323169453412764360283089253092802563820344312326606648472597365118469294932013407586188558342461811229833675113361569877945759655916015437368000
455711329422351383275140265734710057634090125816549214275767319919573365617982425656290152531806498612068725298606882976789096612007483243299820991617902180040591883239370315094433013141122917896704463628036253942811817715968465705150910114411074432000
-1892396653487050715801479192245710992842289799069053835682926876210864127441665813733454357295597982549894784557965900324141586747690828925308161760931716113743781966565657956064732913277625528038740644229924646534095022786725762720275699643685808768000
7739857282502585029038738736756290602938104069630881846388484833830305527777104631690025026767733509533708576759164221417938396363510631510246840658444843076155227225241249174559223653784648965882422138156924108318582275677832421262686201056068326432000
-31179755645857521140856700494168821740210709415491899596057192806256703719337151532804536081202981548507235561287836032470611335947402332814924600522128123576761232173676180099900196665889123060905588540031612546550615650503811599705605476614299125856000
123723298059974045276013755945507172461953832571038839796460941000411272009261195282442270041481304051385366715541339205053945634991753544756681503828261632471236034649384824968917372050913785454044878549906250627450664744109768310284864466356289868544000
-483602870121403802559558806317031172765249712876098639788160337028786732152517915986027261626157927352919438166584564813443854839402131509465043831396702241648030096925816241338400503590740530895008292000567617596508459049092830623990224114954480793856000
1862104078561284001097031350457400784135355647552540241553929733097379071124115541301640401235981395727248896761328804055620194463111750422428539662020550340608748540728103948543509535438893067444229065385972449331000329351587743087186847927890913929744000
-7063425432136512986059706574601881711159983736570661294412352275972023079952226939850790218462413375991541550583859154181640567484999262246261880131775652230356472397813173687239777303312707399385187238361782472184841030833012306933326421261852656567856000
26396191926323301124375374050415336498452534378879979923755503315051158914700363650653472096676146872217525517752830057149383435584080287979110140284836347435242180586983486443664219680199736994242222205642647300898367866088765714491323650390314425928320000
-97185035621081367796899161960728590406856858475970033809089762025754684094173470478632815309191111662257329766962550224774989613609195982474710803082151647636220988331933079136775289030834221984991053672490057308827242094841162342478759716746036755959680000
352538848117630072555842024911355780425305929698729047737164578878984913407596003173504570298849152891657909723882944832407814540768133993214442419671585526559244577603763193639878884452170273341715113436889635957074915922457212613083104981149191471828320000
-1260029841357579821957665717090201449693454529245973636456020320333585992586586656937183246665047035783806283573573540434611792216262088990214912629045045787081725139859405679670269108514588068750596658740937593904382399383246031956768111962929271306523680000
4437489159892673765900850489464448387241210718929934370903907736664297558249181388204195616739793075155653361730370761504163288851457556364535435465692263244873888932235740229527109704923353092960219914836627362018128846341631157066932328244661468614968320000
-15398992994860209125587359535276220485030519809119306947520417786579533812340628637760029034090498255091169339359841720125876033393915160902563376460945151880782777021170719767934484371942182855652159067731022788521686306774101264237983124382086451495698227200
52657636040404596830407911654655164600218646056984551559567172444009896033650850588394024903376870389084356311413735613462464261402927088824997517053498007096462902672730091706440222191813138455646284126108627900677011246085353251328258150408320160389667452800
-177443240908473098151329236212250642599817507194034795004470808582673201639648694419462657699715904875547402730768919609590022488447394289455259116883872390027791665806849516790851948578374823323471347999534423572484686847983556069327956244909086394474690627200
589252241996777726773458430668733859733063970361304285796944849003741433648443284687482104296594768570432884917326809924334800092932743263455515188803608047884235825954219125068371374246379415818784287057158626139456786119096005409367827429123672329284466892800
-1928416742409416549163199574966223394954881397837645707199583031793118909863678236916597046735015475095253640009549388653781804654812100928893663343302566595708407492704143542197320743175965143514306718158815154906441719536290628607749477743843174581830776627200
6219739184622963869986245542715134097925466236852900506245568729085831051875135054252604672339787566279444610524626886244450573655181004539178636400466611396652116758876018523445062273515072762260649754555437768139603694183406502762648778525667029129670251776000
-19770990474877165973459223606508084302184308428913165221449506482655271814389813785135130123402617055791187152267150554214182665055306450709853912154946199573760104610744168157658354143694825017217478245158839282570440130294123188889212208018205755213049978624000
61941622615651877069849788340447498989961320840444772189987440669726889500365816790429394508097753519556401337811732155359588825286181687865771029700268590960226078253972551465075273506100536196919485037121232501751901792096453569924130120133357096153528395776000
-191270122616595785471953073011257915078111921808093234702104906897701554842555151844339756800050667061149840805770522676636819254431883141446064318204021477493742392377244931755349491132591673345266829919488302852837227633625559440993287940909271422566589773824000
582149058214334124473414829140242810766450994529571103398029833009415141103386491807896558946846081540912222235048964398965158413683806900613428981717131058803910417064060336359824933963456296910139272868140142933830319124507093189913526777618589451410434683776000
-1746447174643002373420244487420728432299352983588713310194089499028245423310159475423689676840538244622736666705146893196895475241051420701840286945151393176411731251192181009079474801890368890730417818604420428801490957373521279569740580332855768354231304051328000
5164427441168855208994817089868487730892386623686545452829695112399861827561641663017260628381732702563430799820885297768967357470821035480433249960595679486635037400912385418917406351387221037035630261143098264195506153981405971358039667313344794939047269327872000
-15053769152843449349653999279000967225187790927364044283576414896108848292635926001687563073338625528467873398053780756867185556188574422132632949233134439239103091232588874664293235345684773013986068464885388463144846514955494640009618271295048422686723303779328000
43254882867988041595559686248817967052998282464332924435912358283986820880685097924043180044023807553448487743683503806711291770718845179212926431425990298533452736906314954600694992325893017434596230449861377058712597121797765212223200349695561838342374146633472000
-122518568732682793331573402059549091247594222487017187690747081515509155675564444524418826843433409603604729470567823735596477984086728713854166552035225005327852368843090641122693055304765533188180957999118845200959711771405506184248234600986737528110721250307328000
342101709923945306587883626803394692458656443952668490837321490769067116124567756455994951407703260056602679518926222508258309717339120619293628488785337410998546226575721236154223267997794064968660403498924642555588336469741690398122494398323078748852097009168384000
-941682289653591287032940048791702300430520584558620026353252015611933629399220677491147639193282905392505262317673647598936191538211045570813488643823765726681368754324370242410321711276294021821987035962789224001250655408431534445027898494701495158602525412233216000
2555396308804976616472091762177916973900487120141767387051701351827131959379894739949664855532206182829987424620518690625194793205199656974877879502320806972501557202354402711853269930263545702229391686457616721250789674599551241855002464567490201000595763675622884000
-6836366011670775720369953990517640859248770222267638376522566818194462318026413883076701455573032251206504251143904750180978988367240758603010968624279060796712735288781405799857451255622770887080488360685869792192070709643745625442101817407580499339857941046457516000
18030742793667974309352830080634049905741043876691860341352324174759674448309436382445682147040107168236859336421207384471375765258948524337583186032533656364249467416983671626024286359818756757762716458580140797432078513180910983204506185650602367054725758848856384000
-46884673076237237602557819177454087690470630198761543491156109211817562421475227411290383229154256311884798603251725973428199310716069305558935897934694681736099042494523616884238035866589863890171955025433567951245148270631494371185944749670041000461170530077072320000
120194453957729802895936699913379539049050123503093290534751620668904644354346269689023378330383896777896254311813905163658443901409864886731212072370899391818460487844405036579219562793763956563923751008038304511412619280634946159201285472889012856346780468661765680000
-303795361466867842404218785106632800764265393711302119658953367080664935179009506559457656827171192734690960388057867283579077552454200226863648210233035951528372483525613503133093512690435215112779114641693558912339283100743706452168654006059320263132573448207922320000
757055189109966348625715703238893942033100497500749206259593616730758124355895131946555842296380901066431182177117166670149514349672623848680516670414413843498517451038627099328912963366104447904756361188523975397915993312168583449420182169573802480027545546273879680000
-1860072039726537606498156920518197562331220052683654377916017254975531798229949759937070702749818572583083447252628044742276144458695402334606843047262747217458201799666861395863839358161627147715585191971975310781087049147261205551504616169222024885841270526171112320000
4506024516237537351741785139955333594747380577626152730501551800178225781212053293447553777411435492082519650969491438388163959951189612155585077281994005134292493859692971731480150845146541765341005127552110190367183376559240270448519932669940355285950477849649519595200
-10762774678656620304094713601657130678931894714495832091796471551827890637884753614128251577100223102162596564414369800574724238789382599029771648539272282900277007127707533950053292651315465800689132788882727686449415327704515404519980321841453784429566970174335511284800
25347014888740971099458033483600716344540715480937934533214237090590456296886905286326547974537374748196668940642174305362922763716903005498601517940150703303230547910601489620241182497324061405328470357819689240198093699909153816114891407893254163036556895546342154995200
-58858045614271452000248457426271837407494615377379501890795786392188389757223054520951095688598508263478547103763505580200525180975858805095165567065712852769769573639577935481339003478643906912016468660004462206891596113421991259624113026589176736031720398255842829324800
134761390290038471558815696304423437032288469137308450071188622419100310688851439998421381237803255031172863375504658441556777233374272644768544691760125515746701366173431949356110765269586361644669771237020981759935093331201965954969818954861666573338294079858941948995200
-304235262433489589271686833715221263258497763459896233206520417656445972078638438306965581081179864868114822433099451984359291850479098564483418860933775331504302013461138755387531442116644998478002249758771341926801712785194206305241203410886391817857719234422774953264000
677238189992392321636361227732931035263708472228193933773700271785712892507222674998331526327942660828108176697151160152948349169659194240629693639345087965765444089914059086363648085307445403342115291762008107356334173733164895475970992530068152433832396780104463502336000
-1486497444677226778739793456778685542196715104705684325546693837935963108898616065865436261818696706890345215210244434258557847038568388469403330683890986213638726273670498054367370675424176704934287505087834593688781193814975649009557931770763373813959969884142101259264000
3217216963983838911198208675086191739763582090056893895776863540333113943806185603350961302969107915273307243237482614789069955743883820791444394228846532569810368282207164289449498903569207885152250019101434911581053898485092914909831880993139776036518947394404812165136000
-6865816903587589099676880439615844595797288497356140932451716818898664149805838139208655060586462552456730109369174054349083404786728918531115473217619672617960960621301473132441858892695176160023982842210953527224062255050980436230388913126977330700951437859916718601264000
14447796114578872300453843646175745543990666044323126497313363283306032496643577762325695909805526640997382180259849257224375055877742486160714646589458177300380434141877022827451349325217967066898539858439376129850180890447414614108392089301213067778872866970527698099712000
-29978503566152639074675448040027609389014481671762226874852568153197995912208554841667650377393246907497521808365144864965534091483344334786744644938064216006645046732832988741877500489978000936030642024724761966250305709185366785038951344703774892485444993999918650137088000
61336402499313191499440537112156880762197750013540569030436604598955920970608977149795088512450458629090470705990238100809243790415681996476724158284189948538337751810350443056872717939133522919046674039373224710050576535107012906840552907030534087161614005612685105731712000
-123744897554820157621620309074760992154218128159963451341772859343318882989724487811014001777273092393027835618814443421833650584772372959939849653550005293915726437897092428826701420478450714944196722905461231919055727938347329638652442155070903381868449636265614856239488000
246171175361043227355229640971853992252989089612309159556312223286176162020610091220513136909701454480181848550451372467087363587979348985552451367739970353238237867896250952830548655150423048612894100872983231565063609007231966097471222161227608998640563273262786615923712000
-482889590608168623914233589943166268199887197416898497409813106467799318360601839295187207988905989940302630985660966975730593690427852228555295354674349632879983097274041214665440763780737910935082154605900584578953872292715165514076864672132254103877405620402448380722176000
934025381833924239037124830479061572089991003165521862145301225567560049857127751743717301049186217339091877372041930378897284314964229606347395275789437762980564013854564801446074165951408436951850865060332912267299238065496129043474635105279131073180568261479735761100224000
-1781429921380504360512289879805368533011407801934606467776585792211517246866964694766399679851525056073418008423633073738222175064479016865417951477286100680223564625460135475008459872120069297098742339865649285048279043298865400529284980641768226991726730576817442469370176000
3350245784304855604013686143790182181769791762177160753808604742123907193333512258215674980776237341377363183252054321993673620035411089373024047454631818331698958672778492303138542831634612269537437828630424006827602638117149104404203653519036214451909945964852195483175424000
-6212704276605774536923192425982673694552313536754331650361408168298371215526974974113215260633801899559252395806060327011432999569012882920443396855101004787284954137700346676442085463246195463822484582067956897129754405277227835045254868337390001816859921272867317488754176000
11360006786768823275159143175608814503468589834767734525970756671372021747399530686136767573679575787417228037785874771498178108716066945009488442596620638918899141346828113241014970320191906994799377799855664987520315389814765772758368922476425933074217004806792512350304640000
-20481784517845167150288466429862955229437164518740646887296715090279659774661765170461653442203267014683845207497519430465348090240333717790187399246858517281778413379339833825894991327486725047706607351968428229070892342738651116548170777509706829110429254648376197151071360000
36412061365058074933846162541978587074554959144427816688527493493830506266065360303042939452805808026104613702217812320827285493760593276071444265327748475167606068229937482357146651248865288973700635292388316851681586387090935318307859160017256585085207563819335461601904640000
-63827460862946720224784408191333334952965680861849568834193933828363712556439572944892438517575963551319457078083792511790611188171985691818131634516784217033026776602623826631439014177136803577921496090264874987993636850712942601544659873270411103751586167944163194982799360000
110319130976526454176781788424449779585080431024056162459674639615174876589298978078620293327452524374693650263865968227689113613740180308060340558670152950374127355191445088105566746362763316196820468489559371381910876957932661714292870751943222508006867004719180662501759640000
-188005590617280391784727877458161081159561761710626082295475151265169629189960875728058583838537610675095203486716768569755620286922154194131474206405282879872154816180581234099906588492788248985297499633318217599493548830531168185691208377756079444509480510264638254959788897600
315909464506568101349606182061422519959241691539133308930355928071538849079787027145526272600803741455465791057325944587099740690437915294015577615524453713723623912285265170244153478165969509768074489163793223965442366959658293099866126317889767449400533622698572981315469542400
-523385023858220135851990711420087755466638639375639925414687184602754625255496871556613235618840191189321936159346643935362455364617502116582970300509191678361689476133931821865621816540336179984286270146950092630436847400744981277119118746425650350730131690958486948861475097600
854950805746857130194052848009929436811424413304513694723637599409962907013615195927619450519572054382742026987286080648184792623535314899425967721568915831020337479905143016804038592131024681816436844332841144694640184169776485651889948589402133833152505822357473025344741062400
-1376943424087523242483162210676200497771897838013880783025947407726131407933924330826086672096880992755897272312106845511432646215578824985996029972654775121987503732104812533251698012104921980922073176245827315264098993436340882166109974407664133434034962896407196930790631097600
2186450805734441443640560032075630280015868022555122604426835203194613199743849599043313430172741084905394534484252835972785298338537264628046626043534992632267491748521819523499860737557910139838452680617192712328626000919709529337490318530128302617371207623784584918457712896000
-3422985211301315638018192022630124584663810624542875644219811960789242931980312431447674530897108702833750379795730920791036731656135839841127173273568144328385787244987243139627347054119117992015976059033370101670153998066595722931065829345184465665047006496942344399524725504000
5283292200766722984988096768579448387253469297051945916676670229907237399992502146903741998528689852047723070598806145504536406046840462073452011126541081269043134311172714979705735059973243280037143784933417333649481895499786457309401472181193234794690939204443783504290206896000
-8039530144182794903439953989742246324658703459241435725885103876712902961019370311810219938485763181630062270169610316754319605075347444461123691561360225178524606616078563929865543278370380751296735714732902417618990013983180000088175597604681506743985212080132354603564594704000
12060763462702744987730505890375248047570394786980942659564357747985694733544728520953661820201887113591566862459136347787764439318236183757296817145452084466811404884782627574236160184426483973163106482413243045381224262339000984864546283323087108079076653902958436272832384896000
-17837263120257975497924654931578060376375047428278288668536331716916824216609609813470173457039187505705590285040289021377377285311307203411085876692707994546434069605516000129031025496840798162210895825280246731217953673635815399525791175924185415162672443775900955773355998848000
26006483668798991710957226354924317990576690451125936387529163328434964695589750705491093891938562593603072994585098206189466839206036163203709737341185363206489374250328951351584232161114984450663846319234005234879034582625731716875401225397650683224462315505211527086677688352000
-37378793161099741847234023052918782881967754398508927887297564219905697712967226836956354946502378478238346524343491308085987776103233197877809660227015534494527117673508635930223907254873218495727945614094615831099349123003043444516869026110091639648098901405601520291167306848000
52960109171972686986999748501783946030915968099123164263169149672211561253652597927878843700771394801735342466240223826384948714055170601103055788630382012859133683285168933783208281559337353004610232384802935670869101108956504743364625389440920744149386085573193199853257597952000
-73967622234043679122141645554591506283161096951733109044858661292683358926754619318433610609125209745761521797835801485358534049799678846403261283260854092258343273381199425225233688039816786914703869495057744172655696107761436107926794855555876403555502748917977281404265294848000
101833896582633051291420702994428931393310329657507561584327983342183860466868772776940717383743561334008484002923247531057842884533238411801712148656002248543170513526547125353490129540928319485000292551355540154367998287247949363864493611902447895867211249812423583599969407664000
-138194003111973872174006790332774813510258550529004123491591868580905798766173616182670587687355310011625397300776630002073795532377633277316147274408454421031389898687159619724810842104757652476511045929052397848300326389053151993086130094119230741625621519928469110996125905936000
184850171227709604033587117128410760725695202073629994840470948315583577831892910273985437420201242488058997386681887983103149491570491776720130334131218590361228042885686359722061029422824524697766021683939769104645419848590733463055718309079367177378332890258803296888745969664000
-243708965100991047835167245094140563485513678074720464839802601184042017947648477666684284045455247827022997943243266801682726059175504332155309431869286498979016822752181557532255807915397586279967189183837066920112966868746925279553434030722583178818957032964793569172818548736000
316687388740813481334316694931857876805517337250951928948308392199714906552369605385067235805102791468855939479996507874989626760985852545566772354325710170434907576515045922079505481113390534549908989922372528305691003238943448120924682047044173694002784733577806531938422705664000
-405586722356518723491471818790280287870456398186870962730549065395303347625379648712653790129400701277272808788417018623737235439413368004005758013141007402785231485957420329193868952279748393894614803836441284689712551003644774248997666511728793881323849669201064175639587596800000
511936284626880926947792045186013112378493977115241450479381648013002361441883123261077187937803938898195621430604229469157660648492145905512192148783176506285067119825692286752998976319259391222920503275873010273960663227285386281899625864761256392211000944085102881751177523200000
-636813528768191913111096495618871332287306568166217917329094931065166814931992855273917108455930743446425345539018596906093265326012841464623674775251258801791211604692612783916665497088051180306162368078632310359146170122144523764028987633014743871580997437223402166876667596800000
780651548110799256648742055535906981157872106098142658931849008561871051941540929309187277398922904736060831039604678270223202271723208166408145541019184258257189616080323774976926896111646507387542564770690713967192128032798005230761081418749668784822464925482824365469452883200000
-943049633101897606873020293504683746741882596645937759251246897506097964861364720961417039884871641454592993403902369280518824324604386517246555585825968641783281641502559159078028541343949480763528823063498391726403174102490891982045035357218939086698888734919405528125297196800000
1122606283244498911221643357387975532121537043047324308612684306791259017370968563832470844278951201987547499348005380391529608476009061710130299769367233071178818466044646422966485175615837461900904710974788485511110338451605157815426410089233425088806357150048060340680353783070720
-1316796268717722338381426048278821032178052188761356471836459065531773307164921285355085838659231041978345941402807092039073134343400797627290344957325584621308288849736247456561011539385641062792891497536958052900518133065112768962432283284142487907139584880103515993649901814497280
1521913248595457746722145789863195207825338851825530983983823846903660141922974342717338753688475081208155056613763374390586605068471985113577131495462783586318077104044495123484378983130960434693043971296651758167775713253448866067754470016422934656595127422840729085883223002910720
-1733096573971965045795496395333752470646264966620549906318875533513329241277125448218368340313184663787024172095077662870912656502148002107730954894402002193290177290551442672841317134456073943433121406548832872011863011682062542713441720288820074209156141057949406861521254947041280
1944455056271106669273687319112132476211470694771248750991777026130399029707412865705226206603471366847913039756496087005520207828313611887996736299156713478193257378003528216736094913827088727160131748583773305966065661814037061996555358072198404295919742611733676394450283930910720
-2149291921099358582914975410398839242256047000179677108458807747068395697965710107228960147629750165200980388043032006974575393120492746704340875378729546808844911557770143645950124135814256090190457046204670609247381306311171300745904134739550331545855155712700622696672266936320000
2340424631612161650255497820857280940007942781384620318116063782681106423791884400822258178336326458578533392521712282497155736612714300167977634132807241492712528509654366014855722943546273370671871591878511251195222771356055125525370829338886564032568471256731677827839960596367500
-2510581925151830687553971689284610090697856954743928510028028207342110724342212625212460660923058122253897400317277126484972991184536039625147744189064571257705269685196164764319563146651683062354808916958385451080754115480141435882421363374001906891421652969926813513910718530382500
2652849742916278517513913718188845852703029667220553988362048434463293971325849816822060468822249505541285492889790336645139419325093547308971692435581480740069074102787654661125845704628519618319028904260335903599782487026188751190222778292677695497792100584291394076594319730680000
-2761129324259800089657338767910839560976622714862209253193152452196489643624864095059695589998667852706235921171006268753104293583260630872603190086013377913133117943717763014641186345633765317025928043209737369052834833435420945116354320263807397354844839383650226487883883801320000
2830566008449765476527419772429307419758579203253714515477595635165927992650933162539007461344788198114528836348383645334173484398224285790997057292318448067753329489639659421814115588053549356063562328320041415315997839601696323913659088672808470956963718480576341651040727033010000
-2857907245859080455514149888109618693553754628096875128962193012302775376264860057636711060962598721071610499481884862853438999477774374310696945193235133654115562733487854485003934998469415762550399339110173492814536125570162966815777197337489083013299974947161083989033193355990000
2841753350232465992243660258184402621455700074229070403858216978144313211385325565148466729460158765594426989287272495759634233849352713899990249564557095779606547548758041427195801341057170944126799972179709835172032191989351486844847158986475946188389416263525245451247736811760000
-2782674263970783936744139035508504878685769950810466647251238186856720179854262543235709639478176832865534190336946513760438726782959254364820072478379283410899840564775129088253391268214709555099138182071504963871631979580892676711942386405947784575254862047229660681207773164240000
2683178966309294130006788334227409921189142616136745301909323506507102602257315483752476908452298494546248848246730852714022672674500598747896122458060740391788809764048837454760400981248584437283093468605564445477920620347714523728038569444807663489948171330090996849458895599885000
-2547539445762508880287684046772695713710018995100284699249614023444087803567198431886029161567205441422159372828063789315876991108185509740348507866019222009576630701572890527535062092200062190898544065778227260978858773395284668843958300003311512469808391932129828621397961753255000
2381486363001235052543227056217609606077724806545214980314976397290487643156040096651443168956713730530659019112717667484162017353437480302244498053733611575010411288439669724875334205247341759777167995460951211913980930344532041607987701331604905319732690880756337050338441718120000
-2191806614805566539471919516131430990256078809945967822152729262615918090520430175502501616777047574995399976195549367802933890510126197872190152222692364727349353968295461716657486464117652656100376907379658432084728398782913097138993127580242806645246553905613825838625250733880000
1985882257533513144947018189348532567413463252339660865371059945060056327393455030365905480248707228647814781283436882645685646285878988259225973853362780226623225646591605405897786104072738419586602356101562877678015500100201223956019112976329372984602148891202457817364346412870000
-1771214535716137212887268099146846275870945742081361128096389461094111127729663689069874294022627048129535497978907601733943780843884744866187381690719869446884873896233822380719409866789437194921293645201680001139584062699062848673975173537946150592905544247444278341577335210130000
1554975724085497690326271033544556401313313134337546120688188278601140084700939315507159874039069013447054483822360583140910863840996209484718689001455029418390012748408293996790702763710891364539956012248388478366713031724828838342035817646482217255774414702831739559135109100800000
-1343625556225291021778227877040127512846251251915501413008424993828375820523098923254978260735083679747506576556462742140480964427033652288105598852729874482395553151526285436504693654529887325912515741633018129500867938620469672966697770346647172898438046630996301257923433619200000
1142619289244571933474791645651176776035828608422303293966777504753812893653104615261545905228272664292199986086537763361138899733607932355082880858271420617084756461957014685920324745463916400804387981193000765512497394385887082941889556108478232186393384270055191527134390538300000
-956222513242807444924207083563573195643718098135054525728265235666654107663296005024592838425211586692009893225502111105711794271825200243111733177840126330800001949425337291195864357489432701828422262139417552171369198368986075892184163265868263624864707299274273782539670091700000
787435407569973459893896567934284581590351479821802053900371222892205545742655605181954654520756049012291806153410444309759789667288097125980869944946294025725655609266237581795688609374855977380792502724004352195678103787684415205370474049616915263781177261312972219240936700800000
-638017912050910727338823301820473226273702967617598953424730534647535799211652525058172184538966306158389162605622809587841733710586157373811276771921774101505316330020346549745862076554635372086056999727780055283175878473922149311855547734086300598852120815695237986565135819392000
508598504665242373016733698011793953374348075583006181051293543713728259180429373183580756851819339098430260319048512515911854624050013394866046664279796924750693510083957202882374090746477608886706118087976739091256721860565645279525260982522796124300254468760208352974444805408000
-398843730847688603093874328390408502241497974115459147389349317973631131425479490333892501147295304941959978543412113367760979611147198008347364019293613376417964253349604306776255801773857396868485107735949228686155276506563299953268183849383924794996293600069993050956291863392000
307663524897984107474307902817175524942150292749692207064378771030433123687456463119731578960679531331451349319963466571766970660138597335355784552743233464216828281761943097572243489966232112361052846420816070821306259564920005305290047724818488439761128296436166680371232023808000
-233428400418160653168961735235667184742724966784908622153044614512741997814230177610619433484137825065250770666971420874114997497682781824858073250606526447028964960529522968609333491012650175664899218365218539415417664002834118180973072398608125650542162562906740252258380443392000
174178079393653038397758437643960845758283297919861663213687626900451618266995732018128021158444678141800638826758011749180195836918912458599455167863288228969316966721646602852627668676531062198936279009761282599514455920482090734527101215798154981590771810332197764759123162480000
-127806179531526492720808071309297595552097567130341116563086174377037604776680458927803845162790823404690761426318466619416564716698685033608918744327339530885541669113682482778566564448899244091946265492414723123228784609830319462364530810680327015594885170132561724045780029520000
92211248890911725345167294143180157466892384835652782857044820947851084096207660724330685328457903069105391172431572113521010225658967764301912905217612707158704778520530231526369840574166830504244114089995311527568718195433132255327037369770062406905740801789722115070301732480000
-65409897248580779240398795684403699956943191635533846681711262756038506394007334507984249574785824910523871916205846537492565919538408740997589857013045430788162883448786262573444505648203770902079091580201071847478510774273017225304153129818164983939392933991882818854760475520000
45612406527092557870424889214362250798183803689111357775815416862361507558328562314856503336196364018392985668209204927776382136214519207853953133280124568652666053569400101073457805689317259603954280237512758939069397936771121563429959192539834251099573697920048815508668272480000
-31264644301580525200811396823756458149447624135318865425281912389190236174945431909875479510529179030151178542044290358312712532271386357614882618594902251274080425145907671619141438371840423865191191778682952957004478056383283386198374614277073215512080832646336938177225067040000
21062239713363651775948838703314047995833071059130162359953231212943649740625373856445039157760769246386749258897850456067090216860023397843543594002805683092167437860532255084615015649199162754505054425308639050109721243324177804697970985685410563689883395302261120853315688960000
-13943898721720954424531876353123363780800704123219013022503728966881110175017813276424436745764213572760575262986787301288039148412557344484044673658378718992569808471302120968072228852680978816859681711159603686356920796898235256807598196171024577797144938377637232226349207040000
9070662126605611218774618061693723670872911743735593492503510804121300884973730868329920296277656099680140804515276519438385420184075328884320920282497614799902302588223105215004161602710924154157998003560565881812717237141217948450891785694008030956099926397374065658816765710000
-5797139326110570051208322906995238033878008596267552412403406367418863758084946061716009332922318996956768190086576373979018155242463056961915762547855511552830845055216785398542966944733736670116494958538085585724321229407706718913329014601842107786133522960278615567366053290000
3639583310566445882328174191312111393445408488500912810640901976215410302341083853253332851109375065865842573562083621237718889379334713526624878270235089298328996657734200583151827047347696744139725729022721984854270641055016822337975885505080419632673603000032234268215548320000
-2244368877250732012249441174479837801328819757218610621731642993068014201272411257933134801810092660271470971632815444047808158671950961911725469921155939680323117068412302880830472674926481457259979663015759371371442928227724323586952950073685885060386425231854645566915219680000
1359192992889364775104524119035476927066697984890929091571297588549211640280801131950592848403381786050122854794896536273839159330841385218543070520369770375928463043541678452272498206071774682481191474473186232174608592629559640325763540650272616356001518264121393301900383320000
-808258238069109263169763897085349073415904656159848350636656375648240555486670532996420639772636181663674846068495417224612551375074649172289045802926034635948280898273086776397666902563456409688491490446372471883725416281280494802159075979185166252259589615507009393881308680000
471886062820115806569010196012252483234534367259597704272851905927076812810395457646482613326464809471466604562919995543787863767316478039594548653325690821746657032376012900691053063202395578908325634849897501285810535045797340109400661879466891454417464139443585104040288320000
-270443175905237297933115582029429389271156582212840396444797343385383005330864388970046772073052943089794850934508874205646879694282210195056341443086685776898759201261173725044139862421367187567397196646235425183910375586430822613689836383090045518978121504794585545119326400000
152124286446695980087377514891554031465025577494722723000198505654277940498611218795651309291092280488009603650661241740676369828033743234719192061736260749505552050709410220337328672612019043006660923113507426665949586267367337720200532965488150604425193346446954369129621100000
-83971971469760160147314883714639745899665118001513951020901103502051346243783274432076748412209346316608006114504716316875524303606105860419142952283783651942260255768593828730003405527234400379069335411576937861122462616562743494816675743094055494111338856940319640708888900000
45478986755209052097262022511816058046825520420260517412518123891206044197795148496522265794712183239984445093500504886902000100290969634956973778580253800772656065734046763508380746275368966720324746137056938914559546439419414791301099461058642550389385091475627375338213600000
-24163112178674452920748636002827160111924535457567077734893327442739968158645560546708773984441270139215681675777457541000191303942022647295011213619349618940508388790969756712839644605023999175050671880225808900377667993937235413161048794765432853110652033646165308007626400000
12591666235331464910923455872584375658325119032887732730738856189605605629338630996007127776336617439213505228821808429698988579498676246201511399097194412536776038158849795442579770355284728458998627902028782638085695876840626009747257649716653342343217559755612810506196424000
-6434603978207872914325946550753126440158438495200595332286379871331993411030223468660765432132195569785610297780608475476357570470626279211970908343186102869065394319230325042725806422438247292228313961612240564240236127656914864353464994031316796692626238111335609028889176000
3223933855841706073122214525494658850592956509327292709795167038730612373475254282969193644869882995887496690576977817808074596949977396329878323622321741992728523516639061150304794200690081008131935384301488364803318166850251980631287403702195653059802734274106311019079424000
-1583400336500325333498390954798327639252001459138831221093508010580684274225540969549433178019887964878858426459350464363884713383997546840838517906241323488918535806824732938256526868861619696736453925143922838254925110407963402919598082108896776918598014259535858904478976000
762162185864790427364768256938720640413846443346733985880406102219000597890505588744773475275241259410395799889821525025569680468465924446717674759146024866701135591572794970842747373121973365971524588881819853022551166587905168103741788051118466763838665018191580976311924000
-359471818380195431342426307693484204226364017219435137119084307818958895269507473326277196750348941216136691428819343300154471707110372857831098952513107670266189992800391070633975178669460698005919283388227315789996586229984834727779316858294251322369485919625429888048220000
166091981186731333478563071639656762480770353720595089199881065973337580043359085458456754242034010346180291960105515704834498098342765296693629213993838803947161816486352677174466040090943094947756118122391671903310823899505146414441500753526875231865878922921468224577280000
-75162485433217096247113428986015772863025988143503922051842750000836307296940109220136436727997035249975444114955706164807013107750928738440513741324058810461123180457717620708635116297454762836918653715563318426170144512279111711767174703590221174912323758782836329790720000
33305893043417037631173681279053793094009955700796201587232900141625432340341693700219843716247294798532296432959584925196361138023043941316889817320565611365151943980020006578978176638975885590031123793930465227720612610876251685737950706697151051069050867812819488521280000
-14447866946987256958406203379699930417159417634621316005714220535666612018146150662115035524169695575668553806063541940456301064879677181904297811539473895928333682802949787418383731823187254063672344408005843458562018136905598690541366139029642540235533958525142912150720000
6133953917139230841862363141433477221853321951015085255287619124403722896361737221792855872904511753249500471252783675032435831915617367551460465252971227407658837235799701630281542751155462703411359540547746234228203329716424834277707996591148966093754271673525814940160000
-2548114002509663423612120311614392751283016332232246466353752016619112522129819168892124317546658716657309988880032208921829171436788186752102749489760558162263876730980823314513726142189135099516806225945429595900114572685106992446769880326255666387660930734489859683840000
1035433077367606081365066476066515857882879212255287857732258945280506399216871374144239701521158286038138497700305658860452361782478565860928011575618103207866020586483783767144404907137917365184159137424981643403033900775929612438613878474126490997188483893547428600160000
-411461228909127094832277587601644692333680762407604564600787728758233672160704094834176074267576613354742519102681456431077901137642244460306713538470213802176525711729222364612263342891999111392221002348620077364508291307533155813039603373273366279246954306563249015840000
159850408861771311619696140974211918284203293472969341986171580615393956939871897932251616178600091260700813944877180688222726329427649517298758117748824186362222005579091783176884813644926102101176855794976910253662679928635543026721864655867002940892889546823387260160000
-60694020195185025601129272977610824100351313495531569255016521034869915119271088481709041466654154076562390177608947164815230178495204792786401734302715557784799335451673297366481585830915504123576095158233863379256653729517199128563832208715438002500777159753803124480000
22515915759798450652622103711170238823640182433989659624687870585800764457601728506213244392833044420086696660584700356247149762980455519387712965124877775222120919949445057158748035826794924038152468244688503795677610566778512302901363967509760909355860329934304227520000
-8158375630467229116745349423592826735339815130054010852874544038646932845045094852568245694428683541280903502956040210085829991540182168360974999981708691235982493768265620875988165197080575775987118204553265648025330915293936763834266073112459119610666147272218364480000
2886298470744784510904252412666201586997322357628379932285507767954517913297865130389240516236309702670638065362874239112680014411431087133442522045662850932108200793614481749726599008056986264009682576698880896955759649791897884408594428935478595221620901910633323520000
-996665146406786322153521737489584984085247887940405876913360299703754925318871501034261873409534955848935751209068679436920460946760320464441552089332326912111222056454037147862569771760443002044361160588260491132442078340793621920319175699568423634717985006414484480000
335790503428067657366176757259674628427158712245546901889755179099409618393565105328926119459267148210823080241336615630603084986945615781476890108222317172537472274879534000012291573493508628618461523831005731875676286159740038635263784781592877103493852370325192525000
-110339871076279760588128791685400211992460931453712333450618885774855739649146659109792310621707149302416112750181155740303275924855073269329936842366625296192256225727100297031435839975511773530851687535971342238317983842185518076798521840043800291604296808133079975000
35348261618665450095436961774451732586913914385696046332083608945426567726805056025913944192070374129364739025404279050479472369121427739227491051233071889957196701455879050443618811587386665923390008614586861075845551399464084800344698327985946438080401245890864400000
-11035553194045302600988002204139475908792120172305935311201058449342836003697605457926780437653233096910148806146352145167373352899520007805869998080230660006286399401119885669364302468276041137083035115698498520079416601634681689961824317695274194468620891409975600000
3355995657737980493007363419876434889043968567869748122187762821376511741560379102260083625701510949033679988639461837775522280501869729549559840522722180213007611401476063386953074912334670184234861425788359879925080928884560073448609963402148428061807016245351900000
-993692442089991383846677310832052081939409391338474532747193204625329275430067279746121802544991762660623352849222901551994881161618705719881505442349218330526040677691492378006697447415543763426700980748222061487876033617653172043600251885464540474632089307203604000
286337812361811661512671214262117156811627020214812790195811328036867060585366219795111164149364181374147780850376398595433505595745147013113508437149520702266075781113555860063204322985938614655983390741404949480642060799305682756814465295461497304143297667806496000
-80257278888756626426846495923930021853765334220446783706559130942896152332893891960827060018522513817248670986043365619277629045535615231883071583665874411690154749747536988861340672448181187702629578541935749337264195907714376996927740270368903998938349506699104000
21869631059477145861182256418295773727180477933583227163346663841481480534197625452888962034345311710537459460764122048768803661315084920972301890120731467998109167195854349768172434130455083457487068007653446865437585209980616783554558612490098803101545342601046000
-5790428363869102495686683296458260541266851905456912882127401253065083938891637622105715606307242988445164500383763766000546411522704139375515746057132169338400519421161942424830274939669000072136453673112223036710449409492100926634917409071920451567217486660354000
1488815373630255921755988359052628972961174043643650695129175712450159323130999572258586198132257150380758549226312079412445358334579576698938851144166214338615376894329976013730465549226189182918463754335557805582117387197234398032852961010227480660074284908080000
-371507411393448094165688207921977925464221184355507583484419956030657859412367514954933672298881702743307910454433109765855036477478948233151297007423810788541595904693159192042580823927262311149112189371946357251298429629021195569775441088148237910988133323920000
89910833451259447669871340493238161740488136103457688861140829103224606779687870417856461770984252997355220453644012520993149886351687682061474805578073528407022176237432089263026981955687050118066090540046097274964045115254113559835695188592705713034542790580000
-21090195500912709947253771226808951519373760320564149239033033987176142331037895530114478687020997616663570229867114048134195652354099579742815077851646877033745942574212465382685341446395727805472292842726862323756998236911458736257755661521745784538966827420000
4791404449560146660898558374020635979301952217400926873624486476487075112390408622711654665314820929369299041788448298934284615917228116363099298406828305528552988352045974422341938520720116582719798036914819451515806978703825972710715331184401781736128718080000
-1053489906820197093853169328393488017725780093244534378317524649653094928921660349881132357911723826528736501279839267330839589198107407184312543445653717432987703164060899254812094747148753634917451695797488705423502224990126138352745830224772679566397648640000
223993513705640687365818776207813265106732084026376516591676070810948932414217820281911680832917186897638454654914804537002847745813582430309650411613093761173441280028679720384331794842675402605570706720547396586112416814262576397917649063876872522603184860000
-46016013773708519727495336471259686078112568151690958876105225969148707324675888358595051691155076539450050502811659032419176366416686698672652341337381596579502844124269180465504187810709434953117225285923899213258801228271448810325147446128004233768501140000
9125545394568994633820019809292912081034613144188844615883897618754885273168454594134742228167863643410422816005225193782508138348941334732043796132310821155642453314654971400042565728085789698345854977748431957700985615242095376971451809630930849062175360000
-1745289044014861801208919304465231895206792164148646599076863112595727703543908106651417055480734374209393262092905948731265359444935056221887997800158887741838876109699720820403020789390951799757603454163580076733668892869066700519970582607863046192928640000
321580074719001352644896031013057433978414127131195264362778410884852941915962306848401239461415589711592357115734400588027267786999279390365176065254189523366505719174775549088099851332415859297897522263704633515805773513071978556015340913040509376378720000
-57022725644181671039852695310998626011136134771098590104110973022546957881040125256122540711336572993552883199915098818590605812644698117060737053254410727309654899972176856465351440343848802494503392743056267476736519672741300176696797536020349522549280000
9719273096357903233905332698266719744177781050550780516360216461282925962829724847868224168301408289725644467301968212846878676181429342889460465559316817650262303664762814288954262120780494224978793797455368732398167437807962794728526347235916077438720000
-1590372433067735341192118588125123220725772960281456499591586219144723777596367440830871350066472396582277636359256687821530666602934969952698309568992580103402490525634293006116996320301450027837608134321696771476146175022661406058010358869506926593280000
249490213016068135427008598143885102331946738394613291461754720222101914948105100489997090848380827222091350403708433213214028654144848416389698982885835730796746840503946519787350592297154866792669664392475483924445456945652095237805099902426367168720000
-37468074418502145942094338935702131520130627589193132408140017844739102959020194675561419860657906209576835861930588058695238497734418529241469181424778942978297414610443554221372752256346509085645622776857796892665091727817947509983332583540191666800000
5378156560589569279536144878471594674412147954264215203493919498178996502120042645133878837294475761847775965212797163291614974983028567664183621350557998564428002711967172606335572310911310201875558670499552121717706373841621921978295191248911203200000
-736582646153382114201019568228912022986078548229544078273370150441161635064335915595202982383569332762764190735943642251343525421232001838318166413574167664593030360878760254225846265472169161268093232525875258819911267521715047175411024083629916800000
96074939544844298090230752904477922406263184930587579769505176512490001878354555776372591406814483256710126476953410069049926736968066298702551168159743298569093569002187351167190741919328709798114023492029376307300488685534836877252547698053063200000
-11909881792330145539563666456800126028621832573352779262401447115886458554209533892722143148672768554388438515903149716608113593496611957571036527516555398273370036357370028286084785939688050091885318188735326909170943413131998111753074422155016800000
1400018757629013026691565689615688284180852155561469562274129293622571454535651331062847847680717283128110323502084538115566006092662956645085110173374675388869620600376558427098946265563329969984886383002356795853563960400822635177504258604344832000
-155671276700350236220872869392661697591687516164938365221007111901166438224396616782574432556376539651236461730465305376134436550542526790212911618128584006234729690542759181279603776689735126004033721810287950149738822684319683113746080296595968000
16327995157523176571591424091450085726865726369443593382071671828734819143564844005894380532530584237050208682924902413709348668411436904100004837529047308763450308773677188144932614619865361066215959522263221527521353141185261184031541028010082000
-1610536867169444929671453855724811238906552839737348074850475635363253553864933493378871759867532929865291551347254015094428207299994149606313825310126238650591592462320268355330407645457111066334376798530902710035109433975941105481399182846118000
148875315756095391373121720009545575916032335021205912246384418270994359602695502468167276854555694879820113399778085087729071733562611550317113157078923270200557048449663160555295749664649163653623007709965024362784542142881210427212232548832000
-12846808639932849682068626900248427995134708536842803377737992848221096295808875932087436110242358117976938966257382863154561833782927201822643170666401829505503335861060002944168548126189721521389805267572859670266073364838985625042118857120000
1030291022410976235391250503520112849881242721629767812865554848735317689927103703554922836640759751855176174512688102994436990898952721241993949522261300617771871494222745470304642115536172275781198560311281290940098864412822322725414215880000
-76401387635886797077126603651410262491095457493765628599615209812532758103249590834746257162408652988907484761115546307938265510015788028608186937009247245082832799723019932991621532016197570623607149475491525870543310403106997874270412120000
5207722311937104485391982221986829789349660721150530035315989458212026581489251471024182317739786465084546260050446401065421549698026935940834564165544021199741170206768688045120359100008598178644799302595845713344358475715042706451314880000
-324025459295192005558292575617138197878623919141736177971919208148619588278817727563744213700664548409098132846149003267693573195649304391722227248729428744351180111017745900744253688464311642480680981739093324658471074997547562969197120000
18251434049806339819255677484607321331126192976347793975270140582445393475581554098883740432213358050821113964327837375417925033396912978854724220028740970939534064895289699656119227822449652701458110854131028317954003452793959951197060000
-921387839363386635084776069637522479396867915312130328675365097658153664227952858070120151806168481030318281561013513500314828728434331288781014906032695020842340167326148004063876120071947461444378966623399416086581508091032623436940000
41174316926467386031076956318468084302585837673360361441370364243201885303553706669962940760179196490595096737136344548837364831916848112291303861983207640502829156770717642256021325349816277999895326978317412324127936505151605894560000
-1603301384617809634477425364615802962430980982643960374258523165022644730494532620901576615444296133333663011468908346273285210880900269897826348502575252171755241395097118612235392394037348104770188152947557032648805426222653961440000
53291716714895797837207019878094404710678361969900989375034235137360579889943256116792532713566297633147052760151795956010355548239077320296667362073884574360056779857563325445935485624777208771645246842025730375145959856030129560000
-1470047355430602792657052340416565489298127080047934966809914161229499951927502092168981480370472087084371693702817415187375167121625889676038675591079195427083570395770652813014170836337445991636676916077647281881489228530011080000
32307768329807508596721028473426862555568142701044526130135173420075605859196797152389452344132922932727091479747786365012634686061592009363207776733682338509167422475654706631384327258035780400865783099917835691265074269105920000
-530351222276536328188272197096621053763567652235961713827624144746691745834360033142521506083480407488804573957207757523204829576893286999695984039959994137930856796721874513597923717360119315358449809813112687104270424526080000
5780352109523922055218349501673356830067239593427158329465775915983260107894578574834311074692942768294213368094567064214986475480671753984162869528155654445193943702456630893124818398685137859382915282993814435889525834420000
-31372274064806944711087317820349517831241618815539471695090432663623425354793909906673393146334741267833106976460844591732397715793923562505389653287703737744275705937202651493593913063419899075976045961269591646083383580000
