302
-27543306
627987376800
-6363256536364000
36265789814872527000
-132267137981210485573320
334959178763083265243012160
-623126611023446021290342315200
887371239510576099693778103239500
-998270734048422542375261013598678500
909464569547474873005557793828940060640
-684601333785889701305497690374556591266720
432915260100993862506101525593799466671857800
-233197873983988025285461256700778310345991567000
108279959773136643903975806376655267693714288416000
-43783122045334216558843621725963198220028587759107840
15554638217886938779662928549737894342637343748106796220
-4893252365325920550702612972662355239310983068716710651700
1372527083212406356937819342455416185643772041003008222304000
-345386365153087619621336073481100754992900785376277772683552000
78406158753402420530239502040944682390938407288268817176893139520
-16136911988514884114707773069710345142514155693208940257202612295360
3024670776029070840674151183644881221753892984479163347383101213708800
-518453728953565214514420904682418912632389879712000258079324579495360000
81573653728478660175369683592983092385500399337741596161828173594627580000
-11822175969714989696039696912270104840297985074581273661987574617644434510112
1583192228086329271010475861056195341690082829632682754544986915659933975342336
-196487403067367134149071061082385834759136137189323693028062676535435564360902400
22661212991519561568570159876363937728215675414105418780098759199405719042745912000
-2434881319325424663520458212732312134286270008852328129876414004204398323257608616000
244310580733736832016168287158420794416208140977111821600399655817415540203838987176960
-22942060080285757473085405554669477367847940963785121869599236357888689484510969531540480
2020424783242353133713712766523528778352077457142717080273885873783595720423046125346016100
-167190614639012536863738499499786773058950835675313085113756864569337675248781268673605363500
13023512514717820864624502078682352370598966133988401979518666211712559671974269620692747208000
-956606230662689635573916793908375007309489284710320344257232707807089311611896168326785878390720
66363081008040972033317678323081929133627748927265032030462406090678847089816636344077673421568560
-4354804515965931864582245165927001536683308126282581557674645910267446477950093152644424975768160400
270697543873339365765167815854298932086353003750086233114180205613300551150138754419226859989577616000
-15961188578035959460826788447903412969296776091596964920696267836960968657986781007613098280371656368000
893866463341458819704952220053710884813042703069659027971292739539406647268904703378852536446513685748920
-47603573704769433620729588099862200797809650152828724069645472886250030507706219964654976573647379351160360
2413641514826858357731323333135870317095292012284014218134405382622563905107281356938061850763617692271985600
-116641934860656532479763329601057702641454741891637690893131310418734017166501420037425914913457576469963912000
5378301777448908750724955013857034607126746848751401544756222013667122027076058245816599469263703996033439306000
-236855098375859868385630006509015550236521559123358636227069196521886555680304097927742481021959436376427695738160
9972092156951136084470229688031747324891886889972483073817174187023548900022179336572174928773309200332320679546880
-401750267771781962805535577676045881927910128462245871957609514157610110619046559555563923850692916380070112664678400
15501561981298357853043451760156457857374657300474677958781026826654313730049148934240292027051475809977531690924440000
-573338279310803028914542959873875021702807868493982851634165566550346948008977331448288485163786841463321427217477320000
20342959491194188750734247485060883970050347666756101948542808966112790270475330083515592715187419194064985551959643277312
-692982406689072935748291630111053249672576299237828104939153595857167072793127901341688604899558209477793123744821327681536
22680822112419731809809101059477889273677145888516193523341380633638789179804666889326716543495155894520965773452916974784000
-713731317418064148568200600979903176342716735783335324491193072663047621768897660976160594112586082341110989513837876819520000
21609708694172169941285766344071910710886754173127266505033763374237019352103030415728143529839506185779151934910054344527360000
-629924794361457115124838872877327938702572924374277432445412304322924340313749791414377510187675311059775153212705349436720025600
17690120149816583295540277377729756666345086831566921211926840184027838266183455558125445971686284851534527485056292957331970412800
-478896435142233790015157001156731532037052050560316575929524539361701605017594901081847830236893562362794510602685825503888414176000
12504834382548696823701364738884452370432417396319324622369035534343599579294154610888678183117934161102220514667040104715088674560000
-315128292599919371291454989655030397957898003808480354452191584079064517637006930459921722567553731230787156049450376071795956276480000
7668471929145371278504617476038689717417693534899475825397164314350657778631209760003050717724438075206077227376680762609336931567987200
-180290494430912258951201142342459740002378952838917184529217985947954473111527579530864521886236768646399692040471422508828976829981785600
4097340685089618871482032204744350386734605962541052351839875976174116225552302119619231173772540090777699556882305793540920763753176064000
-90055811202769690666096013953356867217635009106139758607395208057835482221228288083896102656600537873265966451153425522686375113632732160000
1915181055237026907847239156115480954490661712211333518743403755737776656573914482034184987844521399673938429108172019147989444189042976805000
-39427345089576654063347932440181874068791305341166764053676334975222739837193492954521035753308550727157275887668566639875260086655329959650200
786084955541678891665206895446491138458766594644088871564206230470189281308673203882975875368076449392138451857722606873252201103269535430601600
-15184975923322941655323772764233120755502772389076000556402348691294823686496234545491702613620572356658339463765296470263770242519496049201296000
284324224792668747516853859413344203073406149101686878930215257286398320669732696139418601273198346591582835374740347836383483476932951544084820000
-5162327024522718870321234650129744370147962139633925409654399807941216138133523094387683711375569139763956109703566454110585478302145585029473660000
90924381943756883547796701070366828188010147856931897664247616535624228078668485130211154087052473273099687365685020256236728391711912769466060153600
-1554119722559001062711526910201550687792802691885900237739449986819875096993118961371629373061436670230130601565070105204944500776646209076672116844800
25788074562987127973465575774602120016191529235344355410946660468025782377189061160722908694202311414582529773654963435518774297223593152927340951194000
-415565941658194710962911675669723598496987722477987712688129943271104158686641138520750569359096170524915508409198721153157204498794532183831000972750000
6505777400743921873891251302376564034322454980385852927926954670698542241761937823796001608841599069897727667075198679148623233614437117431604099962000000
-98979186520580282674798114703303817509916688847367272483388596224659652712487978137357870521432036764938246403667276046730671592798206946254088403670755200
1463918619473707130945750232492008054403940944399738807775436460921091553310668801301628837068022167028245241304101118095586532692099242209936680081160885600
-21055095340802896878292941655550006213408005402882058835056559994104584619424402433968021433795849265193727939316448447563019324560425515171588867249282260000
294577533762186486239364758994151303235583402349329527948720313395493465286884473237895789685191106090284372484322171574057232890628438502860888293928156800000
-4010285371100248426591114888386488892293682521039270098238603426858085449634604310160445438074489977046760317158382416831697593027794267027490730991350422400000
53138787595435229307598891717926219378448976955345978345472894533011418511064528737319752332885788752105228427546791012030512918613916409531144367342262690814000
-685539765041978984039489863081912663747912933460044146486185369906673601132759473542593476103101938324103467427654783056134538175619223693330994160181548687482000
8613087351390003654321252771142174573679905505458734309213703160278968742369946508756439152467289076386118519971486625904557671784103512434949789805493342224640000
-105416237484750785036158575613129982461869826200138363083372533308015858544479901275337373659497674332340772682740005060697166511319014029750731822826269581894400000
1257166319709014889345616754633455465448047354746207904866727881633066675850466940549474109793000325923726096897279754230094269783797107791307338637639587978635200000
-14612535690358942753267204074375495713890874574980179050906981421683502611937212899709935815405726556504995694302651415984648675733356029786325119923921793613537088000
165582394691401064665470232431755211572440023848017691441104962004928473080210105286491387346879817637583920923217497278372287211446876980034117854324504824116186624000
-1829631864184876211295627280939337709058134680212572284803384000169400560980759962430401265788914460050116425738313566505042441660636749402187005779684233183373928960000
19718630602385042432171107033470703150567138482766178059102586344800900157470845359561116947668233579000867367267516820830429000645240586919747869624541077154492266400000
-207325680148773322671191302495712734564913899035502538479515300915800197931403157944745423905144993960349606987519328795508220989867134427526494360048056372763234367200000
2127110286800451630526750864518976678183037613018074439234770316951439462826089881214830087433724639269246140628494604965668542857026955489526146579930083555816768994048000
-21300128766133782219317686503865125357441375194336165526465989493124527783592301801712034215706647537993442545506177771714543241073933852198765445338430421289577820950784000
208219831534724614936950068682632380916197942294349519808577028669792465597167657262955306120931949113135330365687753878976997609458564145903338013622605512464516647621440000
-1987465393958745587480623531055002451906199690844031056514866065653221990678017799207223412742922541222671661271748470514388488570800296342357506037069510704302020099940800000
18526884288093476295790402784737261425827281138008278639997339078284810879149724998313782034948963770419762267500155955107418631348990358660853673298024157728830782208230400000
-168700368300413716178588311406861319303386164724696103086575216411564262962619972369687345578955223677487605914780644458146543568490712319600032578167127674016352892087553024000
1500803580318394071403005476955918603195098185052993066391290022043330164038551030235018021845418932169037959390303328758085808820900230214775116212973791638156764422360492332000
-13046894340752794459603447017494883850392502502541138045007499984380294480554073920509437676357321878708306928295234432539869139388408367564834799727940406742802906358484054660000
110852413390819244887925997149894056871306560204847653526927530063039569930571890036814880715405816878654502847656302550526168447948159391221420205935020532092119654191201464000000
-920693705464019895073139470053344139526065495393859151112384627050465269978404608169252294141024355818091265718576267372766216729754516776206230897227678438311888196115332392000000
7476401165850027155951921752621175750607462248796293850693008125500598178332636780177596329342774178985228314141126721573810786332298578029505077377847639990467856907734945155996800
-59367799591937040458148565604114606345108936823766904302292494577975194024064167934979495683340136929746147351276706972614782386557708236067444346910870736412887737780340531562710400
461064802674789779798001163092316435283045184098458849252713721828181053166511415719563941869846507489762466934175117588165553328898772152465350175932175653802511458347896477342080000
-3502640943686933952570449970725350466739280480008982086485291960669455366194267843332854736073171766531945143044570044492242696818040959716084918223136365050260477989023349664566400000
26032757043371417028405448617480535625021937798350781431987763510937146632546671911043040543958037349109652936304261902426257943029648360730088240210936216129839062923595509692600200000
-189322487707979759267167389088523525249762716619860979994135772384891562798272980240863487326440950259797085059404935607676638150945503484351722903571215861503343875387842573391654552000
1347431532309694320850555515364101928370685735373535319345946016916608089520496055882998518558279628904899723925818252997035012429228375101160428724882786579983926933696599760500518976000
-9386357049468047039866892752892300576225350757683318140836398338648273052642777791680369189240596716159514148109322627983101355253132068843833521962881181211164127224820710446215293120000
64008130976910876333248683947621192372510665232007126622267414596714989592524566662401968905366689197816165581328491240550058453089345400877787923261965805344306814082839446921464713200000
-427347611605210120644919228749865822958056013651923348628744897572192838940141924195077129827489427425163850046942169066084697136133839342970185290540267113654275685000679525978566235600000
2793793840365168709379809146366064963576368835034854923134564989880226638968676592688213328749894517937203404472174656347401973740225721271596160101065891715579158990602789522562686239744000
-17886765644795520112166827765018610707068801462061071414789699707549867540115746746288802208568941584160410368880655256606777850381480851478558550219331282866652933905991384295780568026112000
112163025001563744580918580356852990929371167331451201968061047432706678946548520333472351859537065131541603923481532404710550519053514331736560551678300279838242967238941508984861246885680000
-688973832406425899146710693890654267643921020412121154856673839406715354622330111391330873059972566653024176030877437086966248724407737223725986911338983667406420795315715972842633871053200000
4146142311853012982491993686349668279770373589134439156589007974170544356286795425645829864594824137642329544400035595544587286875844899414678515263311729352148457799326832471843391027033600000
-24447034505556604866672451846341079983985932862541733912412419872804905736021778487443188431851780070261717621381502888844716222555123584987313114685654846363038532380620572349480210880684544000
141253570060791833767393711812524248409255225044359001800107076417273767179267333073850550995809467665183414211293778730818890968431610321462070454858820823055404266909073146479443180406618752000
-799859046187616260828367563090643371717687104194133101361333919825040255891658070218388885998989764487303115829383976793003603873035011620142624830767879034198236668088012634184676611090587520000
4439321106677605906120098051971051405224278900612080298276636406498068872113425428503094880063338767565267508711203226555825804891420978023888397509461483177451862231387648403461060651039974400000
-24152151403273977249149827993644920091285510863629440182199484405467885044434336225419386967355399242252023492241877705214355447090583038619760879127282045649348479760807753403562636518471347200000
128818183081739899211368290918326697409103637247930244705114527797052461316162136073410458100053061347355861965148970504950233038773968034593896844478595155142538933302019353639390606608657871552000
-673636128084642572455432720277293008246240132409895726067733323661343323253146753923128536542200842561137002912212323527798968113356417910840278949785853484268711723953453163902237757924914460736000
3454172890044337619577978044313558343815711294378073220470935720359696481502295099396208674341626464946652516948403959395432494383993672060960097382938480107456871726157454008937032093847720481280000
-17369039765359441100495385003711676317389135879424411411681303121578683973183098663927990937969411945324647380980225474982320510956594527201899623795825558475430069176246170515558511239306321344000000
85656838405806171941230752735526079070953654751885683436847675149783327804274714196691707651167050532653314360364759190749180521905349233133821843989975315301438038859026705115359702800085830832000000
-414326924151835178825361859903892833926630801439537156382304668169310344455633831953392804644323488781273910146688520632168468138565400940225351753402774038730712674491288278138481342587371968540910592
1965886781463179664308192125399372599774832767122540622068924542948967600601787937351043914603653298243625667896809831329049279915712680903583729962227523481324459835228002230764394216075935729796530176
-9150533208404006032484191444873079417700760741008415723344566312970037982217076656744350045809986444642581500238886359168477567714807459782785574239830821833990564953173926931281350100558055360808140800
41787286050585188681058789300866931276389826577285746119423855684595839955412699918067155177459911241952999746574308922911712134791375374813721720252938359962107792345976148254301184968490826543924871500
-187235467206885609255801124129592031534250023380936066817054320738568572477341334294263643500807845798554264773981142732952706682678283881511659913900597496175388697836248995990953623869093293647897974500
823215630493516468055801581498532917817805546585625651406769482139562083393868077124317500987220483681406869216916853824219995109451313936795406996595857772533495964735186118231468524731899887054047993920
-3551853326066746684007675339368094681777505744760764530453437023836582678208273063021726048924699392414335342778869215529789703274232482828631333852860969468661362491514910888189069633280348659002556704960
15039929889646726948237275398219583655965586194240656970664289693449441574736362866720784428929311362048304728548265078155870311499820510967425379457305000424577325793386715181966801971041329434183231961200
-62505537104267009531328130527452806403319015719916439436846925027640663540434378209450984639761338955338409300651574832982577078970507369764841244321543168421776364164216426400717363723280192964779258162000
254979148018119286820601632038029804156288219172000409660846712208989937792923665353411991695992345500146346873141376329155034856339481166213805494768567275593577362569643840554675064491135418483189524496000
-1021021851479524138978364142908278577641797418214179308457554579440322451039219543145495404223968470905634032837036186728417299795928614322585312000148986074378254175197258592035096380329139736926457520339840
4013649263482549799785840187206699763363960136435799586901593769568931918801880111538855960765370868436788454774828452889801310205578378577342823578440337342987354269584898232573950455286066824851258293083320
-15489833470102748934279254832986163213771029489196395283564225302292374848868569762870532874316140383356533204838547551018847988957380246803230189456248379532169481939228627176540790730920467284250673688501800
58692836757121107072967392813919425409878044945411252030140437818389926963576769275821132756282959990706124556876160012682213341901100536091214580506347567057411773615560687726275123878556023904197049640952000
-218364328172047851546302732655813366634142306547849336456838936478408111377402251739239712536612391336469559107806480523349492348008737116911380243804036134919928084612978050609587222698734157978644817521896000
797742824205679304189870452504431648187302332553683871819157918755098694238138307833495937575081309655947260732417103642546788269735592475475636274354296092081965845440187772237187933373477584076677730297849040
-2861898870822476988719588063174567599399575688583390915434726635449419253012762865530326983334214790432630475188279517282700295747817094820600010361439135867187870328169131959120414213168177744032034895530078320
10082785944417217083844452291604903901078449559460627387050336251851157693613701347315732438804930505471834405741687011890648135782827138268965717916913122991719217819536556951791024881147954122993243353424755200
-34887159249706107622251172277006453886293006923548177943701234363525290361955960625425431498246508773762024714081523034198386661808104756624806561260266419740774280249464965872364123696299256392605356421906624000
118558465374628182480941146219911785901779302270861931102273272720336620429509675605347188793327304218241818940581441221734756524126809702441978624560592885141439138725853453659999762183199074048713071775603587000
-395734342046422412286799938195823506435242314105437310954883995540570924381572391168021895948961563982496675930133886492276978744670410373730112622736639623607184652396750036832586126528167791565499865119623502120
1297479906968491722175824454899123344799503417536160761306761713282952747381278442200727822484566794126887206202157865414348540556742617761270881543339194502470394116471386121887585813980136546112293796841820572160
-4178727110253698986756745010815145966093823885576801711469484077742010109398864972231924328095396642013083211422980084386671603500694270123358184136641734527253786780314966780173378440647304499360687065167592332800
13220680640092281765076809224319284854378286854933909724472025501621680998052471812256773006620297082336863885665290350985954260527671334895394547145237043587412683705068809252465993696898201324219120417097979760000
-41091240313872695763055496009445683203759512087338614148810556987901484343435643099912351145255635312485501495543535430344750319318539936119404978904679596354319058317231793380834690467414377099008691776992563280000
125472558867747097320220657681464720836937489708822762065772466990968159125840107712727918803717474155955728655547691475840254486153820789828782207585204755018983848116759694774971847727699438409346362659844314115072
-376417676603241291960661973044394162510812469126468286197317400972904477377520323138183756411152422467867185966643074427520763458461462369486346622755614265056951544350279084324915543183098315228039087979532942345216
1109506742411735283176985819092938126168037099528760833190673260312274710414176506479843914975739264632174314591776028761866516253515650422525112751456775080089092805152960770538726994925943354701759950285932884942400
-3213251723773061366268689546986447104257425569761730133118103878118273484238074939416507250022651264288874264502945699086280510462091226468242557092785341815312061460350505166332307942287339473365193550755470969912000
9143866264715650425313767926590544028171915030025284332259849659573538577511351050402312417335498757139802089845454517622486890287806235954155578220521890218914673799803292826169455153022768020680982558331304807616000
-25568191125799487197592242062036468564768411230054883502888010001269125831368784691570320328165721998164194155826338773750719950162103439132745789355939232591736477469177332310894394494273320826694182197133765896808960
70253690179156809250846402128708685896981185163186635029220720445630502387079548601081697062121363353601386210215138935041220481074931491121320079004476684950042520357041003326959499138850608852703261635352591140196480
-189692658926276175085808036580640455591447230254204490825988277384840686696096367282445224876039082234530417429545562571368754477582947194270739496861655473522255667262885471070866544897813390895844276771507635333513600
503334470728910985326226740229996145584740607756709881121353288494305683654439327382998385506682775485310641344860521740404834825953149421106144218559367832323113899995735202841459699328279082396279638413101496734976000
-1312500229969621410769385918127528021256392353354123076348363309893204920040805497372311323434873961010962122122433454954025075203959869834562728741746339369891880765373950863372396177319652780697359384640911750692608000
3363486917458087618441984131751497980722826716775151964873360413368508420873320462875512189946151224146998400770317358547025821628147785180728642827090892500874490067640338767214167141284316446283967385546186503610853720
-8471066565040559160323600558355504906273997783697860642831202031786440925885304570730375459907202282550383727382764095444831862711715283359187839577214410521761866250752834988620904806313955116035501825956239864018647560
20967858713040493943553615770110257533590873953246952726654278463071452619475285204795198516825631011830244129354685095263537486730415516194667049951830822568726216721875634844566909625748914964855441190905248497433750400
-51008978430402812527441302092704900285432125332835891056769140293598680419277543724338050213972097574227401456616360086279451445474816774784233684882253197964907185735949100763242207221208217048192684759462559246928016000
121961830194168057258131144221358816461762682774539354628149534280218022769292842126142598645156069705659418979479658106352578954327577229060994192720402240285813924014999062012291041864271937162967548018720934713394068000
-286611420899639233620494856791122707746817802800082768402364703534033751285825041189659405646223698207470485468801801505466727233018331075779369970837781999311151112747681358622015374377750386326887080062065993830238349920
662006231580063795234332147083806724585188688946859778025609981511619255401371469793854037253986280429274258205773590587165998509477091606590410070543008734655107636237640554273988770082561205869273801414950514418167023360
-1502919593835983333761043418287182142318162065354456124123901752641119192360351199756099837525050785090160983122326181936477291965561406112491369845330797017988746100196715970234056401368903967500199746731241414908610745600
3353666242197783105168314713850862079194935050879522629582034168839912370140834699569131511030601560550536377446290495264999285997415580958216640903448610976223470429081249001039571717623780182580873726230640033692754562000
-7355614803753220372432993894463063381079385049271591894013072596850202394969794758065512595689575769670783596245508753015838040430520788416566823154466977255122959913481204480659706981797082104177503337847623809762096006000
15857585630901060279725441231855595186670242425945233957252265573500173356961871716488363209752364316732474089289971534529369317335057688633417970581865416986269235102059964150969632657227868630403985050562572797350090988160
-33602940338822967686215502720477009833851380986930834502692183295058009018755461754685833232990860441082531103405304407990264047400300248308624113784211443956095913772748591316525814723840170443750970407578697658842162986880
69990981059974015306402084830847530623374868050793605396697280105512253776896685820840354374557085599631745760946283721618444787750354965548182054197644306942084579728122234887923225503077045117088115079603817933269810818400
-143295712000063743790296626950789616724491130335540050475546320908325147855903786416919800671622353574039734755654500151764850291336262505060805752646618828155843249785849508595592757616393662987389296384868319818941750740000
288371024598357900041458346111035465972710912573780690823559460969164837117337359585483208327408071031810442568123840178581344911829032960376032926980221692491716789633777211643290908179800274094849222160696822233071838720000
-570423781196536268624049147724421795695048306050842790837564361993503238129997711227068972318891544001176973072142828218066262642079705721032479957013382854186308943648149867890250446583644760959734564221154376948808454459392
1109100061141044240272767047686805136593535943208618272422676471918411448414692089094263625543072052947536374425007046032983434478537465010535388780055592153342362314631998006304687625801903301365021091616467129870636479699776
-2119677173252259053475435761762183840963259746548438158297671606374760939507475145536692348284063939807645964400309517738353702301459692856644208343893152675839444080200162170113733971556352266884695900301189613489238699672000
3981921012245122423395339494384710964970749277697356368573330829801343615688830976592094703000488754492838271717788868065484546174185106641442471929949515442051625793886935120728741509501138963671793333730804374286058812160000
-7352529348255615553051979354773030018431523345601220150242001556865793587434796263166508502032330956651159160751522823924292693901667034868688897562235984585315699786015815441080944225417929668478334290550094541240476186880000
13344386907247630153755203517841767197649607988109078694902180850306670559120856773433437220787320665892430965704708275865558875684988528346246355933633482640583469451138086765349501365169010377320986716713202450713116101644800
-23805317420721994111166184157785977239163518807394734170695893148392074341036605488531191706433667521649258048554081553261831365698781617232064826465289265466976579015685211221492656154713606833789274646221717616282367581222400
41740515511276820975019079093231782334579675532347728554341790667148040023167674398438945003914606015499000949765156883632627874646336080450378128278710316940043464232308811367718073586093656711341657754273558723393307243008000
-71935675975196085955783276594280877823770968776298162187997146775193321088629768816802642984291304194945350408065216325923650087647086711552855375604101822753579042018803280124454257129845483504884701761411163119849643988480000
121850400101179854010877225488209468969683882247848151144767851289691238710737830284321773684520844546660147542584003599334519294257594775937297674862477295937861853192767323622908871038586329986948484068212647170284067327840000
-202860889623524525980592357373051492547074300265891593983279105876853676858995787633904173638285265198660293552341678337077620887290094747644449502293326335872707977591546803001014596432654799016109208874293306738221062739897600
331932860440758364166648519082370762229875765679604328598839855054830990277316266226732785909239573718515490155247939857361832673942585370408630981206515701846521366501973679739895776241754042742048505490692435768216496692684800
-533794057790787457717163186553722434556237344018775184270518437730802160148842695852335446126743327749169795787136260627376895548032865918525818960454928951166436816758800362611828733362550790517289533766166865664607357702912000
843643505777314038820754176122989338906502321098030268032796512325786800189971508327055738474419485289402014278786541383127925116373808573134117449383553961412323466052132985952262139136263217471021767660086043346111560697280000
-1310374083341527807617141288145119607249222258096974142976502586528138322973606259525490146910114954853220569363397264230007185387636628903535741956948230017105902490606939740197344986582046753868724300413889699139786336389440000
2000189847325527654042519488696639081381195105545032220902415471691039727122925189055196926740581010311132029202233873909427034448762570612200374648079647281512566505329773059385997178410446103190642211911550636603844495302041600
-3000367013382167424472157944682058618196407438412894334706912690368925385470459557596215603246205274725366027083518661274240717253902967342217622923353596068808754608458133579912281011873436641125558887158679462922402958153932800
4422741523089924529237659036296198603320116650481680722330013986399940468925368173822112518456998552207475854810069554406527793391305535085072309832222070594050231266916638963010887320562135066155676810118344238693667988988843000
-6406320139555877418857362433981083938955056347196947122696338281194361942625795050030123786768701358005701085835252028457252734098308414870602606163857870517382486187722818203153169893981851794529505283093110241851240472117185000
9118231407049878881213497472194141365765343246005050044335143188623115648383956563928517138102502772495732696514581269539752217562391996168254873179549856729597858967582525388099399640791259350870351232987876751926008332723280000
-12752095410795674136069758897404661241026566429435964662924354493827446865625520739333454645290019590757411415330675012040880556942812464542580562809080390033485458041737570482938539736953014622483482135938521966881609391870908800
17522844974622085753197897560292515035175718155900294216640223475118785535783006788523906804861764737528692049991557489994117108493783433420286931215268003672626779443649595758365254988397431692306800681797238067152915362819698400
-23657127533441319875255838662978338150120635748882885812076181014168073594974120453624419517141182803545976963057735439929958666792027184262823926435207478997842771237342383719228723623826520485413559270343639066414414193484452000
31378701962528023505593909052006774405832901207578564999182772490989180362683763483023921408308884445066595298413484411701812332241235934641027552663778923270274056329502192465051872983343002378367132998109101914436015153076000000
-40888744157277179792408335365538889918542339865525534447433868055163118968096013914155789410190736699042234215904422517033625963502045350755812853213529551716268582328004384681550258871226710227794226511992727105139811872028000000
52341681395730517852261910101426332984726049261859236646160094497414308591059707411510826023985162048443964019779251264054744595878968253502516033398639179151995412238078412830852486381057311762599389358001889967289473177383042800
-65818035195844100355151155141772777768447253301904279580576502580434620909175671781069391710515041398655941786016318951703502133720433261124435584385313883776610057373111992451815521041975560245423053329238633103344152516784008400
81296661451586674294177487970428095273251190236642870573008914078372338344830258253256968488627538635728346878130145945639067433082781990997734375380350449523114079296266160660021131764424277922981126551162315175192267592537840000
-98629585509769122796898820914886374898352138025211975886276800197729259519759973825416344477879438814172600698199826410546850841247632450191262347961382725227695124715883100832288007050944982279585561938541579440989527003541200000
117523161434506710429945663483453132412040701182098506830274268747717188606926604720654212081148731543569562750440527490537227016430882303443010316001274667882327610640407804788338564341653685632451192940417143438095652274404100000
-137529364811126841457092154299886772133057695263162937951363670737512995086259214599810910075878964154222665710979528886546824210376070453325967979312949122945508377482084840730177329107868806798770189592308737588152435055393676000
158050524627887496563754128119918892058274994876848198652373067549416385718887015213582299523528733242368059227850166479854734732105292767174116467507161439056615905199507812063561315532391035205071745829901793635097981732053888000
-178359661097843587862968350842229177471536964159490178203353629754534045868906663414613458737898945038033734835414940841872055309831067977238778076181679651464040283225330818743343074810818654048898323638939093823080186390661760000
197636884084472577712433032992244516641676268070588922500665056639061625345677363260368186295647083605846367603776633320066252116154340764349736986227573097521867861913423618957005062093903621373525000814782270661022192482625850000
-215020206550820501147591745310099039957015207699425319108974279129555770731041536004726936593210694677334239775515142631109830345367613748407604010816898796124899301795096967644828450948663762242943811124308002303604717230645550000
229666934452831040500139718165235945082431844523213837444651347939197166088775068298563664881782234967826576652740709262943252802453425805101854406474358296885878837001275454964671187153874327816136627646244991848276566903227392000
-240819871545147491378630813843078763376455286221719897878049883781710682700799319722868928543299568181376161314433515206800832653734940294682731054051851224669784635289650772986135644525152517810487324822210978065476853007420416000
247871289998187142915082356897045736778987663328069652808797339438900324442394458223120252634679557317338492844555322478342081669672889329655196212184910948140446716547242006905007006847044221117682975397727835646781755520720640000
-250417257974980883323696793589810032076195189416607651402746942916572910375303621253647133053638773383592537184645753836205543726541402332534239643489946732526998065924812920419030530953608672770592236490882658794997504117177600000
248295633900950562275360817611278145176781185278830470672022298540390923100746502617818346966975924137526638319512498694087285560633941765999536067158518238068519699919510548746338945531082684364727318424709576612875505872844800000
-241602797560429536843341356740674520106142583724316186919564974928031224016192037668942161778855815939033221524572259140321298371698303227536898491394764560953681937970355110266340279741321104597967983892374516959881609056888832000
230686758953232489010999030351585402128095846616744630806172421619811706264431646392233269524272738521348850147390367802276946156173182702767355838362782314415394010903278880575808615867549137680690109448677554473782705767024256000
-216117275185751475986328489115508717850898262301125302894822493146127406015319970281666008729497161967111311012171124372941610135691561828294971284363102673669755288729812648741782520100170532582633824849294109359105609907032960000
198636532701658624507255879230818550537144097662510588974956790266451584352099492927850586257563252982144223234821031744173249952171690528152603857019197137991223613578785802900451571373946823988078559662847544331405879991987200000
-179096340435308352610814328007720576736884598219802451972312013542089736705611608863014593138921368376532237554333017987808507906043669095909239769585311854176403384457943630758829617833731208892985574852495076406308969131033600000
158389251156878899280026787108315528236479511202488102359976103877182005990640481524224724064429550660931526782555175660127177115915149007878080559862183648887743191494583040723159978548657658377176746817896678729248948650511616000
-137381377260065535312540176947023417265862319220961968024317022349031783128549839659522368205839951160890282121360842457975217627843685784908972518118828154989280825971725012881702384702540578240255902324820478716798861851346688000
116853894463557082223473829592143934173057146776696812344358606786612538526678217647252205080529396004068675970445712925864806488093647189825990746683330822521521228486622687687707247113272076938388268514253600921358012515389440000
-97458530693881437093417866483021369217710896309266228799740055429925295811176156305571903833074397218298142650651248639631660582229363494098674138202882540651935348619169417680783005369562215025833084048114140606352904121856000000
79690062924676490773851008969734549112409172787320129846853774596998067533102187119439653827793693580044965654315199082964121698973738947621978685869496669281481255643082008701513973698628797793364950819635422528648097702318000000
-63876406191021181612090866034229299129529912543934094796157616185117720146681553602365268398578573664881869852571979527656317914521587214924489345064657883314039069091172836169851566196872256506804075838221941941531084576046659200
50184674360429516323321761144599289597262438925581238859351022442564098090023443162262383316981772339736464747513673633130878010688430021154552205316676943018751659575741709801546786129455907062123775456891105141940624987618457600
-38639930044247725749146905109976456262908018094130211177099338535751335980160300170054921657731603904190732186877389458255886686604891635570394510779156547075801434020989197080796614327585691798594205035070632003463958089304320000
29152394127719986993720021899301258360865890844332619312977763492077704623381943918697176581568049883086344189930194185764771388285700406799608970313144809485859730730670904691998368996766521089967388455591531763155133045985600000
-21548678583032548117647817716721928983853178368049147087754944532777942150534015219398155180704454865812550482146872050929612961692542187768601714617349635783077758668084061680287042150639016361442494969662945896058092375460800000
15603035622768973971614026650686517349669416714740161248570234317268928093271359526726407108538817375804989294294022439296935631090191606054603404096464280700094715841631226816667577741740583794115185771606228347875409647441408000
-11065491221537195367549139081762520868490840440319932574907580016649014183273702864824636423763319014872064051722581870098272803870731825639031439088894469266574545671836182163436801118432730131007683048572824710343680352469504000
7684825762876418750724338935721667472952356117329798596351912548720647855431982258604802867127542820598947574565065961360609345434898105722112722821471374501793930536809536438563979373644014794460968942398413118174917723976480000
-5225466356657573323932821967841834529352838071639365528639887486157835207560861778194409509108903152064140980955062903417393836444385852985536502108246896972383410005089871569371130405387257200123904815130826138949457307752800000
3478300054194156485329525441666651781098915955057191810721503015112148032091063812032103108116029331697600454267114703480114883313700335481350617810676143269220369052989912319388541182985513010996348942616121541245339687942400000
-2266106974193781008341711106667713253637988178306975177147106509383793101794556539485795160288032943868682059648284652177656014246149830154522659632599673312508459178950186606415216355321607471663877566435227468220300165368576000
1444716432772062195565165864255191794925626332866347216858292479445556690938687044025811809672282996460951640584445766832882249243254240324741284800243270611543923594623729280748913788149232226799787500520361550947400500429248000
-901131232925086774228232406740028210137608263846115735416871886937190953498137773281424215347761839822846066831812164022682077342260184617445760347816820414738403089562612034236646452096500757818913548055526481465615847398720000
549803958228426645669933478866876896800292027373097941812144135522726490941593839499435436805639594383828120713710691134522501817465432885723562559504083636984662290362330907125529648055488069172757083200321220243126962892800000
-328057427361206305288218741972650431078663769348528512294660607675304826434452177511935330135092423021025784532578237179634992900066076382488334985654622338533083189062154449459208119512529540127362610366004589372498665574400000
191389614393159317411550392452238629964712105992846391096350261463905267144155051616511715865618850402752612212374289621257887177323271367311423764894755712917807768841052745132417181390608379625692589561444760785997311770176000
-109147538739770597452226780688960247590798352073846025589855713752671857640465001888633418236891465055532356094255842618497012740388056636412187967917373899880796589716468209518104962022023060180468925191434975491375647075008000
60832177864662801394042109857381027275521791743909812773254738352694649159633523352998339786424038990037840702761264651795343484841646209488658822362254697290301220687547338956883852885711916609017582785472945837690409134080000
-33126025491341637941801284398788919914721726253203611064099410857608027972158985646084804413833680057658330671091609762713666103661080354724175251622521969743257900238921652934996363859507640748581015334161164006349558937600000
17620178971711350953052994395674004230371668015762764632791926616479626273554332797638631855974284131717347750808403284829622046673258073659721544416521528786439988994325633316740541029005777466172796183858770185317754508800000
-9152512455793223013165169716996581056205884832377629962279374926700845773980017364391085425029940940321785681340361616288259655030829045874826456199295705889752809943424888316245786401388940201879243852003874978892499255808000
4641289943872404452178146742600156643744566622645328645026595573907653432346797092974314718806907719885566775546516909257950166792023295654152195912551831289985032578885302608383744680511332489180881673116116652658024607744000
-2297099605881546205207742151040202754640580720398231382854628880233106515263510928262378221809480217704677814545838779115274882169600278848647339828213911813029193376705760006886642472881700806615691490103773907571162501120000
1109258882262648320347781313181159303668464610364000261296541326465323613152417315449281887157608650914232100221309374019960718009188480128200214504714379241138251874482327526738639461573011738366383280048160852218774816000000
-522470397876100690297192911224486623522687892396250054525618882869096393201561956469498539550388629742235125607053074135980272060488237047528763474479024805712171892235728629592240257355795258068635843409726316790775648000000
239951844810169507428650005180602624665523732213471385041653830621992685927322150376007777268069683649937872726797623039986843667588069699396250028343134848370594911915749673341050629554251953401633971987724547154598787203072
-107416737499106531928226791576459672440782937090149894006916762988397957511916741116086210413983417532724842851920975263833097124759707460708122721057783719759938545431975493043565195874963379022337469436513633170920296431616
46854428519860968354936415448915547471177994416054926681651460298227252190099737479774313877351673369496065554897502752711274728455591721176854991391103064962054322695668322582935813897336948836589000746274685670737153740800
-19906672242928635573317749349829841326667899172688430238052640453846960947831748047344318234851017158265954830811879381961647834528735284997493656999500817879408634812427940330936891045604185717805900346747177378426422784000
8234690136079103264007441481930975344505438854248695303384414229528608310740493705244050546402503966764861468855902984465752021326537406008015232159505825338918371347790887090830859759208328297427054815146454675978739712000
-3315278017261281727773176632917662492023189292816249048016925491962005951047679887882875805525123434770277714620202756329548976029333683227740573051960061538601215586525453797014395657613453694707310542187143974816569425920
1298470400193215627876005520839394544147510113037223519355750175898449230216855581087915896243574040583549322187368230430097398631606094071802444902003644707837158228682485169399498103937105246517139388990167412499873413460
-494527137683543113737087902568017225969062618562754282871714873423147820347090828661547099426291162483598286115206102082833957555421751977716399968355337440773421478637192303233120483346271442052697865676204957856051048700
183059141165231992105069495812690710412200332332586165644478313820478972017191244790284846611739292163870286789836523576122659608280631703787814662884975580503832480524313718401299331615469748395205748005854368150548312000
-65829902093422747805646776993329527098187394595473771617026436163614350441566231840253445160551973656758887438040972230986522528444025560001691285353144197738464705768966172671763148679357444589936766881012878801682696000
22985932085993351171664001836546599964875965414668090314323846142099898340572919176883762123811668434824508566383418765387660913630070699974555045850231000642288770931518898516927475760762620149421116057092130047853821840
-7788850286122994746047770208790316745045315096178616413815671239384212700862358059335709709251842199630864656094720502656205529415641607837710164609457908542533898495504333971407303518528553029302089252152165087045254320
2559822598550998797722127147460951368921133800037724874653014730500959130170951544470217514141389779495255326634474892779033808397192393695279140399588753812708536071012437713346377940941730615072768683767741453932476800
-815476455624214004941622283021325498621885285081919177853940053876572372498039834064410977809503155910566165802464315840709132241786557490718036384868050575590692251221776590865668694482369762511073717226245614905552000
251653862597072928407432450402069972801301490925475173285160449362622224915172187084730132442705375879884887139569021250889176082649582164117933978502956149274056028169162805847377213626704672464534169968177380127821000
-75179015783894524244350663965610907218205823825212440873611691949853352175085757391962313257607918555843432499836504048734838377186266774240372188465838619517556730722119850535736939333209502650529901769489402032062040
21726221306307242237385979659234719752358424523403584020911468666835340399063734060020993011074208810982623491388106094020718739565616809877143005677956188759893154358724443209830246699721124854401540948930398732992320
-6069347266971183901549212149331025037077501779847976206377588386707988666517334565014491377569370708955364036962141885317827626961372143931087586557203741098251794372960727272423085791986789006374148718567365102155200
1637669163982812764702936782329517504156855431241002713293574055112508637184032410753798770568255796663440563548762387745871845212065495508249017424239926800012805955502045201319327838169747869006613418437228999774000
-426453477106841267054040681989401726493934949639643096786816322611420520037848049582424651867962631480068138070912918178237768678306686362293725008291109032388182897134161188049641304772357472888594914990294579162000
107075506789624452018616744075912334729012144282634118567707626461995078172465990391724291190551275810852773652263238056714185430558650029841211831985740188324187925228308455227169196742842677417734448888646803525120
-25898098161845551411428074577149423371024941366436048639291275566024680676699845962448749124028299073108724260088396094843671461486271979957645535485120068697356382890081059492656778117715097547299424239989013916160
6027860758366408889824711345946597513638752842912369668693173730089546405341308221688033357425488079029685225977538126530168990143728420940617648695039029830348141670728750060331284050430552278391220877657477557800
-1348663985103246632020113803937521146666749904809721909933833433284267685183838701668450619692603063476230744316647858684412348356299848638580945564676512799327178177077404865971959392195379774881906481167578235000
289723117264440855682513658558052387626423124097863431235186552453629245386607578727006920912173027435460725722453202952504160507890723518075463397984746102982960328732276435590545062034832503187375296076918080000
-59683919918845938389128995526292868057283250913330438283807884967604496051278802895709630689464378107993952344199648909713220714742870501660795296227495663317309606100100953257059193671942552954130508926708188672
11774442718709524812432138006316021071792332161383241789133912194039597335888178033983463689367657453882234769857072093771926602882218256392543999576071266912577829768855244769311667224610805054015349823442694016
-2221259997567026439285735479954442323165869593452572363744000039212333947229618228334927301328009509376446301837390276914186781747710894984713399025969732285831485955820871743875019654579642679519766824725110400
400082024301705502236652319768203472108960518876608448104607429038813836569487678412377568895060974723359718979044467867158532192020801953667130511380087384436290622962405344893383799903584520714703615239552000
-68682263726618242653465204057790919923845266809883206690842474714426450046608648997631087128180519330792974457123767989990358110532675280467284143620612629825184049468103218404315048857435027174761172267136000
11216935009638009935395006030050445646746362196858986970274834773514238091795626808235566831495196039687158736594550068161180424072198651672233497129060256534204803180989714393480228132278036836041352674852160
-1739199545636430081167171880116862831690527125747452254620316385711108230111749585405808496827493130961992431860375077373606361772469042849294648058548963675083514714160877817142366902945504805963124590598080
255443019629715599668434278453862455034270872047812513630668670905710780741728725385290519125611384860370097129535497506711462017786308793317256291482469389429297468203297783112303775293037273447629586265600
-35451175107496521249043526639297296603852223686291951316721176155489209853342091706195658830565627523417867991793967396110550766368600210237626936031510535323285861467612966316139001141006995896694962496000
4636220430394184017740913496718258834772778906008325511912008605535858281256848632673971054165917465743548794602295775815489107861237787859384161392337496610171831813632979179510937612023182314004394768000
-569588718681484300560622662773179500304063535894824010875591675895873558493839242911093347485647157779684498877640006732690253091379401477978387768964430639247826527155967980699780196126553848094181045120
65512869398936430872834099605971841396408500974356989269861197208034359116705457446666905632854521741787761815257924389226244572884950475632312975333969429483636754456004532769616265895136908930388469760
-7026990750641665757281128458749787161884557371200864405288684788366783168377577930305116139157567769290568971795259891206811674312405607112038329190297562304846856531204701368470658975871196571525478400
699784717403310174999302192675458646281424140216521267212631852236564778293774036751546336196005856654370415063522939590184515212920407922760375664446588838710877639705715100592781191414642212586811000
-64372385194258115617864234699363618483736804747111898755937435144856110339089162298848559056930747915799953292382116412296160610874720059273332050980509596961430932410519619231742171353775650666353000
5437591253507843678350862346067528486426471592431426025709625912830651698559921628668491837579500989225242190119887693138548453979239135565728310227889895086967958904213214922976175806150085877928320
-418859103537176749375688467110668134728686177506526752939902573533547561196801747544367358162174336069676253305369887251482051054033099293764194655430684399715307990365994744305967038456289016210560
29180229346627297467765874163039133987244275361099278856997341044160167403699127186310073506794374604216045982289091882550705846089282813437785187807964267854064194299751463468491323517901538237600
-1820174121436349613156661768256759688542593327338543702072484959539164072345732927380522121735650689065416326749968980780894708218011968292692281572431229884547446801653706937457291726617231852000
100404810622987122906323329527606902158488187615694576003998429902849903939845140887481251751996650532924997060760008565450807172746090342213392550989773984098318135386700850083256593925111776000
-4821507654047264425458491170305880426547798173467252319686405499155527130877481686512888837363906952911158433977777371962297307381854772078250703482749387871839948150313391008307145142350383360
197447606176058993317944968031609511624058389408332967985696938127397180259181020489502432757278329837532373780043202275848278155657584484760357972243708953663277642934218030243403451090590480
-6704027712561038952796712118430891261821978213991284779525471660392415228335511754651563741886299559720770663665038610755881974358562794407115737927761433824456875608928601396444731671556400
181181776836026456991938528492344252830646679356550194482918922401488632809391786531730023203089038143888221170173558238526606216618065701737284030298493774815284237888255521727257285840000
-3653994291287073991973973074928655024593192054673437664597742945715193397784514615235950736962333036246020321582789068400392288772635344797399616409527681748436342780422195564638481520000
48882323630107078737074039802378896106780035931409099424174250073789920565917284408267607636696099729335649635396422648378581285358366168178545979523014764723526185640314705109163686112
-325339026599646455099343782086670945711287531778232988077141232375970707842607945808383653656446928144163935609364608083490077538560223390599035613871567677269415237592408110074123936
