-385
57066240
-2114603789760
34824235033674240
-322579065631614089760
1912248701064208324097280
-7871506187833443537212550720
23803434712008333256530753377280
-55105323286966666619075827361424720
100784234728696171106374930476924737280
-149286647691881203451317865768944767096000
182726856774862593024413067701188394925504000
-187905386653322414150334107487914435478913596000
164618461102629013902022879397814554196840422304000
-124328092747760562749502779665199442057163728945096000
81780256562971392386339606179775632997601030594996480000
-47269307747524663906305801510996955621179792562933727145000
24196651594940514462433408485573860300259009662941743456480000
-11045398047973138979964085026002652815643851198020823453570520000
4524146085777008925577311546495446692333413887933936396506236480000
-1671954737824965861058665198401723518235467269959585369533836019140000
560290609920010781883659359819955347888685476244234386057116603747360000
-171028708678083291169987019585041369943021241623552546343934843293881640000
47750956818370869135429873052234915264847760496847290897568621200629759360000
-12240244832075764682251884247030265631839421856942718148845675957728790520390000
2890656219543012587360604983778667531615197865735592318031394834177231169295302400
-630937033339278053627914060283370733169069274987309039842032953236710476033065937600
127655265664485810422363254095412962495891689689339004308011649479563578015052254502400
-24007168399027362722555689473318600259383630892201316497675440830250425390455764612357600
4207220579455706096909807059852067277799045250197620488339354543787905702433926767690502400
-688698635409235445252485916769673124113049268317071598271772675737281341790086956722225851200
105536436883356554224414241464275903173136407335530938447340615317143599914022232668826085068800
-15170965864909148572644531990022341038075051070505361006237290932909038135687486983480340379113700
2049766054636613851592861211096351855811029122414946553731616197157487819221776019101343766778028800
-260775989523661040259438153507551359067709551906958282621760434688369010454262437156760836017541451200
31293118742839324831132578420906163088125146228834993914611252162604281254511492458811300322104974144000
-3547736607844628980025832264510279040412916365938654954382651750771052808984659780463491932890865544756000
380574439212294253828103449990446704717954160581656035048077944128001264657597660131297714606735537210144000
-38684970056800389799960424164160497067317195044554054349301889693249413869603076282362887706157374575652456000
3731255652342435493236945474410914899252926878248690328244565697277095340122452138677031609496457251641366144000
-341934600015443502622416956365937748189350252202008887111787153352033815153409090520949849839011277826197069290000
29808723393612821325579696879054123361487295275842468978530479833920549320547996288698438307440849909436182820960000
-2474952061764131192837714276985910409096820154985920549356322339544125608864387802969989780581686121647354179218040000
195929466194043519460688623584688816680344049219155817378356429839432628514404342372923322943442340585318072113152960000
-14804920289287413439248284119618048710408497219122461450652057729742127992119678120554018589913861860478096824050120540000
1068878689527812269045974883105263566153936935029977216832262143253481043184146637641974082886620545186122348482038332320000
-73805669398969339706067270413812360296401498884827476925399333406721579271546541152755761472817221756426819572004791444680000
4878591499755503443422869423604900679510801838463996772629746069133480361663259281557621216484780195557455177286487835032320000
-308979579095409209187373493559831038218270709666017740042927593816851817645080059732712519761577956126709816373620482367947555000
18765780150774240949829051363960350402807625142164669272811275902019408353301188933970458343070530559858947214854990929122692320000
-1093857324988630504965535404005248824979656469536778571912169272328711312913926302961138016817581226334178033153897421258561735332800
61242552516010891447559064849235046093363127151028005673255570208995100435131720085510481569028623031022046097655962350387079640947200
-3295886643743498866250089747013880600056322346947021602654520648070701187285799940297178546008363258911745255242970893931463837437232800
170621093694056472458035973888134731697326511357653290627130571221021389765166210081258282465771502904204467083094288185097096968591187200
-8502325275579441686009859166567547917766398504413320304436802528654114240530362421364046559265703468966751339978514376504895083473599732800
408111613227813200928473239995242300052787128211839374612966521375397483545457396225474234844753766510404064318968690072234964006732787174400
-18881538855743045124206394744154882038379729478675881066078029215508624199657802347244206396489310978707913038257285801623245756623996606615600
842526924330625949500445147561895407324142708802866892408657544951547646035576963094514024788376222976041366769587031817830617670766553413574400
-36281002611610822137510102414079586979899713715782431896911575689425131852663410954469202183373652805152297393462885557717824347920604546386385600
1508605987364262234838196571049564992191497892007242838979192505484099765837952529501203734797539787885367461625794859858175457459184138024174374400
-60606150256265673809298383080012038054359828508763193218712698918232757953976079049753219484748386617478130316008494890830173759731807211596171916000
2353622987538676411754596492500419120399680908043621734178140243074524712545380093255990117824262526141375905182609928971922447991476772186104065184000
-88402299834500946671576585895864467487623914980292962955872545898892547482313871811756792196041843857132672884019355919587704204853644080385507553416000
3213041613737910950631129245400308546710676613604722011630725618843699503554716526096444397841323312535785049019172639842792607149248495958702891817984000
-113059686217390470557498541750561784797085720127498774124591028495684464293905697800233016263787130789177285969258870460913538983353036248542941673543509750
3853395222557213671072139647829798109060436378310017390281919077722736771200572895439894518813099842282018740727402922218118251740316501725487242837932640000
-127269081100570195969577056701934165324246079272516963251255605094787056137707810352167627301910436457592230075691168736592850036645453348655675881508386360000
4075105511488428979256655785722701979738434941036867504986071653799133949879610120022090906185653485112157893107495172537961660251118485747910944197925912640000
-126554763528384491749618301791861100128118294975742908863214722222579894969001274404258710255009953744721233911792693397842524302275273717968373593807603585860000
3813495609081317522446385223328620220285730533585377163863103740588154180179121787677498762450062592739484793514267373582877527095488315201557393249740399252640000
-111544746565628537531556767782362141443357618107372282042995784412203509770239312289566838801664330837629930210292320677299167667543033219645553752554906678139720000
3168304501537979868660667375153687931050529099600474674081394246236252200543928921021491419753522227069074375566454204296449915355977319682945639457611933704177280000
-87422346490064463424593079091311472867553767927459779678872822989174334687114995523116349184599454645483693625656091017895156701858478353543253706338014777966670970000
2344211601434462669454053786795279457099261253849182337585327625044296440129477275337067711218338088012955129354804425237970784775524324039766707003354655603739053280000
-61109178578007324982084865597377528711004829204842390341119052802674994983937682903048042130881399511643778626783962180112324973689065327310565678966741003063941949720000
1549185576039794585323609214966406327855873536819648864469969231939814095059469081239937921397988901397404947943003201223825340666321905008797629479227958584340999472012800
-38206360131802752577001871375129780989740534876458130383463062174618174866192228385309542410876405992929178917855412571179483371291012646571712867328002678736286536320767200
916952643163266061848044913003114743753772837034995129203113492190836196788613481247429017861033743830300294028529901708307600910984303517721108815872064289670876871698412800
-21422841165659073191509360943322770018393330839742150338602852546597246523295580019393623936190860845131938542654383425167743376247241927401774511537947253484238676762012507200
487373927265652595421128842201047937556731082510807478557312516580045417459317358351800080268566445479124044550591247594779182107528985390196050672360824040811752007911806412800
-10800282380382996772750249694556816209997404027671136038498569947494522082994950679413132247513974395324494940373063076582743359750046617650711701032433417123144801331576866327400
233197866656695146290945187125391984693350441118122819045551198451739670227922068746895590110016715247561233231673465581621361883193202871950986498256157232637278636768252582137600
-4907455581467730501980225300926545393529711595576367789673489014295005216674777015133026903057328260595651704865411518926978632931844348540145232077594364154581731764031009611102400
100682267682148810890967792586987112750749792142891786604919762421889803644062459603838218953478087826904779991124662859495347955299049621900125783265913347677741855218621973348057600
-2014344536057435584561654239188262998853542716414383591727596080121281418739888514712902144478960909925782438572431622904209010133448346949265710983257613574024821422811457675109402400
39311083679459988570684186536407623922262909759782434108455508276415319036999900425538989947617091806164058662797627519653075491877677082331690691853193565942906549566285886808363424000
-748531720321075004113153502668435542096858209648512765421806486622403050927752701058441105372223826659042484778681325847109649600546428586761718285964493874820657986596873330629395976000
13910090851298867192302776994494843388713923680317242903047907673716570687183773803682929332439624066924861902368899533406137518062420195441875577649705621674828176742339782691638039424000
-252337741849343512660367563915758018348388521763254984538103450143514665122193146657435639921287555339058822947660818098195713413601091357937774150801691043194929893716507620390496308926000
4469636981748553490758769181623092160882755101309396206367133754442075694395175766775009471470310461342167541326676356829851202472148405742217076689064570145741881556369257059874787795424000
-77321960749076056529947226120362443091814328218639400421875878684098253910756049915968913850589784369823608238074138827257148116840715475880020724821626282922479154702005203149994399979480000
1306695384019888860648102235501509689172909594038071760975606565217660432953368512189391822232452213965776480046980712962404822613592209462209107633671980260512428791887141184593988203203520000
-21576684022448450738780649401692638902232398130004128944436643331921720199668683439520509270679318747172836321815462124803716967544690546626631272683084786529947726888343423806715546463601980000
348200630028588849614527450675297926629435680586594554462792106566806106901255192479421274362855427616533217996729672971627193833046332262222070356805901510545032249759211668545049036097087520000
-5492908286448050153793500093048789349813310330611682701676565068157598057362953828034636941168408239026816288291778223839083626210332187381040308393483228344653859241929238939206183804044469480000
84721643598179344200338527750957504431469562107606230700651286148203617682539963752068860078741543143770950396699781579878165182102852131129175726135497549648289995177457070397507012246314698240000
-1277893983825880258023530642809554224556657157011310169647008966598918911722243687197411042826148347533903650574526902955434447026794202679702212295395982951286799472615356976875765219764318564197500
18853452147813093197767502360745146055484846413825277129314400755382668471637260036347732099155554151479048693607559417649228206873362104281596588585151319945353210287020235317460540413094233798240000
-272124572072261431920838082543612337709013420942406678565461427229477393399294942055243541369954401502725656909264212206784013251248680576595085454629556551660225672969286967923958514431855037832760000
3843339635193420717499244029998673016532238932816212842949232996920026395664116218656772979348491794063187055607385910673591495795413463945984910618471761667892569998479806065493932598889409423218240000
-53124562107461057867633300604656657771016872648852102021665773099927064854067246432383244507044527823438403076133091750285718450632102605393376427023825925654445048803987119340289883348148861752434122400
718798604089815219206177696564761350082034391773861634098460608405483109441993689009240754812304078845433011095009690789279090621512139006647915690965253363643674484474219994100987242353190716059010617600
-9521870666499656221281681691489040179705503835896326823633596646583245638831700520275141298441614806858556614967832621517611836653923924455519260711699556308221343822060887524701284383733092817951643822400
123514162846735478419068706537464016718856877734066256212759075889923643306010302460004132804820554553741834963277712700798159158541464302749621885389880869159410731587965981487349604274843368954211840537600
-1569152884856423387027164561446596992725721589548845247775426392285365930384205773920738524831507727503246283327387872088015370914943053659072003850733925698070032287053514936223670652163642056641022078072400
19527235900435491038560270098002095909475646447718963083427528437328998244781227408791412753458762831151509303629715741539746838052624667757340492364688853131538179572221519206339012560258656704866052527123200
-238075517867991943919662944148737016424275483377231491085408837050664127852824453675945785126696552285209514773489776585776822676930491332450188386307080927521919159969655900191987806302712097129129198080996800
2844180018509255491445175897361136707000323479291135856817004026241736112428851207614740213685828250097110367076499055139855943616022786486785480542015660838740327978339562879261011808442636893784066311182323200
-33299388503741635731073788213265962778178255714632784957371989611419558063219851660071719677739231109526019276263184796721010589518834683249478052837637230778396598855455165153872002192449840265093096666784056800
382137179206645028374507581865965358894700454267813520093251961247318258107200358113022350622142725898259033095095334393075453902647588254605406584975575338208038538367829226305826468052132061367212622837808723200
-4299043266074756569213210295992110287565380110512902101049084564032330403706004028771501444499105666355414122319822511922098856404785367864310824080975222554840433556638078795940547765586485690381142006925348136000
47419623085189815500556134410073188582199936574883974283010696257629237171111173729905213238633751844847512448644846900435104535414004596561261118083017339996188156974380444824568152222568440164398889969091998464000
-512909907511291402816562250708955699937936032718178612459596163817872491120339218976982560381940854915557663946474926044159392416255385655773953265515136775193144557273669733278239115251140667246955180954748999011000
5441046631047810185599518852849268015568412816028945268175037823331015440300467479500834027652610262623680705422014847070064582906749903625069826418170441461395770158200501792696151428887031891503137363255265127264000
-56616443126343822990800041162815763656302008056231012593878284842353792472791006216175614398694585503565536943175873018962585678816319076432330529139948494027630701963934722755040617234300125858423958332998326246136000
577937226620522956805898340792448249043536566169465913056602529581683325809208759106518559079302007030725707926559006242718265908521971668685415609368094267956910757287802462905896659858640226154044187142137923873600000
-5788348847682911590797719492438871735682846275720329342800629184690389427465907792510879881729968206415269985995424398953990634529250713422790188485354391825080626177832925841510462764007809500487097284256746868498900000
56888107281165037167036451869001099264506348641267457700564354444554476734133491911260408778466140888179177648906451671975606984222899699105011381259817259009354015885815655709946060224892589594384697219283051844573600000
-548702218900297734599982944732743222660332313190955245378015898179984974136086045473584039023038005416787685824891221344297327893430023878878349146407262115930426148195987387065603693928705808324867798136091148073691400000
5194634155402126650053817774355659021448682383703991527177340821524009997357548167528463428259626238132633593138070524560544945039531298728758350396436917471230608793993845989659140853248924192307398947060018619825673600000
-48275827489353444371073066920357365871206244444387962925313030238920183187248186355520598492141977869312478514007103329813536615966338614748339322347442394485238626517793502747648230880974811113579004450715763319317414550000
440467054117737211451774098182434148114146230302514967516905664328660183791090890384254055663840855931578316359205306414166482843197006865141872825384928954642177220459867992011600387542117284871001825732150435574598559200000
-3946003591985568228446050122664871791432973158745474891404979722335922975469487396850767269300739288549622700997903437420812482450600113706321047057891145642363783442175440602178097774472820537623236659832751359174452195800000
34714607315679237816990910643545758209568576610244413123566473734154405733563810864647347509739652082014712341332338945532451461712279247396160095129689994078660197040107240557042507858499208293707601723649935547668906699200000
-299935019984434902754255039547633352782451602113316859980013167866069110776419010767269476412682299651637130582313989111279958652251208749826513558655319070197445923294823543233776022794859607349815373399139586860839398158300000
2545368553595908358733709967617035685052997276174452200534383747778608901693002292975355684628587067763653344973749437193966241106464657934527724664172499757323605083449190517299116839846296571813473184814458189935827468530597120
-21219260689081939743641205625103745016444893959713566029763489206018588405780244423847023778338931080338357051771905030434885238359756299633207976289907166186824251019741554281558378346990268643420342815382257935236635779324514880
173785074089216188999691778675287017278957450090044219621032790015390380931858588096750973589401664082607453227779872707565664359003680833055257042345562466651046950381535145041647687155063954784627292736111026363259882193914757120
-1398437375060812473993430407246613503727723948811127927188512211207219434352854499100570380188006884418643142151106335305063766769739031049245492170402911448104289610916258243251701215955248221604006768897803578293368293965326873380
11057747945436088490953160669859887703533972001704432255944546048884728204427979472967336873184225580154001515342297699944805641886265288238923072035953169880857811679755118363081055994246462471698913928168294336046786466746804357120
-85926553191384279353516202660908269388556146338688435858693343779277333221686651141268373661001090196078357929131789671316662776373596980945359315687665682520926160878333782191220099316237673615139637373769304951558830339971839183360
656248340275950654926242502508553197316107613992999309911064880198543464912717163637270446099029595330039852201137980390504463033775952142102591536116089680899869841463664053907701829542764084534389687824468281811730466737257102192640
-4926419832210435124828251008414902821518835630044668430651813440934899205351717040915898279396187448276201946037709422237050864857720862955645148962093701007310828462654311404682122762053666495706078142626737587767226628770659218543360
36354521975093072500117619629964823037468637447199436840045515253879699399049790019390451568729760006115794970206254572962613584434815454054954783476503101062260518073437910199648684316096863004324078038663792060420752739736942266480640
-263748453061561565021041556670521693710626082179172612926926332513235384329183398086209330330076693374732596066707427988709440244527677343744982439780607177115148999159539046769772469212164304227572584206877563372630376400801499894863360
1881333272867105813593163367197136909870035154090120147078212522728153633075107915018228419364058718173675582368832133801493949618030071587755704645897335145402983258751170155285071110978401072679530093108042976046197472269091631623168000
-13195473840602117760144219856353664261490581234048291336521920002216730247902285613505609570484427630295888820562620236047470187607992168955880179931207579534925584730456885438742268066399058864491931198573383825664854664792224712307632000
91013546886301228448890730764778089436598896277636294062591596558525708933477451456230070464949228158537193412262484164194219223559072631698674653587000288575487585745965504894124303628523446340330728607944801349846524880672504787495168000
-617371403083347983210258007294937952715253204160960622941590266489545767997035846280574287583102617241545535716733877694537567397531220417741361606018813499184523304675990857368613299046223866923454308564530423397107956868838208409652032000
4118919483621752933478344711575316073536928680149291865827998121814005883644216589666743334538184347233796684231140405275952103297518991601290434059430108964281444649135858675961064577415995100766055286538079276309756434564500823810247168000
-27030409111267753625951637169713011732586094463479727869496237674404413611415171369688003132906834778721790740266858909623435677889968382383468473515010090078096980509954072560994486289292467848777237817906145250782776601829536656254747040000
174497803278333512970632107082623951401188557307018871972366839096814046604470034418351042406810261196130451726211445093139692603144213171803424262603010663496970920304287786769693493703181554931012816784937694586110592031850010191155336960000
-1108230667805329696713554764189045122018826018512901396729481738820526860851767361517975245073325176504545813256812332378127463521684739287557940611644720719008410683648452601741406392438163712855605650183292308390790940596644721041933327040000
6924802279304308637452744562033323365987457251772922336960548616535363106860747537059064253239238972714795140823632088705932553129580382767225948437259319995697524745164295546975888463992312903997157198778441879648965877337614351599299368960000
-42575044260524064616136812860198030604088297529479074836842369915773384796034425287042970803492348446780310460477624968992603938365020901746280330840941042000939512549973518276832997896697336989665006467740392399429350440581361693240889142040000
257576486560697313634844356519248013928182232853733094851193790881634936792179733484512051662507810817144137482651790537734088987397415396058352346395610013912937264987235744343075259570030975747224200841692171852909078527560009863507305534720000
-1533532291843288392572924678246446153106196237062976793698168174469760189217429996096169073204972966925921624309713646338585827514618999366596426999846147084616107870250755351793738887069481192583246204945501587431077042918657970152366702857280000
8985595106855005003193735529679856824549684980886013684616930981473606188067662380753970261137528676953699494821542091017926934915590690166179517840368353892625901897342294396904810168225712928877796357322394788938555734471229466833822131934720000
-51820186244203391481393164072529638145267565580282237703364469435296174547246858089811097395779481373332189275262601281933690118036538147027116639568716710740978659312188457382734319086031787933198142515217413811792699914816479979908475416733280000
294157342067451385435389942303341071015683963996643787411774419896120224365669926756017915328395719138453935463523898200730208703906881826987313516733838779983833816546968071402266106414038558735794005330289597685571064999992436060897513892094720000
-1643685859174681130393973355381669162375416283265690674326459508508431787038837846284460106873891190608094268273401871168302466191053009675465777417393861360598555848238558256757773610173555457647008947562251540845263206538846623278059552625938163200
9041605859441480904281992637401450507511697377848163990032097600770209572280127978263327241987234274410316017013427318512923491055069193699207037708837667965953829599994427033708477579159160550849456174687418852637002430460431510812128473687806156800
-48965320582547503991718628842811066869389330315691660604086135903132331712831626245164723331227698218857909901520820616328579472139080357723272323630863826764547658993286993805602424826089565758432946937026685174030227713886757750360298076363053763200
261081441062465259439974043216041100532688224729094378656056010033976894146216936281621603114636096410994441551036898032708273544128816007928060077163052646479720646115003179069591706484394687500729065952920788443835999074564891937672304015520992716800
-1370677565577942612059863726884215777796613179827745487944294052678378694267638915478513416351839506157720818142943714671718436106676284041622315405106026394018533392103766690115356459043072109378827596252834139330138995141465682672779596081485211763200
7085875281780664824883874084454509868983948259504931929351980076697383301895556849216706194002017342967280982865915061903326941288207886700082895871557480879796122676349128945362217365791864973354854836820062439325838218379606151423901179326554143641600
-36072567504295068396204728650928039659703828316971010510991430790678916826452113843384636491975506517212092113998822777126120620860239434392939262271177874289820095424482956768243743722492947061306690124868536963578187501513437972294366091616841974918400
180847239316433420103427950333363764411844711270153336642714797816906885705125823372554661005816268139518905232647106312878310756761935508318465750108445656750326914364716859328674139894145337581566616855481127989416937753540695803653234781842787289241600
-892942299526634345271936892566926412640938589804132768303063158696913941631930544573163758621932343660680971714521509823413453861129343562363499712550757895237223433404477038844404068157837223827971589497815226610459908846305868669047483273703084604198400
4342466598354595662557375472479261139817552865190431512450132391235844612159173643131325704679990904593123744569840295230795604268133618722804402858266697467348807317609272776539156431929003585550656188411035766797056407309846474334376558822916499884441600
-20800584633720011450042897160655054580864352347420963445867089237316228342422604218319484942827495495145773405385807273542043397397651757651714449238084131911470605364134260711840392869738049401490203714996221129042540701030075152939567403346099054622252000
98144157364395365934417904183355418211412898788587381400537343546958990439861663759783429900373211258759641625412050954179471304167370107937011843664003767960360361037578666799156182614113745380188182367921678521909606029812982196100491944710516522376448000
-456169884905742689073549396821745056730923518028146523800447557658954603446302606579871306305343113951941771266170834760012425284013106734349361442690856714661359442147724560083366495635276969029901488851602433614580690943553474366046871967220450995122752000
2088742651891039654557255652066175491048109884046527663798684484721208221493597422036238610406218595767150744294376117790058775654029075722609278319545292050090042692382986905096241273401530164639305036987863512507637793572544750554247365578086160046018048000
-9422406945690361029438476762698431222240337749906348710627252745640224282629263891219318648199587150722510137362149018268517295929792301024258667803097514096719764642479752312924667514148358616356418829294337154559755571697028630279457116977380120174870752000
41877364203068271241948785611993027654401501110694883158343345536178774589463395072085860658664831780988933943831773414526743537465743560107816301347100062652087842855465565835220744507326038294917417019085942909154469207542349467908698297677244978554981120000
-183382917006098316972518435586209415518543138972508377697566162088298611951515402088602435760648373718252056541886930837477413845349608421202282089826288919297604438580569544337721440664629326281368478526494471073623190768069667874258771769575245838193170880000
791264179455909034788087721492419815190197108946027757847693416080085401692335954165945810523625181962765946287945272661575605883824822653153494838873258395517821640110130040066838082535007874337364453080577958016261618712267616383405771439047896417398021120000
-3364246485221391017701435468637041887848598471890315935710071486076613105459254777347918906202010539282662851491628424910067115988692692148564077882639947587887404855259910534936955666889295632382301294434610102746223444837401723130140163635813017927444016880000
14095416526295736659858708515772661337751293285959271948839676282688695446646695272454093623884226363667958666044404041820604018335174619700492693384273193801230993823739432591740340426548113600833153674494001727356327940304010356662760146399493329269621541120000
-58198462871980580516873370022303557582255123576023879768003265482070193223914080047944108016262467503276095772517249560216040639717810086358522167407557053644702018616529681453613014581240610914166645751176358343141655068400554872276257940107942612979155376960000
236814264435543838863912351107478078566637379828652416480835147228844426338161926761211372668751870093697307868991909362632788874394990435186293272009191493822414588525329763622197972946695832872035982971101119014410132576128436815530189622304416533727021079040000
-949698524435416325941503016757108799324784524751593812320942492643906557097953932966362846971112446585530770108337923157521521932365334647814258385764010546869425675947594932595362010153087490122066693336749860092909428710264124940214887337067951662314342476960000
3753735061198570272764744591209159762268191725083181583825661168425392431369559906919337744171028700634232616550367301207596844482311123909847823515731878500867572580503748543095357157040650797937786145710319805190644985756604127232037833286303932969532475447040000
-14623771196106162145010201472735142845810904537648176266040854444266303735222890126213138049518716614186388654032873325741010708476817107743514365697485114853310520488103997784038653762577213666467298787831500551672327435097294893740640454428797152524223343456960000
56155281393047662636839173655302948527913873424568996861596881065982606343255898084658450110151871798475732431486233570845481120550977693735095164278342841036712398674319351490708430448296500479234427345272962118421737350773612391964059345006581065693017638874726400
-212556514335403066777723278406205301263861497454716242026903819347410724791464707984507961549754545987199159086367813789645590647710536661051981305412946144392868415294591607791001832439059800642102187881130860518557279269139181280520209005122566611939586297146913600
793099246696392380671222839942921092168289878593843079191067345476552845134637508524275995828788260324926837772033960891008680914002071356581199740737072759901329320255245318533529643614425435087592242157511349585919490486300033035452467421967108642768357744941926400
-2917200457936001276221593895650421884938286540247603405252057174257762439238599604877150890982287989096304084105245860251200690645080021397782148686568589714419291134701001914758745051018455833560885225769427161724928776062488705655367567410158717596795454486595033600
10578072407379182056631492936308124474257042020914689118186230477636898699806418541651224965446963194818045432654532786973736807275302805969848667738219313610064945575796673214454294029759628993053833808894701331351990415968421328231429276613772368067977999565261926400
-37814976437799190176214279918144707321938947286186539108454325465194252836576494678603491716756003458018521982629977162075094620452529243872151911752446049348326306213476841822968166851756451485199392003556443879748280553380938282173002961845376065786220734556989587200
133276409127134266185598901635135083978521980692049771118664577867378566268504269758867970073670375851672739605091043711786536590944441153031169632751882746007605037106098411655541540776264671844176386505254456095090365550977584866543256127301196607549836418146217932800
-463115806271654424955579615297237148321816764268675905854649546465195639296917943289320801335875314904703055225382931477790790609657532941523990336293154689899207444026960309140335916099771766511790431805980351135158681478175069306967616335843950933631014417493292787200
1586671896693975397942709031047323044875988183138666389982951726334936452876203444153110318673982207020395047458554630655911020077926086164970484494160213697043072808918669354997927130389782119576481441180416302900760443073244789393658706677099691072324884893711679692800
-5359938508772249299601538550680862751636988791274401475542302870663998912423160199206848831416135132169056036826188402454096392228625016203967076474261858468723983757183934766710713846158701300621532548037660448560286835829511262941970481567616214799466114142512733187200
17853410956903912933661808466840565483904067851140446112836304667807038013622798033881103485213715268583561379055821121395675345918575656603425762397833509581724883807712741078305957004005608422815331204566641085051064990053010488689105475491840715475212184433789673728000
-58638722211297107259193480005741317359536805580334077678213564085392702117295205162211698113115656499418473116566478731733992192200885457399429585949341653956001179968394931668020221655918409049487896561559222449221513000194633160459427855089096099512454772373311563072000
189916415189529731469221789914788488057184948177137358847086145273105775715530491459619894234865932468704812585142643920079642532526051169985695821621397190667187212631202962080508399549964120658549035230517066479139571516201303246332264610253958301535147636475500425728000
-606551461719366953881202604893935019250313890198716676211462515973671714252625549073487813522122604204387391054308702703217239947772554949048079731791674294921422582305987481966100855862367018562066366168401906440463840321421438200238579715654059162392174070648227805472000
1910345893151805934308972813218758304799342512889236609851190585288820652845031907644345706237028119688989643155957176140722610315618362363531400636754024939834823386796361122900092681838127125676960736245062794495617252919044749118995581655887132835188520804126654377728000
-5933449675059452642226968883162140579657237652568023680874369650291108468150947441679287044648941216624043316865975024232092041042623514681743997130084350315207190366884819692664069029116343600180864890622650023069836135278334972159761207566934758148075149450490335792320000
18174595008082110579562249140102251498950641820360221435695994139473414233849386555275629821475597908786412006246306655732871714982235191595537436345060322952290569895484698657850764222186253097738838473115797378852437408528885258875040606846291428812217579019094654279680000
-54902915437690752936486317992917936989329492831953521573907921098250295206589125872993961928964411315114030691937797186660924670468117761807471908876471967889812015899822903842147324070824743142830262348216371308224454271136751066449202393093800450411169754154334846876070000
163572335998635372704757325715645009941953604030145077993664405804167219545395442371107356413024631805044287633721414818837627217639932259506188154298782601104453227643661482906551623831078597949441090884470993108580553496568286030504622534188235893173775796317524335335680000
-480638247044135594432097138207234190787296926243216973914373285510602844146714225113678165542565123995324761534850078207047357752459944432100378408857159875479338346048593892367749960884662319816950281640524037009374397667977207562638848481064481326129096916222730861952320000
1392934512143688165849233520853049515444053156397173189358683394168795093358787839777181692118098005635365909826179582338372618654071949412688013166497278587187983845747667243627246434963571009699616595313234684508430207048286345125648944184439338386309703620453515870799360000
-3981589594022965790393025918662862199120055004446511629276542712158507403338065751199826750046757181924559953980189341862618671433386783971726833553725001675877897701939441700215126608103778868286786722062447612223714405606134820697167453976184384341479650272240215645996640000
11225478806967889533913353189116332046147026163171416847352990218597110104450972770060559243554742039667542372251189080606052321718040875957908300139513380488233555488556931461020337884312480833117757633053795973590402623200825776015905438023607683710153248323518653794799360000
-31216532114438482932271392664795725844377995595732859813163716626407395691698538474767172464329699314013752090735559758105102289715909966784183266745992456234254424367869738414751001338782547008145369220313179543842446800938098840093613579195279392045827397344105886015784640000
85625731279481976971163550335112015457178237761442543479838780708236583662409081671753474451790340099629549938235384034857923565518572870179165252569800877906862265915898145641875527623643730870755349263586748182377766756018788626709645752039292661336480270930182514648079360000
-231671119193048423942604380875437446821327869543302981702638801053722606671605571598137994313625238932060201051638110929312469446956188721878503986484167500286754218218701920302299474426721069337187441851291895550945845179253334978141285287861311206828514433035475066194709718400
618294268851544596994811384953668653401224133205541959335296801683537198132699664661707163161117986253074407024376319220865515844870277783911977768834159465134996332398042520102847417900219612886138925525944836659616960238801306667733619090575926822729084434237198671750164121600
-1627727395703895994357897112614156465469387746619755975241567437840585466145787929556544583225430232361815162164629168390956636054597836237271065677530003036571572419922804763061659947021357980488234720099071666964334709484665110370419887666129708735035314650774289739194058918400
4227059015716181749913968244886227967402072340805644530234938506829772482832819070334712686996836655741027721959036984263792262952724939764803813840339508480228673204650898457225523572288520605691206455049194435969211659351377646907249743951043143730460317713782459917241170841600
-10828588394042830165719392556206167757034975254251945350918314092527278321374567672753589601308289096306594204400494373687491093837155255271673630087100025460608867302831306075220007749858393244236203118183861246257249274120314772182213282220221994183983179814221315583361302918400
27364570789942856956559178809496609537111585294504618590541938289741747953122643351491522085876033361755152992440987566582071485199426248895936692807853009016458339263787857351299579370254880726659958861418823660976082639180902529583606200399466407670172842266991165138678652467200
-68217329137931588617622748776459534977884284492420329344774274430518658078350723855003690968581857227512392306469498390073304749452401344246683165129841690329958319643153304772755000518425242180993269582209349049651211384586400643371668308371645579249220350895059109455548967052800
167762824692260708118523530889126933133317798844157031086721602426902240744574806341918573117348871320365606004493217166150074944066284955339412476574067025139669254608437131408757052314629940490194561728275860940886509623612605993043779776960268023967090100023751982963147983667200
-407002446434087837112341631047837741045815677803290637479044612433665081610376207665821823062362585120582802603495112957107017756197793435590330828256533122820007965813520935414999745007301062864998876515383751854114019429641335466805384827328187224103405695002612608260793627812800
974100038002913826219011549100642128153974364603997536791951648594699807510706491477202368769754220343998729776786087520610701776606353264127550791173530798106611862778066726311799943729385369294623349887234242664693941238809179621384632938536160004502333851751405245255749846067200
-2299958423062435423017110602043182802585772805314994184092108059181930101066945882654505592928586353589997000861856039979219712528098334095856717145826392162196166898225990881569527644916604344167860687233747517402749583480521674106047049993765933343963843816635262384631631580992000
5357356939540145169887613438024443057419082747521083463244041557229237420566621500298799398240518389360010983072660514588733430695939211587267244556294336892441573460021746105933970371025617953495739644412491914933059518098515749679780401890197936962386883923549409275080045854208000
-12311169056440141805161147283121273215853067934467893849397202208797456168421618796109832250126356794488503345112305326789760089349129977570855915918000965837225394903090645237784051127845693481999677069565828085310638129421787227275663040397417522414833565292544200323503520288992000
27910635113606366142336286119436656701487428761216462557552483642753226909545593310248691968502646178093180366877631790259594960217199254403402236938480181228452362144907126156131198898051459119322858883097771904664219961643574842925028051822098276036503365552027293272372723287808000
-62425942092138756170699699775696071911884353231344244984442819177298678467941426700486140048077507759976993008099155966558215830642141288088175555231277545703754629272003931021188806269729079092783673520325392576269791825731280626822598006814693517253537497382491999794651621836992000
137748969029705854611387114702455366901291596097287463243118822197608765900054635445096512382994176128018459422955411759630892692817704951541241895805090528107798208453096829943996933250673143698516705226028989567972282665756422367461438543971849405297151427431350653954666639856640000
-299876222466096406614882927237947727211875988597509223982774683894652879451788607414330582695223239779379006025594954925710522546227740788389326091285734736140709795832745883071455429383951057362710974646402144235026079777053627902964052886502845770032286808401381485157783263537360000
644062979365268452916876547158297720047150926602766949324086313796632198947441920606845288952071557653109540516990621193201372045175917780682173831856146197080567136939425080811117592350130054523033768647423543913729270197542859512713637000771980925438751272154475947310785281936640000
-1364737523883972276685093535379760514823418598178293800266913893730213346229407222603945952419042124552347947134110608214303748975701963143516446154400845429513723408318682035661147055535107453508206875190728859011372174862443470578860701111327734432552135591642704367690922242999360000
2853027315833752347731578120375227961432314637471037918099327675423075226670529925713851608042843968560217980681271575279893060763949492975991596447631333086148411497084388057453540342698692973844307961346161220990309204153542089074850176940142281544284050018983426340613469856176640000
-5884368838907114217196379873273907670454148939784015706079863330560092655007967971784818941588365685155449585155122624014779437825645829262982667673239624490181098712736550368497926956816054258553885170276457518292512733566680558716878489939043455685085853164153316827515281578364320000
11973794817590643913143568258746832372810039479770983741795645814876522766227388646994583356008643050991773337381640565612596786488073239603453439610926206267933873476517870678790319049081852059378786752170419401690855746458733044931886158025058758006727389506075085268233220949287680000
-24038211854704080419818557484958005474356750997646719064950145941272989997023457108235757483703659445421983722382048924646456023291868647017394829326853538153470606599305142497163236690106475217250964614205289059790093304325409995101975252843871004300454805720326576810410338323664320000
47611408128877176396678972793308204613047568747897831064797795544483589510081088124289432104302834175959373981373892313981325433251340148738670013661601200385373541949469309968038572282344856783734863171203204392468881942183345389562712994512455879659305365968133011110582892950343680000
-93037527017464091767338500546298552178425961977093320274082411020030920517258063805374173477255831236420612633524568867457648624937433239869217477868031251924934040469617274654340999157199275804935020708571886708330305435848509887221668654315843960154560583302963042219019891400036820000
179367163198113488523303459818641751952876521263492504864206287714667019110802706714163344817386056862709171220385144127681313694694192280715765448689774818525897527897968316173109758375163443329612997948772664547813092553853127209735009593308175219972051613439391465097804274580614195200
-341164941215708499031842897210455547820307016293896024650575155556272735523442950790474093227038883979860076648312247765293130709645353705835537191141885305132986509079797242303654160787625369175905966358471994442702915821800404403213768638505284565061180245007898845696346375425485324800
640208138248251451073824075543135121039267349406248326177725460258676637120356295865157152645728656199742862690624718312266579345608630517562403777186744191914053513205769064833281118040719259015960009373339439434718336243761996238490142876223233447246325078524399596022703897186879795200
-1185254528954100644482839005354471898736921533052607439975193829269684869057791056293447782544197668538770638046483793380479529524482921853661190018471634498576493231848961614508691291192614308382483211413118670949459976116418480301410623279289785514705170280899252491551651388295677484800
2164879003095661336190085072536235700093768084550465304448503379851022968628200425926500303259156566108914909987307710858981546041705386755231277525777293316520486407952192736296037196765762836599373999771060025137260432721249169870717857023769432614567228507954730090020849651541983795200
-3901079224387408636527785624565532478477097214740512384622941109344022012939191032163395867829472583446735610482799764416491793505209187002692278452641219005620328295615175285206422415533012143645280274634712606733636120021797299015617764098125163780408715643115021660325850529928915033600
6935251954466504242716063332560946628403728381760910905996339749944928023003006279401592653919062370571974418636088470073763188453705221338119606138028833787769472525538089395922528738725354922036053821572822411970908657816528531583320469507778068942948827809982260729468178719873626726400
-12163620685077148985891778661137892439579748122893351487012493845395198244268482382985094904180540406591203869903117339169019744969125791459940341465444038689046261442540895828338336717159858613167462782593192785977737593016834681740432439841032949730293406177358341912948230145191554633600
21046655356949051688900700331791874306109215857210666346479132455212719745687048225756375599460355571728182996983168420346313963480996156617011842470812710094019960118376127586265910181862411882453144908649526746552796303811626345373266438300710478473813137148894494389926227171594869606400
-35926835955122195052777039216017508574726464624107381341570933440285588828797258941727348069726787474137291557911822797161034769753181930068585724010234370658520557606554501230197391313983815038370461711347845267615299103677567807650190677213987649069852438384287009572138478477277391833600
60501507357652587413458843768033106336796038208093915160997678767705925958861839412958684843541715438565289540711625534377116045034783512836187819519272004911587358214749997544741645852430870051035816010056126933240793420407674171325807749767330943657696274689700170035470864615424127488000
-100512495947576778597743704305737131862923739933868175020323797376778612881491079054898990051136013139453599466972601247313634202295020893048327038787322596640050751728178011397899306037768887800780900236901812859197022665844974206381170376296706493926008664908849235729892337546692385312000
164731049635032276355176243899106934621825345000839764276930824677610995164922693540525582227694579315379311587025401563544017342777518619353322898442303921314185974489294005897292430283837218668459231109833418514950259369528119523983425379842432890114701234788745130665508893254256159488000
-266334197031034017740332525819576869211238382185613771136318089379286288895536777013185392027302049083429008093555774673238553991047735553262422575422721478318523863599040222337404456920840624300476040609237594467510410693467175943187735324330023418360187377007062845340688686411941835712000
424784417050039795385501907044112167024748543804172843710774027324635389148281411967739394535377984973945070173059037758980501440808334935390132286047366424970340121309622737974245822785249982252946713181911762860735429278507617113288903187755159284786444754028316266555524274555304511488000
-668334857554858619041859554268622658621837444136339652105710003928734064957691023603756642877927602226801596951970057237979304567244016554161991986511155942064879748154245844252014369616549993779050275731089470646773407610499180571038313392192904690690478399892641695426985892041223461000000
1037282026814710066199090712280964875584217120301410127226065711577827577892014593959075064402952872284099846001935036236642041819349608792176074889069775679507868666476409452045481023651698191133394880520365166611847971895126429183307410726844186574570039856061746405753520363839535264000000
-1588070210474587105482492185537592919024596872196993603872964240246219494252030607693542608930967104054789227040152607130892051628384421725211717960332032600238286532766569016458060823400637106673234724102459893511114353665885710795104940802875087297017354407730896873271402044638627336000000
2398309016059235206667457927102921068044123535962321150552515014448963904882708961568855623194769131927549731757229570246819244966262073731434574011931943625782814947687370804106149672095636075542217137573218233395097861140900339478471747210574078897167091680871995454128783700531664064000000
-3572689269102350027615731256665395166013257059274427246058720843127925284872053465005714800549598218582411619185315327795286079293416034956449894761895863817304690857555852412748090370002853196448597415248440471337977596861148048374196801739428320399604477863559130691199067750881025836000000
5249665864803453101802707152651192896999071597301199218698528585820624908383425499600233992644307586488441562884544971454297912431141928915599845364418412139713015137633089259548214421228682247842837018324239059925191570898013458835554484188547736097378008289311375709516997511498650208000000
-7608614966885552054101620094716826588057564457791177246890561896585055028247106007410220821945263634465508642987648801990961325953847370005591031083808819326493635479983155295553479057960646626942418402409291488316786097757516399976992006307312667482400154158358309407529022650803673592000000
10876968364534581913332900034106816169811479318636845625478326908694818130826592757499546283446345836574010421524869739127730056293182189880306632906709993384246077005396103398793493247210997659614318598641655599092540712059197009300157924602904188023816352424648466837467443156132590208000000
-15336589059911607019155541490923796908529872821141810117831457918979632595008665298567867996337645637576982924119703249331683763849522838979742317772873265743288307166768917189886357438400509365885362304773722281622402170435835455312158483667541202029353828996779716646267139339603511242000000
21328398817790332472374113474192568904389925229111327810840141733296234590926390811498457284821489289760451858023214028328173752909812055744089637387271567643252382980072629728242468408068345987388904684872976726352962125508612382039572798757279279427412534498126389705129559562232434208000000
-29254031818481220019108334041202527509261221444249097225348338401389115364914637637051284011861154709835435768464640361254923119491098215658593346640381682179484968495467618935257369668506543356302621665771774877865722851347612743205478050775484259662639032317630156119555703895558006759692800
39573111660104498260479812389127858358586027783125427563579733526769193629616753352804854345595388152426392881567443534984993380033798738611894404439292844273335771734698375520045302021060009380764347055502829196222732405568942531498605758627480048657779223984344890162584963870335956065587200
-52794683688519041274976539830865792516971637374246808840609073509092543044450128508487340403961748545945396058819529222213775890492621928287010359008902259065275886828158558081912289501861694613689472267719438024899000254034492003828001046810889663680015646812447773990053551336273817930092800
69461436384138473964808453161214728907017503993337956433013072140507391226724554710599600985174625686158781960185996859472189073313544162736784895784869512872272244295649066965994241008120490455818284873974912788903032470336496095773702700530017402497714348169118432319616770756231715083827200
-90125664614666865849094035675989269980741649230862530148352211169473203735474700078578678139810012114245543417217583407364955594550242859422988512016486484794857667830375220823616032000569752240778920089831452269921940992302649756356886343832029678617415375579526549244261892603902917694092800
115316498207463025584692407047171199729299580407654940535838584687430535190949558578050688523370903620226516144752063660019443375110806703636949545555888897115450333925216737755091947134908164343449537123782803980892049066660214682489703095837368231618130861179801751589736093266354828944998400
-145498747562819063149606787816216115332276199406869192168700511615279289617987488544623312123245493308302465721029714843495906879341697624466487441596540786950370371428562115909283417001929034445121746448188419775024149250382484312139756153742922084110589947206064255328425412232995825967910350
181024770696334832221261296849087427418206618759691785426806359558769866366602671632317904843976769642281691215481503837743488072745739435694076700640998890345556112015526661069225485254137387917490418267140026093239632527357432070650526150130635818617569372762729734679839008549087268463398400
-222081963220861107115263787662900793377774332890679509791154890450223935721458157084410678857400201096063415455012245130911167891179764257830268575371741637889977430191994511591461185495735130622110826364294839114236548762342035639706036535451863643773350948698655021688755682908584451505161600
268639686701056240601078767253297088264130237594569224407708180120942905445386930702544984797556415642864146087290195717157701992544696574848009321267789738747847059457956837980613384354227447998696514579453801003050200694257422220126513150261713801379597641376897528061781892546834077204198400
-320400513909358866841153485352027777238099118432871948489222958909038783306720729110838600581405118508963339915499586238104137916404085227028413484130407510155993626757363462458386895170999822409687965798350040027676367322108057196711540277216725965032989050828585254437591199505747004061960000
376761391732289347916850292723812525768569043069637476868817485069943816121336405582634066748475148824033695638513510606378266080292902967159672255732918823762653417856047955795813682282670098417604627241394454079901759045964442883771248548408987194888544720828716448987372549510552663839040000
-436790517968756462277414823513398470560988477019474681642931126964500886177263453363318012731052980865995943310537609806628238344732088908419291967010684297445599348033362746491851416725965402688820491820077676856428265932010027520735967174566394877286074200633268511841735546626060421026960000
499225248139166546889550322943446189603283335587497150919683140905688705310612262271978325759605089785050749531695720349763651499676734096835223087568081912690067834696547951924414197121368255648735601227834157231733767894880433946989296085710663930644188610580804630284668643092567951607040000
-562495114656803973839094027066487112938421674993551477338323538971861058587825274677975578850666151511281139663316879352424669832101042411191076013596675627319191015135520174998168079742652774159773272911222861186450026673224655610409814513239966824632080569907885772664496439873396876029460000
624772074663306656595932134014752507072935431107113068456948893411251869987189340332959703102199499008614152990227363324871829788592115458496317964550241351810564602072916677107256820504477271405657747056965228516099709227647178890878825660843252578445030750485084945074129189179422660452800000
-684047541580808742436404919582634150749522795415751912209443352135172580643868661403330533659679645382700121798856967740043187600944691509614043422405769790313367476369308356306491020233780170424061563779128827066449889396752209021107633912599156735818278127781800067979361667654201680177200000
738232850216177831195377251651861311311216117326744506413973175943997498413733946804228393407694219264731116591856523026665582085122259899615172673851650389085963334623141125570511483296246422193404318631360454476628774293769416785870708281778797887849668897572143949698553342909055541052800000
-785276898938602730022805989689433281987750926986531062521357270763217766711791145992841577811612358627265566366875003004013660293013836302496363436385329992433680729680087507444762862487699416657360817383528765906506390410145316493892124964304159298139933078684135802808520466022426381042200000
823292196916545618640568173488469845700290713573695672076398170135580667124878366794280530383772473775913474480128870909695724554237803198581889633061133408134060541955613640839533585768118579694780628376943744513359417394387367373207006098478057807300726677095303803765365274586107916852800000
-850678802918227691688625482414526627261651550067745219467142553710049571346796474331676007560461750166950376751930139935155424582276577859165717923324140932341537864510378566477885697503203457002871753532143862214935502266560061006677883873358843680863199409495250466647820840990378310520400000
866234985872152335823888128931903967717424184314841280655639067232912775474174201555262844315866770938375253264747805516137624378221587377893125763236782662058381117625633511464743181629873876016159382581226380249203259779992478347563334752866488280792384426133805515962345743830073822169600000
-869244047174179032816572212641023497882100033354754156535944258088758074231971330256058996875733468604507963581695256127319060492316566670120073932045604206502436642431399458324151148185870815707662315125065253245040808949589392098311115043625121059341309096299197871304072642296827836176650000
859528630473349944349851813157198777655935864671630671551650338044373532968366128011250973899476092558303732562044487321162305707063850277357390659958309484930746029070890720131179044622978110995610862556277541670309912334110746690243206459968561520873983485097957658409812790279046065489600000
-837466830818038721818521368754807573482258678737081250910166638840746437784418641082303232587947902053217536005927223121313089404949831956129998526630219784128072104008026337136709679992623819079571886956272922047545151277743446769201879553255904772369479167129715285244544139220549052220400000
803968157585317172945780514004615270542968331587598000873759973287116580273041895439011103284429985971088834565690134196460565828751838677884798585565010992762949219847705283651241292792918866316389011478022005165643345226633708898433804371125668581474700000444526673834762373651727090131584000
-760411439112903237155672918681980225101742350905204373621003102228568873294638672606664972964449381159826972296043484545273935457305991715276751907311666102415166566120658973715977261925501619922672651333490961066207695077632483884993399116982163616187127971172386346396775812056727645411816000
708550564334425443361466863820548399873244420236396823839842012758328144053402058370187528927345240461924294742247715610120101779712353656054772698264735362878113214187108316083847180578733774948082261983595117261916424914574829175950267346997312227487845552880148760207794751121581145803584000
-650397049640915006696157300169420889646082402774057076238577612792926826604373420408357143647259441845781421682493079979006393824783578498967207054339819255964187018369231031666376000691423227687385535782027602267967666009327324628268308005063613771676094034559166621783307896062782569024016000
588090414330830305768198448312900912075254221256782842640459997929334948982184437790133852320354421896860004158484512547916727983499279159714133956560859168199063977863850116684089469979382747620777527915651530145150193399371724626302804314286781923480559120879901125468536413413019980963584000
-523768025263395741074801743028677374817023290806822219226659685655813938937258014906837962222815657001890941203650268987988335860304045501620400555062015196677291355284991510171767184200387759599754985799877144035524390996315442245300935092411665150599872967033661939870415243195970920545692000
459445403450359577637125516763190811784631668981443170584406940986870691436914921853918068608567567110079332221345122670483201770850159035780137334200623353081342794955226655697588458181325689655873524099779517793297468598026782736775420375132047149746705350598644401706974853468493684739008000
-396916134279502456406219004667119007600422266117073176177246381629935659328095820711810588394411755294371010046509623165143433992998048085070308523174350195916218139885053901628188027080067101818924689140120625872910434461961646808500680991800547900441984863581779953745672745437087981430192000
337677805007781085663376220229979406683344423380899972930275811394040331181300014234413293346672319029295697792817736318098777841487782396138677490479435689657099466583526235080201019030421806359603099292677633189035015576423962928042582627543384631404001556580905728981697338999131300212608000
-282887219879125671706862078763135768327054395747669488580214817249602151576934892156877006275308742368707610148815979285826427295817892887382145151683755580669020951418149724485891969039706544260960397442309747532110530741462392767864873853903974362221495997527960960146353743042455648979192000
233344952070192920952413164384488722411974693937751378699592400809151667044070640498747422843283296259814218282187388269010410942687581698425407512007529995750377392982653512349089097268825342757578905861923706797801238038510068518891308688354155521930935448868862841856641437782019433445440000
-189506477346946617755731992969059628112683590195008146310763650952994475158572162180195762042843978767215984965859284259891591135407518272833651958716174508383072764419344346567529459172463185168507129168929164248510177046068088190638059866725490209378821836433440384880615605535989155268560000
151514994380901995397801188905660999514245535527716209780884203974315630346889343230329032829019814076822298509289041073940689164775552979588595022316798655126026053170493040920142530117662415744481607140416892772158047560925348321366777192670469269128576173805201592670759889256614767805440000
-119249738958570398842156869851350980291394950867872804430771384544358828422493287222934866803038706630365505268432893161023366721712394797218883483457066611271244535795512107015671109527043790535970097845938888612307695587682866316637063342914748557556695857472238681172114635543994365561185000
92383174406141438520646521316337374178642723398364985307750525802590888929119690335038824027775247827626221583657785695703546657267978028989722787246393577851014792017729856830521467305681701881435916847542891593380792079901248574031495630319990070379287230299969248770494910001539869365440000
-70440797369724372712680834475744757659993634220215870188579101867908926903445899437982932113924943721124036373984013171664565153356826291426468177552615792862025250156206029360965387526478467694971202947071200040731787064490696371103087482690479943675051054018852890337788181972042141772400000
52858256610830830288430591820204353759953655399551224657987865626225538800351510183951387421585085483344620013325777128048241377698730173975313162036388539833310099029604703885324743271602221882231552769436973292571659253268109849970767834580175689244192253003318194915322353718442695017600000
-39031815238254361814949785273877443200887151642089799395894797425558103635871310666773354562891942286508498553422361767675048383623683506329279555204694347631415804384065276802917188510078667338233965025292283677444223098201039879245748658671918295769651769109376957098700632300465266947400000
28359660651857960751660564552218190044130239965835284361126325108232038490734998359336215497151368007353074651635700329887346596662871814357711115277382551082216359121951982036584730754052661695414993796289199485891051264119419719598746850089337972683756348355443826672279824347095731937600000
-20272977370744267861589553231489307055356140927958216314841437619886961755565098033516421622396754567614641233397175802714254001355941812871356982066201472173851943794093792147467882925657826756189516540317846117748648324293984278012482867325768244645247593693999243443166019558779885472400000
14256894169371435715360880870636548023990759262178027445771858458340500539391944839427808138933425791876082085422661983638176901844109611579741997155432692870321619766716921337834351451310071789471972562682587559968023871839032896459223803278793640589361134548379818428287967790834001619200000
-9862309380837214062183934768631420507510682159894860133546230931582809043918991791144083540593225025335754418318367879911503193981346323140026738330825649221344538125923871043699806052689601683346726454661579499430491677870388340274574227229323454191935137461682254555333562817689212063300000
6710158371598433710347368511990650990020985392740535838462181813532336468839259161052764658620356121490444707113731781119486398099791188309263734172962307289145255021204718844547467492639290034211215804543406627870403116904955578568160242394711156761590985159114400904589090751130108619200000
-4489936496089709129122010093588086938404091854218676862047444997318870381006459378056352515425883756306964944612912213029829751604518852760289630515422652824515789813690887780526272080988685792564126101546932179121292099563188205870215865989551502701798319097560209181473676428121505610800000
2954284901130647865364740011244008747829244630737457609345297083055952744290600401055769850084587265030602631982975000495147764660174013655006959938247023296711634321769921844293435519648308777997921206668792726083946336894497634501958346114354174952523845623593491626391288041608253219200000
-1911258204092577466231799857274248992692864095829871881156999140677031650403557870571913328013056594515631536080096882264777539970429243834030891582271477016122610093167263326488725368128030873321432913981005071958197505174245830765294718916758575962341121238152567221629252735807117152088000
1215597429969102812487072272663340624881994687234142418734792314459810287114431614814802635880667688020758618945480764490740068688601833828458803948486347739837852606579070671687799368803982859397514930687756606069681052506713411022166895319690689741326748824265775582820984974207230811712000
-759994967921014554962779571724226413001581279996250546672038425538494390394631870404311884353225212037100096606401678347731343545159918059871819875736152301141333641942734844637406339728212651042779909463911335409623298265265837133184712710232915439456521037547243426911488358123223851088000
467011688508010730241917157559650549683551824900265451546686270574559133946601657797488909231900506075494113323821815787837918694722107171036920019927575381729345475322041727881405048111915443161666844996852398985603894987781562457991577647730616360404525600477788508453839244647908122112000
-282023192130622087561365506473408690348958446544525997504425792876726656709075180921269677710819937495317379788014756290073649632463492026363394535493183588111723528742293832143063261016251395509538012383454548292368938012607137500195333675361387297197629947596356679236282834190563369838000
167349424408603485443562224749606661728164539094413706662126350623975398552442354064542716577664719696227028909415904834314060303273149796885346717110709315385833257582097495665650008149390777018290763596524494122426932311700231013284411920235942798229606805776069752150957403357367353024000
-97563306089978808010579459682774553132115575469103227743376643109618021183938609787147276210625607496020091429963954344486845207990281240785319662740361728582994272482262379756633861921345349295692623499195561639211027894863128612757729530455806328896535583755285058099113735015115195376000
55874088950680602883627804176568868421511849478724610560074883430962050646948725205265428606613627626873287303034879942471771126977298647758898387421338843510230335085810928601301545173599046924469278676618103481607809543370563401226657143692586684299243542836266340183532588793258897024000
-31429175034757839122040639849319988487100415331782593440042121929916153488908657927961803591220165540116224107957119967640371258924730489364380342924503099474504563485768647338232119160149463895013969255597683208404392868145941913189994643327080009918324492845399816353237081196208129576000
17361573590905703403325389430489138915214799868660163890214615254045282303484444588477470581742089119802789291587753957051389718171426618186182348396120604923317400283756784440964326860662575001085208517058306921210306735764074111805417595832087096313738932883377508758131320478553865024000
-9416982553860143495300061644789244182680243945410104503407250989772219979907665704207993278598401616750472339479830124987551395001931451331475077108717861931612065450476819864570921307097156315625041560371116006952000401682646858250337067458351091522930716717440714297789751092035590160000
5014549781888243820700100029499542316402469827280549439557976602570573276177504517421537058352705998377977144286857773982473785922183160527458280739523007009085388064240011272679777204544327900662236127886952769533563845372391143467554722577050636550459813626979317306410845010330755840000
-2621068658081193846986376043731161782964271729966527326123329712312965759216670851320319969038092064261483553978258653825631253097331128685872830193002857080346745871307897903981958250579593482018360005989234507176993569366295136534071456273041106162926793404363233931906334288406467660000
1344552118328537373803420617274375226496671804970937718070553522257044648768416645101552535638603586660322321231525961341454176889214682228431697314247890510568711128096129562030002284815891251644037404291101975039930884484607665502927406694545762754790279877611067628350649042025083840000
-676789901015527823892348186688202037768300184681961418415792737596807871249622192378442845462374309326596783646389325483944879557333314377001467666120416225293263059112771451519199393414822781125420223310916263532564504301255566465625220768019104829379354132479610484476189310992970160000
334217235069396456243134907006519524823851943052820453538663080294719936419566514754786590351789782383504584516735469374787594843127562655309366748701440111255932374870504420503308342427072978333540851017736426435834323111731143933642084329885977693520668707397338510852439165922454400000
-161890656976762910511378307933407535813620559941534534902375365834554845023614131871637884440852026759611172573405483077522644357547238804625247959741427222613946012659343738136161284398084170095087299940683516366316199072577748967776938561050461214728220885155642789931717974047660600000
76904063145645337262497934176966057275910707135796878843453417423581785887482651822831414897834711753493406581457514157655275214718775105509964638977567394428239179017667930655771229408462079866045909004651935408477247051205320231326811284322710113010044404599406544200663646858254400000
-35819966360340186606551512970899868119859481594904956196407375242950493424768802495027713234275866839734315725181266310072001877778460367910929595946386632698118088395545836812403392630512760806244099917211649160186373297721824573946087361090185999692319345566202361836907741294555600000
16355371084864009104537194983145718618342498136080265373864960871929832907385517429358670489847720411959544873328901620770093604122388562756001147257327546915668663429119621089135437300971343816406342887288077618919818485523401470148986381282558173462366978237124502907696281399654400000
-7319188280897394699369306251002466364116650166854278913646111640197115165829505236331651124973357303496544373245087077849507220790121639534118677471357762084087075211322330433687806780439568656121295535253673407099616036124119847359153329319074495106571941188635061970167793897843387500
3209501104260128318788664062317868035017582526752882235558524357786380680048139717184512227470581384120766112136974743311421029145494086438501356963401258935835156940910784816876290617981012122923735381691772976061849661554451443435874885064712706465342403418709898390544167850468800000
-1378750710667512590632748408623318546233923684696772189093902949540557673990434311399206812273515348849610773125004745590775857983579453956804221871328801688409337268094472305548463219161030255074515813779688863535076248749053101173539825389330742049620153453500613250002196869601200000
580103721836317157055230320859293110309543023161819935132762356325013367879344233465091990065640711145534937525474300649413845259201216448809804783558253974584403844762960982318965402412489183992475209785133782109822839431878336120481401866116441766049001293934216940851502782428800000
-238996588417341875528517529214711626731609379369813580004542363480228844187373864055896237981528112295507930508299402042242983097233590632092814044011116123178639707001155497678640210037891944049026066415154425225458466531295783406442426357526196368120839591538646437994271489076200000
96390576725006048733868371546004405195423049099683394160411878667528982365747944225147263791839977124626157061808800255617051644422730991026308906744364940567195754018927566401042110746643283469713708206253997771403840702799530159663406985378612689059860512185054090021831625416768000
-38047050162193521946037151548640697744954660381296047100334204319170586785923073057893621973012676431188063745208865236957353489328626805135332834591246987954508023310436904691156192401962240753048857178894096056613155497400518373553015352757418642905002904001381629176162208350032000
14693777960122545635735396481334962957435753211065300910467705688489264389562038595692235156015033208038439342200388097011950637294980524879767927664900406948249430282035765939324094693034001011305685137423997145338466360114204815852063724597353012535467459002151481435894795200768000
-5550730871480335153758200553966521318719758014676019615391861493213602339160012739510783471293193826292852220649594481062822407145163811641495467246330471434263506618941622950811185050003670016921422792144265578373183850213799430408273738022020224033814814482696668250262124216932000
2050428425137145081696103056603296240867054114973124493508265721350067681645346489561249122940355890563588688116826209392151690461952770619945813161161459796450439746969834462590279312269350264286048437478370625600958814746247322414283101052950884025166540795781114211052011480768000
-740432486855080168390259437106745864757547319295850511544651510487524440594152899008228849950684071592407026264409464502721443777927389390535988085974971593162658797516884667046489751652820928769961935756078281467012905325033755316268897602454485897976806398476513465102115256944000
261298104907447172174779263390213872773941544466139996699212365727673578838567808684241292562985450516596464649712283892381613003073945869384940292222016061171776816085950555094289754181731349567472077509999093424125254164229106301952525596711423250603547271298143651616069443456000
-90085546565066591575462574285922461344920821520338456366732917604308713795946575136175908683099961034631135262317793767186762190900466477196410183306075195425576016004519950683500008606655292993481514166220383484632963633100506864026871871830370835264419725800195573605224405944000
30331538444330152342085064104998701555374868492667050896918000989047336870974229448225376066086087395404305802684640930044323180472903681993752045774744325374106594283876280593378570654781646684564075903921978174410954469834163210736026911656329532283926943903147308895604238656000
-9970124271353780668291416110887781807648544701832336130186508823078783711514880594831083177662436253559472278305452851158120465996996173357138063093998526902570141505570828400790623609130734360108645875801525849595497234163549524673521557097116673413526095467608274497946428944000
3198257730173634253138703319153131165741569251645926493087229384101904331606466486201104873208712008270358672479361128462395515935770659308148543295913985016640900817113386700186789484773503559491300971520204326891850304565718715867647815152561374407546798278760506856102218240000
-1000843673374648566194880682773180369140482391682601129130161625840917110715391639128036724645608228282521094990286186467615957894831009271343359251889749651474865229660916584563661119150041695483171875202286163059472252427032636345735275488279839821111649982198925973632682010000
305411145158201804278014114258180831678825716226718776524710804049897625134962997346293801383460264327052726254377145860417003203367674781918265180053457932371623677228193654559239226771952249281624426621793176544559434177559396007694016037138885865336890716507902495770978240000
-90842198484129192878148503349035772918299225019258173252741481674482434085914162781628879107973838819522939417824916787602238943433676663670429686315224904589476420432506289832091909990351435373751616198970221037084434480477275268175574725657509196019159723378514711571667760000
26325985488426298410332817809941502260431404095347014053213096872520801113784993841677049362709693859654823525476118626659226475336232434514840545009547865250458338389712841661384681392597212029893786391438503332019909380685994513894930784306590494898426705540310769608538240000
-7429803430449031017622043088662123799710852583137511535346689320640061733021067682393717434761278219474382504486664102030772177836025806021164989454467985326956775864743784249158090228663356768817342396372674491411328231357098365188772637006942170381152000590420751370921800000
2041069828968308208795233481172529326871659814722479755808039522007259414690491017848013946698207544163618086560332281931450421382633520072411610006222214491484483692291736776043429573743107374576252229596655635517784238374894868272461993933228650344041756665838791219483200000
-545517286715384929680481121156376656811796428542452717471317016325270481196260727308802400633807547947221923018728390491596317010725577707531029551011530447131565650155021915768045312273719089947575501431389588436796390990711573450509852538786813364839517758718806233646800000
141775421453727695177267896543764695481283203419612867847605921777163173788615865822862431485004543906316734678753234346837193592125264677009313802511951269891752172301846595351628602606747485267508168635229947182241127854312378939241211155436472944464747639083937979923200000
-35809268285479203971347351269238295896769146050304294611082793029996198125405114365700507154672295943887750835022777695651508241575108470213049116441993235412677297508196093229996174480403897268460583865758415793418782707185832663897550704982767203869548084983266480884300000
8784966468691390514289793380060980803912279476319138018429889153336601430471155971253558571026515787116339629343962266019945731182467274355984324302509577601765823039187783426304459523863001892367561847344219627538991430790391210130716072972037826952243680584006563678400000
-2092039569112924355740984659294985647187804266684338816594421045411416771202697931642117188190341629981787952261744630976332594225341303790761110474291202076988387926628057383311452408749125605178145115990647510453983650476154089759235060679941080629001262068307019311600000
483287566996197160339270563520578368412460559277890926113416902384074021940006524981995795220478060440443934258341890184601378974761801080017366218080742112080567055345414746191658100322780505058885004828508260601682675062866581075691040103922805594069372768580654678400000
-108231289672544781225734550082917211072419926907250625967119003580050795589203634595361903505867564054079798693853963565997605357168341318958506648835445623775738696558519894730677428812046918992783229422264933741067477790824452911165747610801380718364013235373529656600000
23480132333127998120777413579453406666428224305196102992218065127538051597680781278871626162667338630758405930053095896322039424617336893885596831625584479295326962158457891957893780666246810678609404309110176510652351238041931870219815230316792835051031483579856878400000
-4930827789956879605363256851685215399949927104091181628365793676782990835512964068563041494160141112459265245311150138227628279169640747715975334641372740652018662053276157311157693939911830242507974904913137067236993759988805692746161198366526495360716611551769944464000
1001526242610700848569493262689189455997491707476219584810396189704771573833624831387095480960896187516178062667236638168587674271646253446356496895850776065747153020033786743244049424536762201512321848203718654641914691033026303806624441586707567470284920475251751936000
-196588647231202022033660298633327227202632649612031383346571908330721764004451749129693546555800911807374795504018129171763791531836813420622710816470708973842947028346475718156302670245985549320289737782175243733422707907849889712042492928640840880397723647974220839000
37257641847796442892141993054471633650999307058380479332252423076489861717284726684644309764638142776548749854528101008116377635771558922240174775832983677954843045216881369403327559490319276559060440638026551501163725492956231054254472092728310942479858129593843136000
-6811064166516396232054014801660527429145066275658642160798068564742780188334097829634815126544856306201564927203104679330158122329875222234991253627292788456920898551450216186766502763922598125470934554059739126210218865253712991333235190816119852064150386948716464000
1199806582000904553474303738122306756016825799005132759132847626560521485268930544081673444231666812121997551151826414450541641069019876481783819325736162695843237039017613960295309354168471957035943242214847915904517824309719725511587551962847535931951109623181952000
-203435832286149459897813668006803511867548049447838797666059861816366669272693224196527274358463957562883516733221798227241583487976329738330486156188805076465844911717661172774790925322925560888345729168940686662607179701044432375319600619631601909810135988926248000
33162934597972845442780851685845708970334630129136351484201992083867538551181056155066345377927227222861442174119970183910200460938855751269560219232623357332379178226946688679935160452487673132125562924886909321393865510666220425657635779593925109480775724453952000
-5190861950079064732901802890591357695248923371778380412007866196392642948684834801713320079168862592598728125331768061697688363712855288741133606613601769384888570069682418788491146139612958480568419508100217595397165631608525389025918599407272959811599527232848000
779106567782135677045122827380290525809818155536355170194832160698778603513003812853271340317366237003358112184245322316556231777077092088116079843681478472244042949914546822608241175384060248198846276524007488810319379721101753752045448025188259980878339357952000
-111966510994924976735844233487329560518579190948029437074681705193015057796525432209816193776319029044656981785737416112236572660864666976397854838646354448653898919306778044529926634965494769465304875773608329313983012710690742003332148684175396158517431099860000
15382389736520873715506749920251904539749095193664252433491925704803842778899727122141091100983079442419399804266716017169018016437266423258164018317265291462614668789132634872843259892283042276431415472952812885394923761881868960702103191668850705735039528640000
-2016764125508723263225492738163120569407444862201592755561679859697771914656727600542612299731313817497998443554122644996954446906448783752010897093410877053655128235295685416732700834905184131676140450847061125911679933097985337854635350997088947034841077360000
251864023020373153166820029743052706555934344590832520437454968704221285944274521279885466265802276565406600847897777520280812469492226437349386597524223396967031625344548408333927744304045033891602480546556761362707503123348031173765296359599721576435616640000
-29899538235776546659226786075266242161410844901500458232404972246322127510396494575015989153595610494635916742668338233731560947746673330765219340904317940246456047239497055871002516982839665635800442402161509022717865570486212280613409811919937361699642360000
3366433278563694500945031271375444792052262514712005055252952401537488554370031290112515198378188458769290682229499519654519904043536122810871008546179539153288352100525095425521018988497616697594345175698424735153071747474521930637651695843866094392904000000
-358592645733116522096693326250830285599702393490590941304640164065352982936979131047623692598005099571344387296819318626641169569091469858672388104642090269777176805237485343148193585556992539774057984054770391366562011143315367943717728567560432536746000000
36037909945455569817140530140777930980834155708993599933918948546567410679676510463813929147937819924401529645700438023373956828599381805544546662195393342379139092544265690626955047361695840182803709821628878509290167592274920895441819108394137715904000000
-3406495785176754114700613822750016942976562701078295374188448578867921669058209847938933328086247879639236627145936518912526740924065796998875692807502585773536149601689103155390858055271358475455386707132201631892599800247454383141472164509639036664750000
301818914023636442444960048454816022209511184743124355683414807877899009375065133228569793626901200931013657874784836804670372592063291067151653983370503997267500303279039816589444198990853979097493300099462257820905574945728142994093170530800194904000000
-24967853917587163701162692101904977732087028248472485961392788160826926816454438523108494615227582911203284700014158340488619208218530104715065605271519048714787735095946865762421150866117029315406220771558875601327652565817174721753872580433252062000000
1919920415165121879477088463514231110762121075710237439537501688408193731703153692058182569202263406486261835244947739959253025623069598653775069682679998049980117757466900322065848553606720659354839333092458928403977555790854303986769838865639888000000
-136532668557347413110865617191608483357975152518097804966531926491682813863529999736563292458083840496237301426794504487072270097385737660074867475627629356066122809365474087101471381200454806977041954828324721892874487849301922227524872704046437000000
8926256590629071362954047351557696559481790189713270662303146025403380135720582176280859549042475782574261971106834756336992063522491139561421375545780654089208238929255240074139709790189945476954291492919820241197639180021780395040331218624488000000
-532795592347236958515423241572215452079795435199148508390066674526672343741107413636141270660839817471993145334231486321152640469768069748908369301608014820203605956850010004425294096473275292309555461082584426161450781506490352299120115990562000000
28794641790855117402433540522302843987956944408985092720103158943308158666186071776957679338825831913153051765618910549623182702721687680652114536478015378727448215267982762905829227613844566908818641807841007209436628902750767484254669379756595200
-1394964503349696547428611072864221497803850103674873387562150121680607590430542705978264668625637468687650319309670087952475514450407699501940445764047131966559336990510510575642431388122605242463352179591324258554715590729261023792300182364424800
59830883299113834285225486003421499135378917968901689103412161780952401489242788844243619669046331214037362864100562560478795573666776915082980654037046038937484385974375901252497813549630276425336102321051387684072541431274231163505420510195200
-2236476776270030156752255821115549864799829238206544620120687803197466310811887511667542710537054218906060546017476446876607927822249205673540772047338140687306515113582638284129719367938854640041713015430247344843589511662857063382061329084800
71372446184737075337489579465428955383507614315820695613600802624996940767341443971317491420289865285436480830292966718989499802543774819219518793833223361788159824010295207457833303740796218836900414663865148730258173651412457296617046195200
-1890578993466892750456354857723447052229339506634447096412902147095659961461779938990923855142719769506887390414616327563260642276523121076971325390665369521050632457336420834669060850474692084841718047709724334440703007040530811354295025600
39905580947930638307798039997414193674821034908328999548150895755065769193646321898224665661970456071321518618846552639165000295776874249831842857220594320874746921344429932539910874448746264822886478449325888914559103433926374205120934400
-629250443800803149216326923837408922766393474165079273870612175738098838536362672951775963434349520436054482757914514560446983913424711828507102426362952854450211521158502198228769236770957178788011477974143186812316664849268023395625600
6588964964503361787157033963107391183859596672671855181133284035842631799193211935822917054688223816303742513182015654649268638350662676605518541450916534876067904863346667960647284715828659453799437109587521456576283137852706637414400
-34362210135247702462590597314653753122206148554719079822397836802591850135495198422904617072586019658322333391906535091317325730330807822737926963811271262747505824380924395492470716325359694552759922534673421224685070346467633763100
