48
-110544
63562800
-16208514000
2317817502000
-211292243482320
13311411339386160
-612596583067669200
21440880407368422000
-588433051180000026000
12969064448007200573040
-233979071818179494635920
3509686077272692419538800
-44338341863770404235002000
476863391065449041466246000
-4406217733444749143148113040
35249741867557993145184904320
-245772421671727876081479523200
1501942576882781464942374864000
-8083862678346937358401757232000
38479186348931421825992364424320
-162554930086302128938375906853760
611260274291466683198025104284800
-2051015098047926961581275160880000
6153045294143780884743825482640000
-16529540878187852968775812776564096
39807829215517492060897963313973888
-86004569292784705069841278764758400
166743552710500958808875948625552000
-290066370529682405157414402900336000
452503538026304552045566468524524160
-632374871560173791256187062672670080
790468589450217239070233828340837600
-881927765089085349375880717570356000
875824458756288910971895383884748000
-771440482447376110154020505478892320
600009264125736974564238170928027360
-409794493760090629085144404541786400
244060432571799128125501515170316000
-125640577714476474242122081774068000
55281854194369648666533715980589920
-20488158931048358785990782305715360
6271885387055620036527790501749600
-1543379043326288326998455748132000
293369570219046541495574233116000
-40419807452401967939390227673760
3591173819022481083461891683680
-154441608332791173802118474400
