296
-25934040
568033278120
-5529299044028760
30272912266057461000
-106065386331849562658040
258033514859538463821976200
-461126955014391931867326324600
630821674459688162794502412052800
-681715744121343250990330477025208000
596610350625234759536697620273381033280
-431408451470701779220358332940656805841600
262056667132258514110855445131841195281780800
-135598043613695918836993941481917852093525950400
60479494758720904207806175328312544030694074408000
-23490504562041682398330619858295829046161714918175680
8016134681796724118430324026643451662002685215827450800
-2422231810924783830761816284687518004455738726098836664400
652597096417426636280433540502909943348612175551295216385200
-157735068276738396533654372788314147110479654785950870098866000
34392554287060039980197999442764016635968983929528727716356742640
-6798573514681312891777234923861571769253052548881330699939680362000
1223911792316554039021351308648567089666440030349438236667653366326000
-201487346422441855569475276779353047519435279627677746156287199835978000
30446976792724547063831819602213349402936886699293526085838954641881120000
-4237780733081441717807670110425826364657412337373189004373146405203008815872
545018723275296661163016034616007905537448858892344751538759391225369210727680
-64958905088094240052772255417943866787973002747022165194716306207679910305207040
7194530161491580423803980207207782960374071140981414092076028444675079045435889920
-742336925996946362991189515434548592611724165586994301831031353491890587595361888000
71524987638612445347937766689358128618798080825601997641755238721558649104354890533120
-6449529452470303279527104237738115125350621949992238403378043924471035107323489114617600
545388334324520021075010752103729360287461968646218659985655839363081906263042548254850800
-43334083015700407588207029703654169290719211901791884290706008092350218643913941756517424400
3241059530741745017367110543406522038819708530301839373507302300747923792346712287429495254000
-228570101159436811261520038330965588127080358890862208421770900460337864771122303039446142439440
15223897478458785145134575392537769727723438718718538449820419851648429388150676850590270845194800
-959105541142903464143478249729879492846576639279267922338686450653851051453492641587187063247272400
57235486628369998138623135551054830787794461329621243354410864837772612746433772791448118846360081200
-3239769376245571985368020286172298262113848881113570642076267855495090791850240413201660612805635234000
174170001666961949933384770584622754571240515848665557718020159911416080969868924613721274544430950179840
-8903806718173929308462474872212704588982482884863221119867972898267424698480479498322509058879044440038400
433338783655707584461519497012021039894174671559680986158109529060121851028314130323120208459684650377651200
-20100685482855095941866491454964850475177760441135294288708804747917507191533487298768551064879271719275289600
889579923642058171642107948275510531360139728613880172859798755579324388517866318057070999606847107906770048000
-37600017404665383194577610568320603402294182474958329814934832241377754932164294335221117988814642376715237125120
1519282366776413167833830672774769182843172306998552551595901775348675825472612082070607555786224916450450271360000
-58740311950780045009137155395959579718916621649536160151268077377638911827134169349662462434148533924528567825280000
2175023217510827777699439670633725549036551573856436152267787420677574151821384659530557289575555436705460580863840000
-77194753636062136225180238039588889071699184658965517165972305311553303351711492612201765693952918175283558266685600000
2628203460194825914776976456391059152890699120573003583639559495559268387233710162072066195522598633362974138170884611840
-85904158849851259186760727966199882307959548533454017555985063635129258723826939418899157098175210617206169302805749817600
2697593911338228594699048421991850742061191266668878527630844572258171455901476730746140986508969483701261186331302451372800
-81443519700555768042236454084678848658591473033957843108860461245816570544904427591451754589841998933518283171662074401414400
2365660534512027967481971077150993992243723513709269311152428349629857175978533956445803708422365332533950131906645302400480000
-66153252983440316627195839797447845553021096115101091008163658354889007726677740796597349255919439948555165490285961248052563200
1782087631390637100977520582298595023060976466774151839403592429152112044881930976561397979955380831267200376473009568314885376000
-46275588549564136749206056930374135521879163303273274310545670197068709415375152569884722491503728713918096079377777239157259008000
1158980644018394069379937190397705608201356500186498188826425031344659008818129415671203222162357952320162732128340216395207308544000
-28012305798473882512864411236458190561913567694108309427437882795800886442663981151248688048442972225928437652288969866822972394240000
653744967767939364778004548456186482847147306496723256904339211381113132046349177889808270854995765148223227165197247869721902409574400
-14739568414644255041131602148006386718210541058463476925017344299601850635051992550138528589997277537519534437792051359857650901008128000
321218294805301387436440316114149591092074257427055772362786932015152505567007159185797298918119649810896576202579533433401438938411264000
-6769701865855138612974533414462149369130444799949844845258261149476306785881443145481074996876783660300344144524356319754026244112191232000
138038452108452435780183845404267264479925475998977305047844231251040318055863801638325044858190666823311704821941953082484441383850149340000
-2724535990479516466779955278605266615916086477877092649762077701362249269348293084596819838051923762618410976758949446035848532885360426890400
52076415649064403357231192951486340321665142366401913227546048993439135483457043669313870458265191110103052783505539687085571360889602649884000
-964347561519219571814782217972422591204958407104453517680156029110629319521794089797071532542706736780917012415786366132404163625901091440612000
17308203465744608716274309220148636611003872863843599986875326377151675710586664165319757921449895652881026101732470176916195144385982565060396000
-301212181926962729507857149849908692796623794609065632621834733664965782608833870913162894892193048586317458025424032032848424425141899900877780000
5084707518422581455912635103466336210890925264261933238356669761190063198831082136010853472225028613646088746536933517067161280561232120857348255200
-83290958804551609546118992991218550409505684129424546153005753923878093363117755878019485314219745640116202786210530682765491518020976468914011540000
1324429073336573741918534110773944357128929890848133524013227296962407212983897155196161692403889288697156409736285969375332754014950835703225269920000
-20450984266775500750844514237803632823244183510643716136325095624910039845150299345022810505317852861516777911047056401198725150990478404487014033760000
306764764001632511262667713567054492348662752659655742044876434373650597677254490175342157579767792922751668665705846017980877264857176067305210506400000
-4471457736045840218833313511658020423494970267256503812622482441018664205183248516260707349710709530582992367212424537041825796946294172966119380378709760
63355973185247846867956782859088017911847016390628855960011073921912652103912233132059606907950912046903063596375488938972130059225193060170915874340998400
-872889084429640895109257163334512214397882817996508577636266587191647632385272151772398905294280005460511141170032815813428299569561198432481296175964435200
11697631957875983145964489651707667630553613069837497921078252364712264096587115233120846079298691223735436285646797425854772537887157072747709572619778489600
-152522800924877123618468249544578024905672210151902963199446048097814531462870774250153637190022592265898273953614507375249497720007596025451829269657823200000
1935514343736690698718362086720695136052980346827648603000970350361266404263830125234449655941386695854249096471368098591916126066896393562983713431957776408000
-23911463973720083003294747590176184156801451305001532924286488606695998841274920103776606746277869018818192427143231402433739002949594144223082592932074008040000
287663019595800855785621463721673392149313354991698988892234181495070306107735103663696798471134649118120348277285882600486319962313886007509458225380923655320000
-3370906166774599460735355480020253727396954450343284116171198834308686398774732430462948388761690640057846037941712504672588060908363053524200324308364904038760000
38486423015215665044903661773020357182411940266391010260594072858830467160614008588165408474864200391590146941125901272168890899486639397946368782069426965612600000
-428230039116429415726622875238045610276993534941929371053206658988822157163864465662450567848139506391740277196408626874869108415312169943295021835203225355371976000
4644755778518113538343656983720391949218553457685448099768555730676489108664846867961301318655726230766009334328812878299350983920543844355209120013521192267163320000
-49121253243894759466745238548799869779243962032943197785992017515320507818905403255343940633430429065150845446560772158703679245592254341273804258121592136003385160000
506639041722154213342959154619026756070218715843910006916677998835702427752016060022059817442323764242216984440560691355885881805777962131485187720130140377952270080000
-5097411744735144556541740920005471193664446478876456003184528862165295414682100732667347197458148263007635724654776454690989187035913987131512692255494449870080313600000
50040221270908611673823835925327783634002731631400034018422345309127855579489126155404540710257051516211748429833235132247987184734288469228316449060234157514729162496000
-479403568956350043127981406006023392658327099864403055047885130431066105832480355456951966821427748102724195348486862603175228028123991752955981824199212279486902319360000
4483193677933957775716680558623436150247153427276374127262547713123788328078034628441477088592822438306572012077437635723833370614611317961953198647095469086241409780480000
-40932403187121152003123958107621329919825062399321706059375835965111133414653504509670264915586704761909477636457280353821707686128339917389473723848443508767860493251840000
364945079570100085423959418256949793015371029404545496079405653840137515890267438351270198059067519368857927591682270968093496097011161010858164323764189635664559716883200000
-3177994321162740810366137910275007333282107985809710258435076979606675624524322243486390707552374007170959932117218986997610631773983839889679112727861654033962705009370368000
27035021134891371477073048195047805439379043629283993517937286805681789166960380196325198727442070547114068866969397632444951555021737526839284118691878654108363289142213200000
-224713348697677701042347951981092966308589315029802665645373726135822689486711707303008270472639176456387499615163745418282742721180255793550844199227947061521178420017543600000
1825316301395588589516414871923055444363355856320800244931996576770907918808554113923602790099076159279019327361323834607566985127521253120209127204307643290648705841566910800000
-14492091418538692591900808413293802612298187527762786558451516541314988236107299089375079186976799442332097638875769226608287414314668535001435897704642308199349968887004302000000
112481816754129916421297314580621178355613612315483644152077290787070412693370412612093614617639126551604809033898170429242883594944731301267144863624351739320074718513372590403200
-853620218019896821856164259215644399803923909166078454272430493704642289839944171391552512069849326731936701437038218192318187775967686862816980650669462787909379897432873158128000
6335036935193413438019814954109797712193442221696583007620425151857251103721815586455647112835179374819905477831275942240029980253557962134931248558197862435607366459110630746384000
-45983805190728550157563567741647015969731398356696085179359607848908599843934947013497032445857164493991560102870493588847015617813718351411504445067503326664041518419901248174832000
326512226206356569166131841952523190317619396615593504232139227329528519601904949208262952278275724217691551026299362761043897877967230897596481266751502911223963444401665667513600000
-2268290060532522085170358631019111443956171175164165268267009121124346380483401538758282791650377867896345903370094738615066955317132714891411528045511506528213567725185303867622144000
15419365861825741978044855129693817380684616799487267994858860508319471034293539474043933751001767670872454619028821300767071381908383478409221476692432259578582440623856666910731520000
-102580735400269131735674948088338631184785152219979626287397574315413499019044110500437095118573817642356734297106143070619750715854296829416994690822996586192845554633355816978748160000
667970851776512439436555526166451964655932945937233588458540857716416844778329756578292030902427863303521834990895557141607622288285798421457440051216412612698817349580987741012506880000
-4257955766290225536632230685482386966014399601090513073134213606527466521276559558493135843817471107422963233148343996306679006312879803337183673283298965509868271355148228816226092800000
26573866747700220795398308466519663977317636386442246713289526835580839819894270381749392262952078359351445579704987208685551391795324894943038204269554105739108461128543276635217324288000
-162395852347056904860767440628731279861385555694924841025658219550771798899353874555135174940262701084925500764863810719745036283193652135763011248313941757294551706896653357215216981760000
971889463281110966335103101313784649374516616480341012872944344556404694433378034965171225535347695778661287740741071297249630409113030383928633644246192251563822205049869326599232242880000
-5696844753559504463723350444359999972725698582011440503602573839534280066117553902657856583729670998977638139520028738615807274432679378584533357535507459585934481993998556620563296709440000
32709953486504326183674700689300030622098463234048452629949527539708216261441356741792032800700834867937162047628850759888545615432943615726214153531822609595447141150521106111606124996800000
-183994415864993824508865380641037321588546448275546195810553898163057384945548882372676832671223879520658859877894732467211251181676529944611629269972462438594700058777195886937504063866688000
1014047702181030174314614791047809733130692969984728439455311911992593316554838370745965659252226731959873740230727806165902674467384918303537338485520051608664012809075271029673402302047680000
-5476331688153774395248486204820763396972221432687633818658254344208959464749034716497699122765677961399487617359705933700539631481508134664738463161592582020140585501972938959066813644786240000
28983182617310251560948825438498398179379269018788933594122671583844200005478732140774809232609044838512714844762385066522562950526809642323607212532611358390419421632533023396405604072937920000
-150339642620897149100310428118416767055031721331483731174089459868037265122691919313651127193086462016308980221878468685927184628977247530321345088382385942417079204577198872507801260304897600000
764393560703583726981133910077639028937583507569855059836259298173487250223820247532519508928404055762922103883684303007558663180222094109722750138264220080556171600161402267328553963505790464000
-3809959708513354448224045289796851863719701964682069052083260862250545187151375081188826662389883612410302611222721263026882961927239076405779502174703330399466335805052819510846337373597094400000
18617709588792884690152597555596924869125326746523531731800573033674190577257041951426077721643443623879745331863139136150984385037083613621684678323738418880273148063229082817984131272269811200000
-89202321036607167197771917444150591115624797400704028332542014508027037634584651988434271651052171192026644184728889322637081440821143492669380479717947436669598762883157282452720981131140313600000
419093110801541477521269726597648198633762705789988228846438288765600494193704166209969548912071334996878562428773085631328223418634196534237515989517723909014816248093085463344469541942870464000000
-1930939656941681440526958648799442653941965500961730725304572086177558091359933224295802738926651358576658213619827405291836808456377244332562752870487709563768680737054036197864429234816588004724736
8725473103363329966200807096552785084013391599835888273705593440562989258891509795350270124124336637962299083212800331042855419416761369892797423212949627368654897712034300632073201896305242092400640
-38673066882022094940405300819100312933279516727476479944348177710058057731438859243611182364887869876496427215675705701857561247928949100968839320058536177797943621597135349326369705745004206178897920
168137200936291373705746483639291594901328523897192664758045006997244602558950977883356429578594528017736419886902579867841662769316095114759055325098245179254340823584420483594724540992928443269974160
-717116629797084324786091982230558316695017846499804662051694271475838931952499588682844936562751434773081088965381323605556277570591301650743582218547440153691294991521197273188845279548891067909766000
3000687549865716870507294710971370528012123197223679673470272905425173130884790586585565830412516595349893626466029921898847202643901448966507879299810696917658793882864673749752803715300555074456036240
-12319412698898029375420514472436799169692566858597654646835736702507463022929195313669718581767604261137273786647872393647414466655560665866517839057640152166753121788778660278470589462239998121950937200
49628341147902346069761062433957977922351965848179899849098601390174692636905766612551933350059210186968980809939592461828473154470105271952629715285461292521162484194097321066713017420428716033974987600
-196187518313605481011938595331526910632387693813425058327091293991223117871044691159246935574062433757938827581923561652907436388299567604264318960979504313535379559739987753419189392795427600548802586800
761106177641220639746694283292167776489871171254354508969992177513288170577911182120357625979571682756628354274715710890038539697535524577470063422913358792652848080390262135396565666191216677112362898000
-2897883060230559199597413608336176360955207157449158503809971313570621643049209044637242031514318718143495096377327730829666080008323049983825798133299362413222155344107581884076987003713290339725869621680
10829459187020774863547428017311662525368940242370557730500930860402323095131992277537098249257661645657351917257833734588371510065705515510490871916828067149757535541993731608315383958513334141536121769600
-39723787982781143749302028702000960620388695661275815870413851933833381540335248139570387509544580495421796976261392675433193742527232544427021421432034841443835955536237542758681295721230087678743533244800
143034004912584992080295038445369138398513633631852827445180563684458235611419273021771718772552561107543765083816226556385473708915006828210970012100267441056853557184986388471344980581610458533228395382400
-505590154003674345744203180509626070437683795294621854477956968936911919728889770251120518273975320161466872128731907906855024426807638907544547227182224775476311458410467646635811057855239701129694801648000
1754501016056832362251924669670547286065790868406071431335342918327193935320416663948990467904219662046037284423868849397584252112946345302834179806327867363714122456900324870080679842402142015920271511678080
-5977623174015871437912283964596072653370873923418603108570969899546928283734642258064728602358649907383347691788680474520666431108617307936596407081214128860780447895887707111056528802631109574385573705724800
19996163376994572516864678535009635618685389202659770724029411905586163786672738027721785046929957029995118454003673644483633808328627983284035947750548275139722414772536085104889157944607895408225338107446400
-65679608075827397537300105783216401564880509392882234838910631789452093650518254932172191121675603884477584292633612777105591080444469448542170399655781505027616775051441695351366329486306348030919423182691200
211837007528517377859501884393398579121296704677660294465004969814745178595035729642345492969601870553330480203092979481714020614396514116440024900124357014672405956570236332228943871337006585470095053166396000
-670936417043115372606044707902059680488288649759337772590684706061055704533746695486964505224197772271906302364050634799848672852950215054832708590924188250370995721948566354314273547500718455792585002872935840
2086840141206537305487932263741159542896112660867146477892775192899605611305470346724795772957605193358387495155590030363575108376365136898827574572071386798629997014692716705340417348437682192674441062604412000
-6374476246037295012418063997999107684203050044234242101266528398247224192949242499711397778037514276366656642729188353658591428506582145924425550223458560248839382338323020573344667866089411286587154945593476000
19123428738111885037254191993997323052609150132702726303799585194741672578847727499134193334112542829099969928187565060975774285519746437773276650670375680746518147014969061720034003598268233859761464836780428000
-56346970447438807247961036407699422885745126612798920821721988447098171782591959567400714244897616736434148590261230055570932610570434360026075046331364585200373162784748487564345045060164700596202703585333620000
163070636784685572122588037632166916472363540645289534587877733320944202390900357297371773723144587173762045315708900279935859905329084612775906787418361614662555505239630334055106309072785984178770455407225955552
-463550867207552096711790871414801924966284061529075092509683579018332462522091428368455397301241893674285643925164351197054636189812052944040629727929525374078046360778327270811881734246420050197228501698142638880
1294347019792832447328213845944931690764582642718303859417620630610745490920410414945714793572442739123767116555583562345238430136649721239869680791559450351996317816245301631519049274571721358999463517207002160640
-3550178952532717883959273202895733652395299147379816989261701389620408207763116387390299019646538978637264097256796693045440808397790108575689375649692751879645759239081638765216096235312337703331135633701140062720
9565543728573143564892796325899704013664176737964678091323272001886662357735838132663185501577578037397587106371618682982107760862657612497324637544921860562884298169055351538931883514777297151410843607417053888000
-25318730124607482723625299111770575564325438624096226618328332564910499312831620507562315472666795628559831911811762899875763355713517595684385890785395464518392316539787673661278560024482959548610487235765156037120
65835356767141745017710754758088511740241360787837328254759076459053928193457632549249807820116486989450450500470428842214756128761973761296348585178329429434741362205693786541983369425923803428503929663018535257600
-168179435658915747435197902342998065590806027211154734399667928410777260601137845297116014808279233894467382719912430236834620031634354409004307735118011650907434758164871623886935243727621572091468495236775857420800
422078913751898309898654822047488976341739273226777215975324268979010452298609529064048732565626925250607693565452394616173794833438374156102302844921233213934169302537475443829685422609475514127330722783787895334400
-1040713938876016816879579460160999380572853826849853951893589585333120388593561369969838129206849190518437980238221392286665618485913573554077649137224202855527330543636467378312702852670450384602158166398774512704000
2521129516927150738890781242240020999437738395543771198462220770469484141367902418751932868003592164030916007127091322814447460782125631934753105034925631417514958241959342223962522660594166056698728158101031257025440
-6000581981668167309743711613749396071151239161802128162074252939088570043659300942282338578429906969634171639200104130281907954668154811242413209950609036314323727816738614193409507177398907251573165916208600108104800
14032453794350661642035934657789511342733342853151966528075790709409530586780163749037939461796991713930360533492942793920944025068358370506377972911476062211655076343883639318622476546689747593489877252307354284202400
-32242056787373436759432711169185001277422649748066095850029839114657067022890159824890627811521734094633095693783871381703935786004293479028298246540211493463619535758405078455491223822717039457253812210531335653871200
72789176387913261452734764358749006453193905885729228882131611802572022220028647552325956302632350320721355239684587682074025168284529299769418111612196679175750230935840138452462340515890044461795489196291742300084000
-161462301239392829105311484091431083515696351527826404459901199940096491970238753143526788873177971284432814114960217987442881687341451200821852311418628821013874460842840102893761366615063936642508407274683364894191840
351917034854040256788539981656675528957494660791161774272814126448040183906682374575418019296090468694405385968373881997598326104722294931098869568290130896722793588264660203941040342535227900811041331866652739713498400
-753664482079933393711109307770384715050531880134594976226912737292914628139926787847036180519114899197201423060456339419504292848676844252204890197040576860717927951747404352998906971874271463004807114934187966039231200
1585942492902898388580293509321807291534906087902276956776814104779648015677669068303967291432513892188215239456016968211564589033043336657700993430507154935932510519776850883408130770746766253216464858637021388853529600
-3279221102845861991443199929729327740681134379786035701917116240949620586318572417936724498286023175070027343793112358031369588086774771412784292112972236082122278937902101779337808993608426913752961458870813281003648000
6662378763830367913134218929895751128783165613962521531964200595280204925476861525659955558524641409945042405472539280767124454467234168798375172861774318816536046024839439725799266189228802583665013322458777598872325120
-13300378247617992781683595979366795668503720553847754674204377748691288345976943044369204395502067039620459300963013594431821416145986614808151250497796787418873899206593560206338092534326163633988069925738898886295680000
26090033479778507203443159879482621898141154380100490104564239099244620243839033218997893100316926529314984253430422015686433897437259844191003020852087045953626626512879850118111553067604648729299475186941582617952640000
-50287539221089336263992300576955929347391118070261518014701368602964496241315857840366582888769505853740301935502046671085011602173918561657469052220065669415177894471866748430067866009920457457552835881890443265121920000
95240041582020826442638344400933181027196680874250080689753483805455945781379683200112956230745259137715316190437553049280438805279841799624761377140261774483627311039002488934472566951011990706040415162755912829372800000
-177235108891459556564649857493994544323949911500551390974358883120220075298828066130861632279066222482205178286015561986336048586178072293956400837374715389048045847622001333775168197978942836320912630221734603365184824320
324076593737482866858915545211126387865073701814024754157660354465691666610460410177298645799532245654445418973396223879973973137949574339155815580736824626668430940383204918163272428122653739966958011872386619789645804800
-582249648303542983398377838210561173154630005873344547775933747384544250965654349249883777845391538547408768162263501980021546363298148387374745175171044328299210710247676441273456387428255324508288346715855139586319174400
1027849619016341565062431171783648135869358840061479208629072287549309716103111319979942540791833087174399293676673469030001424415856332394983090744150576043758094099405789632410900222877072869915338461321525365084648531200
-1782801491115545160211747834707913147246952889623192379125517068148712196012309591082840944555604501099130512346091821146104340123941689486944392125906440611462066713725437995731587025573275638885956586496793863006127840000
3038245899180121653279378655593584331431720702266487358203535507249978167130113777198461283783403028786715752151290308530965964329739639713306220852594136567978070236576042727540595963088086039405153669136017590732912185600
-5087237227176385741907765823771742880274931751864355912037329148994156233262793908861805003569444557372952369715791028187971611773385059566967209330272316517702055579114765233638759242855741878806193477624500013420039008000
8368969055165306480136395823842827346695495140157966500384559231584034581057727499145558454730895206507877084004132493298482944956988849955415323355428060369599698484999450160350297930856632244291362606651197160103996064000
-13526447133355207496501618345042871265029922226741026986960346308577414666574445828369065737382996352314248347991629474298037754536920645033795132946915543122378180294949542800002406046865446370054602520535380234851712352000
21478668415913751034142456351296808814036171399740005045456882607192870169985887515746720641591147326926216658436613910038472048792085712340997942675631486243473859069485096317584160830561389321069690202740490354017841920000
-33506722728825451613262231908023021749896427383594407870912736867220877465177984524564884200882189830004897987161117699660016396115653711251956790573985118539819220148396750255431290895675767340868716716275164952267833395200
51350631260328519035008773724227674100459838706156073110064553957106339553813641446769284319885932038006118952459314962307031718177013520944003614181775089171615650718811298951987716594078193560320827849951128620916884224000
-77310094196646044829309013991232644867365641807400805885943795137972989175830786732479124698705558180242733406449299517303277155962859413684662365976376594115303530652671178927773093755281382263439349818878923289353747712000
114337744563351121981599161932710299131590562147930481135979347539953714638949379925309778357026282740992761448107678371674878437542173700546759596941974799898006625007821069061582026844049015778477300071651173556504614656000
-166108374740771716223932378950701295412611411289349467219608864269922399182225527595082750982275942522432724597563001290503284245016967727383726359376943037448757140191508479016567265280141196322165658498315770883088574720000
237042632497107915041332421995133737797121591800058923913722167637931366101704439877791772842186356093785159012965528378990780918733908848861497150406166136210808111748081739751176710198663542097858339700809840798149335603200
-332259943881461945550794479282946292104268320405033115164830543081758186607018901158161297779260418268570053072229168434519162914378948740071068687426860704891304317157922199560769197006898391633288182906195312881044003072000
457434263017359935454479204985028488956049961946512604732136494208045558991954841351426925588460957789888979316454393348218222553997406859160342828349827324615979728309431083770295092407066709314579043480230699851853983396000
-618529128980519419824310830290234097646899740485919094809082627822938351895293551352984508607318667910637553255976225664305275722225761531190877264772094629625843673004942827894935512879989501679169982629568032952249176668000
821396691105493692284489725207405149335531114610645030251832015585887417040247946025671318423684425076354153250443505120150326299204048286983740187408579274861825560016660711504646533471725881972710057706074245056685456740000
-1071239534743262003789089545371740401333289244040933535705946127151078051241102850528838036869136997342839679522491620313303743103322234282703764881887675340425319956522977550144034878143230985217847849354422824105354069301600
1371954006387143132716139255317826628113229664900404257515945164926932531264636095533601400821572789183353608717893266332115372779140304214624771766682466335613435596130010814949149208784021357578043372246918027540176494420000
-1725397696146185031267917458174577140310814508356155288633583335427060631642997601450913024553544361402559704725558933491498234925700245504990884475675001531662370871197851989106215708550123177595701071124103382466783327660000
2130648741603640182984961228067228561287806141682945358466713509710612674704132228380818318148306030614751566808839891036384362545224984322712445139179118818254226574238098420993013847625970902809995925294870241607537864980000
-2583346363175141622333347980244134728169339458420409115597566959641298643365544025294941833435794905683374068339851199922022049130299174825257898875222478979280237594051723332339576270643695686937752944446685554677556894700000
3075215510723688587225617435682617980412781691303655011207343708757001905062343607711098758521970255725488490951758868387175047284708137711987002821064838976935194831959171454817031592574255345730701105069334484288163727450880
-3593878872770945190610567244022544193093970138236728579840962679363427760390053549122039748610549878074278832214234671688831213523118109008971716992068918400435514566247179036142326839518662066500211694657276495028975777619200
4123043274976803408069352853327696764217109354748008486411017178373707977634035553904051679050021098235789155318418621975727055373105698434662876576628031765542282812350822101752146946660807976105477645581227999345564505977600
-4643113622311837602423607897895567078478570065417526021715549375058571334370227085103383393668235800573376382121911548206158010597192752730165743242776506834514807893245761879104367573920457078481081829175375470543561164524800
5132238240733000041125671936351309246684309472539556829078125510685656511462669307832459537407219502748349518877545444480086228553221516378018651219908672491053468932365077048221859582860943521965824782344945973784213128800000
-5567730485026965017845580232009340627378568784355762888625837481443658917646509373310878352645628657936942365619183209025380398476381252901612095842161958061620909032610499172051940517363790032360354970895620033094492819872000
5927751515541480806538394638565887678974543728843278520786957710708467101029062434870993589700478432594755775253904641902316109038620628855095543645698870421906698795676839301378703755643699539589990517133191467037637515360000
-6193088569073851694702427426186821016234997295365750648558186558269409944497375388500776448227994072019637139508309391211953260363880830170040425736586649214158957851666668183734052860717904671960258243611323074164482686880000
6348831920662987018385772494596844621672859653385303549483466397752516407598640745903902483168638893357409079407186994245389954781315703118103572537654656664810884306516273744567601527333591623769909708317524985792879440840000
-6385749649374518318096630446878788682795656895938355611056434060238016720492806510182641322268587023640891186185178008565994543699024871603074115964420625456570733316700452987971373665973795196775050549092980019935673593400000
6301185527033594991616620646856629667132331190105521151263759287195408970724829208551197727434009816797211357325038689813102461759790619335133179825572062071839728594320564903051299239195366707094401353612927858220425670984000
-6099359634498613601754638637413500494262658355328888255288778474914897454984984945138560815430216146422493282808619355753366963669687939180332076651086633610788910935788610868960619498958341641971950907076416209204852637880000
5791026039589819322135856620143042299109473062891472045872257811533653083818068653857081415006189555894905512727158355925322069101836145886061106596101122050542550895602785755613375651022391299088356379200000722659075110440000
-5392525228560274568588100567153411095913022294694086700653866643828654848730673949602153861442096809889838285970249709334062497594068012414830028661982501339444800363387574992117928125564657920883991094184628943335271797720000
4924347215005473894190635988260015111168717625209771722887254411846326006068582072066601329494027613538148246992659683036738877836141241138706258158880867456013222796682426110803820294591536253196098077535181727886301567400000
-4409381407815934450069110096053440464389062005950409115890240072703759431415569076147294659363705720972579645024838873782015335695310375597018728641519480473160482526284095168248370488121974625333470968680556125450338738264000
3871061866944030244230768808606586964621398743221209649066877430082861503574710848743852650195845900442319578622629463951289183600821180222348403745641244859839106744611551313688555709736712976973143237250419643742409866240000
-3331617241428798948967707267225873344416135973720528434405770808659519806225919143898619982469091439767798967122667805337847411153145744672240093410342176101312397354772289496269958955350501535768238356644816345684738360320000
2810605135160411738532390366080711095958499357343730030977951419509668127077046341157803895655896263007545580967132346848013180876018836701444529606250284577346533009585275449971702601588929963219009599246780088611912514560000
-2323857856066098027386875585724455255524995142208578102592328423941450127796340206805794572303216494851321282151156840229727542954453138370671646161169596858169695512918915326382432948979567100174096154336462217508087628800000
1882901026518349178553795722515913993815458873901892538662412220522477442389695817150744627013283844258045772744623277819194118274831286660005356939182374181611214446996450071062262200974849243810482536951626081028867034112000
-1494840140522286386405344467569348807563203411796357224189411229310600987462591988493686102095372352349577708035723420843947747509399544240324885143973230664645990872060100151623415098847275433114626243735781439607999820800000
1162653442628444967204156808109493516993602653619388952147319845019356323582015991050644746074178496271893772916673771767514914729532978853586021778645846072502437344935633451262656187992325336866931522905607786361777638400000
-885790001425001397021132316934673548197965447478891375857256469429273724216289083893417874771509595774160738693599694161471929344201893660154308494591790909708617581040767853123695529660062137543031925201085125417536435200000
660952998512277828134390823222938808285471666805040121015937544153220827380776931221491654006802440724341877724178343219975865645864933407130447027214537859922884291975572951629288118432571875590144995207442344858748488000000
-482949380108003341047293845764735396687168047936498550449393495225121809889231001734601437498580327601661835039902836425681525849011155588408145500912453727929035315446289759085807343979047234567013402819130859825579561868800
345504157513243834322737041354910944376010660028186565772982189590530795938454475749517122057289630561608650880218686721638400707237599365659676493917712021664322782254041581114327675405168493051113433687270765487247967552000
-241964884476322658099412206939289938669430741687926577248726120742756211706631346744024226817547611986973769805632784407300063388035538207777382554212355639073151356385755565558670706249807203880058423052505193466558974656000
165852815552099279651397656156909416256331874958144809951650683562363214364625426038455510348623740195441854526667962719315863701186563123644269297701112960361929230739020512311221810655069449997196093609704236949838977088000
-111246406190673178652922571181314023699328267989793171183793459207607140696701042331432897475502756647940871321590846640070469779165869412753135381602880348977534003761275462339528750210561734208946675172505225581331134400000
73006242671368810399146691514754208823173537836175042170445628163540444166855829595047721526645627595272500733465932551166095063393616683046084081431485712572855774566662362014727411952927432226801375714341992651824038976000
-46866228944505136714506285823689687660235181847757277216480481863947038378884324558729403513713123316205834085284674566447303956008102162211045711464094433840879566683177212024034172831234969189653138529914824652615814080000
29423744212483605452151389910711242668970482777188873210822466616128461669501692469689803870678393711006754336540199965617332329099022522767457949646898764646830453280282482697610039542083310026322065569316322730774256640000
-18062685320588721820329152711493554576963644191555813838845444655744501502320597265327268757908578666151929521153000502019356306652970649970916227741940266525169344001031043136975258115253743359561522209445837787553899520000
10839722398176371521221710097517682142578445250466141477545133161439190579411476845252649050056174573923449559227985910153335675297987719300977194163199597450819355757796042031576575748178062802162167064840204355669171200000
-6357798971468191035652193965933820593576431328344930531447069411175678081624574857303369042650421921665087454467246566152588426592614218485793613329836091643811493931204555861381563876129210180621724823852223798723044352000
3643725638632301383546718460798038518869572105730576389036743313787841934168637414628044021857969472485449431675425710851598365714526103383843222807533180933468523525640071514925659274024066162120178403787758252930903040000
-2039990745038544065381147170800902941175585002562079362389190959224594799690240894048462681467848208108563945911394404905734725678304801102239986961286402478498542956271312092610999077609265050120052880840207833144939520000
1115433114810638139838021505791355940507206742097181025561719200429068394463776233501676897295780571667580724044341986949022242844934261346984267992461027779889429991554888039904453489014090762169307920086556687524981760000
-595492600552343447670041942877530144881344332211507770776152851264586416364784514287803732130649472750877508792426758845440963840903875978646824327832129026938046735744582741494131915538675754842405508010005885507507200000
310317810732276752174721856899512931054833879785774604993350763603434476972315485778866611521416225244623946248497944331679791157093242037761511788614742792926604354515788117511942075986265476690097981396325289225578752000
-157800942476503398279651005380883841853696021753634630231549298445747099350516311228780933029476562259602421660256999463441790462022845742760735019657657898264273335697109244860026673339893439404315419509658363617662720000
78280735278112436425456270205679895047018250529106503611211157339762392089529401574662653957590893497130823613035078690183575174214324747604072020201732758356220014832873741234777250766180318994163164531018966939080960000
-37871018386252738765533866296900160236552191618232069783763808561110133191444163572344798990778828676735190065091247827100783959114982727307922664246691725650936292972458537246251108784864657703030688430923789201319680000
17861767607598375848834166984966348082544771913463392225344123629333051263365898164328170445798668188032856373081198585477526430595752401619297037289154522579251059974916617271478284309980509075199908141970236508550400000
-8210312870658005631739833424110062639658355716191061305947017327062527570304514723065032082799351169946098128940997087412085493487170420875935436165682006372080233165646387124320822030765051660038994844566443906829056000
3676704983720535934631328669994426226696104169290398595266775225781520542587949451303165599905188986475300074266326608977254228195887342285310501686991578635127475688892476222306402885744809636906880168678541705913600000
-1603469807763646340912582765207456254219922366082211401994182635879442657257741825809689178919132642120806914979825141947217676893703789870105337218865821972902960967305842004407652339507484961385719494632430611372800000
680765537531287936620534618319086526245294823477151146736343928656412699439291014495684895940693150869187535183942411981753186443945001318421412679809839089432266466868661329654861763287256882669483406670168251238400000
-281250451506652158780261515914959458230887032521527501550804821414719299626416337418863705577665764415319732161363282574677954722692395425418372055181836232896364664260911274965069661240997484711195262364419279616000000
113022181440657209918800771739521948046831339340970955663200222314433438870673163689794893268618453424882726287436803282329784173042275256076925320607151981206801518521232761312363033787662285216102083352716074029367296
-44158679960028844338205441125828681309388000474246441701713837435434026409130330061813325150506233727297793805896047884867663012006723788961024694318265519871199177447979308577702196420426773393983472988160603200471040
16766724792079483098431745975465815755416406327712115808637629885411710203718671555342071303051875592602110170190310950490191020179927626597194309482899001876013393906300029737111919880469424919307909748843040822149120
-6183694045628276609612370561058937220361435175964316235131130445795345073023897880094366061821706746153791104183515921327031189573146768127606525081829066807590310580481257354497040925779838992487022534970670760181760
2214076081189366818805346890080932633615679096112215652420006096129215561827330290628369025173312447085259075371058617748379014184693569715228946763442424255306221315783945763669192841861155073570125558897366460416000
-769214805846197397979724591984903485213561037451304326087202733066591445709207513965174696619612479694011345970128185060417228903443482252006722588741680989644334421297579680846608773402312253241410326813539495690240
259159285172791115530278304916788771873709529219433586425864202058568407001637297185532490560318657709408119491888890474456976534851563844670233684683476505300093139987954091691484401195114968133092346436202271497200
-84623359980038849772767372740546918848132347449250165156877670302308056651944943729660997500558562443319428198482455462802065329182026638374584473308733482563053320264049507116084181146952179710917691949758124867600
26763580528510574265613525793732253704568267809951542528733079670755802064730859855129248833930636027834273818196812877875564559070068277012525574365955430486710511660939400033168141660742102146419074138067244226800
-8192932814850175795595977283795587868745388105087206896550942756353816958591079547488545561407337559541104230060248840165989150735735186840569053377333295046952197447226346948929022957370031269311961470836911498000
2425883775473981046222619546042196550011948051944164692919580920283698228449098346487140946111379712896076069066360070780509450312521826920130623852081408781949632900942049711978747389270984406605742911246621605680
-694244127403667892369606553780664137967483261735022837134910380659865488815712809042245603329976769320899619301664531933853462718436502925793022885693502212300290562438385507186119997560779216493870584030664379600
191876924204626584319622625988094517008319626502488975964738647833444555297064614724513192505919224805607301109946674142664586776618165222133693115019187750885162760774154330201256753594241350960341948607740874800
-51172542913772739246542216623088082164733799102074833229069869979088200083345876734130822509457877661799908681276096197859353644960535700280475890829113568803634539287843180170634002711517734840252539807818472400
13157311309326324140525087836973978885331004360496743162662592832088793409859362245690202298115891409829177622366673035262276419273599629089562212518045729352633306703944986637077613185697856524582838518080048000
-3258366692495466046676707761805830783834695576125295270087079415348610981713978908007095879907916945650968003283429131452420779032925185468089376118210513053352023309196258634466596951405787437793095687688574080
776415603418417626024214100062839999653074897018945082447681595098332030523173785813212116785113343089989831750786013289160132490461849553281515084982605716540153668848562956881491669974300076335456968941564800
-177818984093092967780405723347585022574811735942828716367508274813371867502024974413616606078785584769463226907308045266059525076404082223855395598093829392107493287201258081849992488261448433086857803194166400
39097201447957843439354076396539634056881083398434382502724586152995774832813243427542791312043076891837871454112951810559311929251688383814942182071421165072420555684482451946077653355769570830191279071651200
-8242393113536254358941231263100456289129792667916647159092101570790212200972430293765499115064981661184709014973439834580537906893692822032544367649694308718505487444435259386097685244016318224106465668496000
1663855378035658698850194228639044098091001768190142381251020119557596196838275503471235733570593554540386527631675454124652892151544356228133373310465040426632740099208632059339005981494432633552136471571840
-321144183544007598701018548099269482856169579173694098041056224652835964790546905157946739877768053752127272629444037556909011944937313619555705487069102382150557466623307953883122639774561656031393015952000
59172760462693441629166912409294463536647162944633947130402228244856453720057517991905411413464182914535561479300674740157110332414920243049623934901140836849540432863983212955973289162613869147652865396000
-10390504584460667265103615809959031307331393436869198112084879188509659459195651866522643791920001097593244147641963937855547544181648233852465864778156558277314007230620943632073722111810539595799394188000
1735533692380211618951453756951439242819751634321750550449469671052148884041684085542569571509894157438053194248897487621990598913605797492007058771352805700856700552400056384812782717274550675732916020000
-275183927343221388731859596688987873859856421119366755047135085297009153964215985054425808026117564850772837715550806929921180450552689160021906006311292471523605901802698527078215901657377020201168872672
41326718767150450103608404039619056880864805944202316710502328499760879034743631445896755458658697514871367142747075604892594837669643509644121569945930291354626805248672431602798649377236834581776043680
-5863806216918856628888486684035145411278332081931611542275265549882009280079942597342308340763169594865104120776856366047591914370178275352155658642773176790754760634731284949102280699213822910396275040
783924820573542087491276906208932280799748034140538927265514772286384243592282580039086095139551113479455718853404067776043161058856709550986908869845407362482249713757616532453350812383898585867893920
-98442531841913309248689402219811064154077376109296746110923637917028378118402412865739990236367879835326879816446663872648371672387614956910844339136687053972379478064011274324989455313428767318748000
11572020069580013495356141975226769990356850742643862399977962334736397101265263226666578444111816078601690362096587426662339200672503309220540069253618723079202159054055202859427331889905095913387520
-1268421546107762272543501333513857401331524970271179811195517584720856079728611000706668310099767836783951952026265677711307427487247073128554277420372969545098145750596468899182426229494669585369600
129068798741310954044338976796868040988565716757637782709548416774321807217493086586670187180314387295102600419955508576529094402027102708066259404527665479087246559703066072282382589521035992716800
-12130265681002978574982075919914417017579619548686331337072143903161735605714523376966456053967790747421459543270675286937463241694340072714289534616236163032247934858532112101156135690604676262400
1046749766164708526109343984360795755335674370894376935454549216003839513684946968653126043141438003397804979433196538349096709013496911650608202253136824225159264364900112827614147793178542784000
-82361068089364754575128561453368367772856816305151898978024303348483081957039040648348766287681505444325904876054897834276110400803431977335020259769743842696126298012639225377433284656251978240
5860206077071041024344078288163283050980814109442809575677312405107481258129581111220473125755615943150970296574887591025074117715731504084427330332288977021999303809887528628498480569947020800
-373301864614014401713428338063989439819547786573181923339834867360280617239567216921096802083790222701661318531588767498798867239549383893588488414980396295140530382674062605030187662233510400
21027034040758527257006380153295701471317120694322747225160451633719510075994141076574125426015961618226293404942885823620615207165976098944413313498124174031835430505560625129015200110375200
-1030946760657872500538081760608061415991709980043960798925205031549926291126734685990003036596010139086417445830882262517527559216779877218632110711974455438277392367431792721630694609164000
43101174916445656502876283832318001648357339950470465743412852448627120566011880570045786880755905458119426153880880321184624235507705687285499420491108029976020351532582440062467565348640
-1493864602210271511152937412735481806283921927641747463503226484532783019346073729326346931366169300310347253358372996807747571842740593429257339889011727164058286176924333222131792306400
41208124699739146582751322888368516705523836247576820629569204958963990212774036068863388799179374581651538045352004227948750808947807700150277531184973520945124426347884590664922775200
-848172446323650502763242292207797050852783592697273608923211512801423088282585955965492993606797456997498721314598789395164098351882680126332751664012955439318278155327517754486581600
11579012062819977709063652931709016150750666844633981888673580280273025639472574251923755523809766755253002118922978521522208756249960231258649717288343831486829194123819600054308000
-78634830555893212594732765097845774720984132205443071487573524224548786589236327295454633893382041394478876785791212941334390978956926132420131949639887439341752987384974244551520
