-43
79464
-36652770
7493455200
-858468961350
62633895420096
-3154312566573168
115872706527177600
-3231762205484562750
70540192336996382000
-1233747963974066721180
17619144477249481770240
-208615564817433100126800
2073811531912944427296000
-17489849297204577236328000
126237845594045481919096320
-785534718872322080848126710
4240256613982084588661168400
-19957997951613206783050252500
82264545573408453443708520000
-298003316339672122599834113700
951448229946164055828948825600
-2683319904703541190509328816000
6695618665800896732461841280000
-14797782224938440174347090190000
28979976709319441237441341428096
-50286261360993645815856055466208
77257356274777617714346751882240
-104947811776324187328800115758400
125787626956640643076611791539200
-132636064424279966977449544634112
122560692204745692690921119287296
-98742745184487496552744065832050
68911374049780071056093195622000
-41311057280707257129647564503500
21043346729111288529714351224640
-8979144090430974195163608200020
3148275502853811259078547798400
-882999708210383351749869708000
190416768108485035748821344000
-29633609536882983688410321660
2961598097677775883196272480
-142707391328010742671022200
