148
-3241644
17748000900
-43176942189500
59066056915236000
-51692250369937937760
31400170308050078414880
-14005116777192540076677600
4779246100216954301166231000
-1287623304259686342152477273000
280753385260782010042926144604920
-50542570174674500204669919073793160
7637543937506368919816787771150966400
-982260458471603127054543681692108016000
108790357308681432051530786949858575568000
-10482071804866243401978381912382151376616320
886390196999001707679796920465815675785117560
-66295239128489349174736368290202788346350574600
4415590309854321466638305023773383248500757407000
-263504326994990712896922451875761759895988412241000
14165992619250700725338551012840952212008337042076160
-689443763235777300834334059838107386227516866063674880
30512159934938739222874866863083182258250849733644454400
-1232887369771863045158696179959173952306449741127883200000
45651079552941484422126166885710524400680486247874119600000
-1554254914891266955229476328257654797955328106989621425549440
48807283037443513203567046592090970489638616945526159203496320
-1417687542274165146893734172273698628419887124583698794422544000
38190766444936693753055696069413922234984714376540457319137920000
-956494784339716504780751636516130135595104683606506126650418560000
22322462722523783851572119303760885964488420860523394093517101593600
-486471734441015197922450462620878496102269508930220023413661455436800
9919462710086325520137466464378850584585339205530267664919190614766000
-189599280358537066760019618416938268979011786559331975615512353210610000
3402946253355473236277583947157988931467592169146210925666652512468630000
-57444510671949249839170741586351063766382317114917955699478128412521469200
913438638832970787566073026706421853470375610419929962233676906115156201600
-13701579582494561813491095400596327802055634156298949433505153591727343024000
194137339513738735944617598266067082292284123848944948344539780115471910160000
-2601644570222575052438619661707590623513232936497728390602731320245669917680000
33014869596124477415446083507069325012382925964156173276748660453917551255359200
-397180076051413031988439111697479452543378888621731286243716930612477477119053600
4534697693693570557963244733326097604435176200023621374687335024112979812459036000
-49185160760965147398568346742485066228743893289060966289537319582793839988570020000
507298187022185983086060303591912088045226271278909801068946899498567870295333760000
-4980039832006930942107551987705491554691878047779480461950417488954089231407871513600
46571374383626252118347938909601260342269793388213780425838781319198259787853951564800
-415221013347903592336289115810138896532821901666306204385194566809239351073691071104000
3532262092716540976471903936579306585088241871814063197026828780148043090731052514600000
-28692089793523822850533753633946778979165339952515482936948872011339976842368895123800000
222696524141414503436702782205241319724689702575444172363422365003216364259730416392886080
-1652714727220962768104065284470501036003723694276739276867028801098456547214754412776578240
11735252500977250424407564150086397888783836882438385397872393853953537613359202930957952000
-79773815060932928748331234405802694085556199811378059513126863880826913751190452106316160000
519459945259600291863276227331063633503614925246380862152007164392709683918931517350730880000
-3241945225307766581846873353977900937823056586355842742667022564155360701720829129277503564800
19402049741255154084216236960286111224828802937731650699736823815072643383257819227767916742400
-111402043066517359015405940441408865773832354202334239397842551021908329428954945427519386528000
613969642822007085655655807307883582475282950924874196919144142671278367304644675453688890080000
-3249400381990760281250832214315753875306560702352472660109564073666464050805363072646742436640000
16521395719988576718893120236343210814892024193294349880734850223441932773872601578257214877849600
-80733280939680809051231820816293631348342293981905714560978710457630922770041793737557360420300800
379303603998604425459221301753970598894657083588245890991486865469514689184951819693102478977792000
-1713985925350206694535433118407020078401530560381756123691689829225433598017664622372333827278080000
7451821620760859574288816643699270887737904350409744397143948359093389041381487205860966991251965000
-31181243652883132879018222353599860360785422724471922176830263441517639020729778062110304245761772600
125612594954268415004823637709130015980501055548446577217405294506830011371847140825048581015754725800
-487311949460589094967476865828580803809406523140164210791069994171629460467970139779064610913203063000
1821096558537841600570501782335180858526501885783312621641368836350726011437397062150137646319236360000
-6557248120775933324633503897200589258080197821462576826884685142104704056725750438235624799590562680000
22754989192994687806544510258775269335590955868601970686601466562520079138890747030971135529028148532800
-76119298306183182003919872345512272724870122755849044175393876342744712263264167265079598973616676990400
245508230648029090105235390744013348757682957653895836923724076475827852824416835777803027553794529182000
-763613984423171733626248189450557563456294806363918839746805510900140112697449625261228219497869078850000
2290841953269515200878744568351672690368884419091756519240416532700420338092348875783684658493607236550000
-6629798427959900080907570280568334173602679014825725222527065019703136477120950639801351565443099058452880
18512013339012684990456595132445653315765929215912274305560336675514574983207529764320671407109816761552640
-49878464005857251260338017750180352794629907104772909770842701702031596450791075726939235238417831466656000
129697123697018690818301683236004796385773361340813187471191903505282685051202304076294987092664380966880000
-325500087881173490512267147015789637204032712494977881006453899151296698599099773873899756903124851639840000
788523962892142780765967163645750396126769246019083916738134570694016252356319202209522161097819953097512400
-1843975485848825893201072121904701772256214074328731067598414680408213894208658058146730455376291958600081200
4162930974893690817785882630950828807681339923900972279319443017340375805188493355542440260650224855971034000
-9073364579478700483242129148457932145062464647608230334443524010069058312513460260338182684520703471099590000
19093157210331596481743074489272020477591762342359269275200884991709945836763018416312547689875766034422720000
-38791481618056402042284649194190171431220689193562866946806061009454712102123785098000261251167663615126796800
76093403909513558792518346472324365484606511468389680051955426328443613193295277744968603330440841499223846400
-144114010442974879811170629763610751647751927850358840473613560102819288562014507395180992038825401359674176000
263514254632299108745632246571891560347645570552825565742041323741725352019386031084163590814794380585354640000
-465183666522337891376111059691296514119571772887281894428855426067484610186475807682093105714337813877668720000
792764855885722500315535440491192232210687500362473984036533370547599698643717536943655954479101133674980124800
-1304170466336335904093532098274545559643303443719114006101883118822600011426562493150999283645549419641861398400
2070894502311005972473661554916102589981805090215606361295995878659705122114012276459053682915428189979515264000
-3173743395552362604363323379629198731669421490439109991788464027244119712524133740833016136783905729931607680000
4693807004648967237870066763806515281287460393510444700395161601179963377463261625758924272916713453909715840000
-6698231624695185491028098598455857097806227413631137650569450001284958264637046701179965175722365936055759590400
9221697358304309191641114910721344928056142949669257216843010158019048444196489642423111778381660047382321797200
-12246265117654622526257384505203869154645712207048290883670253153836540579257640353074373649790502953772144846000
15683992185251130474069744836943730799889864655007702818528125134547006364521967549231028310331443807933921450000
-19367754047351742896405073131469235166928581973222959617655943118398369353107782190423746111615290726193679350000
23055374417967514743880599055700977542711783980924611128857634688141418877939503919480427371266842080460955898240
-26450058505389062351498348274568036484889325353275240078523762254222039518530145512173261594543265647253658158720
29236416071892946659191753667582893077299811761117383785373247397496487357083494174355296841334828425933974320000
-31126903528327913329773857825935411189377073601830601362596929904300388792370446479342358169749918660658331600000
31909680688063970321794798037534378630530047346255335420532059798343445906971478417432328715438895905083171300000
-31487112580993009807782821573726667131205114292962521001357666988315496419223828907323927809093854743891140188000
29895382432719244271041931341092567190788195022901759882741508671355439284467764932656787279050662371647444244000
-27299871022279648777512742787241050745016209185469289857110880702159238162207221798491284042490582155260199980000
23966964957831241725114067741885147430466905183402394387587055760469015670524858643394268569539057036168076800000
-20218911688607233045267090394488244482414762280383991157881075657535640439834244439250968257931989619856294400000
16382331421083083700479219357649813959140027222883028868749261631940447840672308469621197752129357539923232256000
-12741813327509065100372726167060966412664465617797911342360536824842570542745128809705376029433944753273625088000
9507603056878575361885261234350338458429480084708900682756267911394009907533036165405159409717930715134018720000
-6801781966057309572466274678971755174074187530254194356408372415270129258776277341293455337753410375342568800000
4662224819455102621693565315503262164562393237881222170428268811574816207846958953235003089312663867617082400000
-3059618087565280578728049404404749514271229558530898088253077127838021162034310529688211101107342889001788896000
1920901724416727878202627925714277935238060888114523413314654843636712453690982116141944662764181980253203968000
-1152765553808416942028971320749710953172669310823347931943888490063232727523662654986198802294379061127918080000
660662820984714679502383735965433309847594161187181592711306388301105800462426600602547144664546459911001600000
-361239476229407934707079815520115113208807399906245821083514254968961387824346385740097630191200002760460800000
188245904835102579308467148309926653438811856173365877875742428422714323210687172124561987288525334771840128000
-93383649123512740490225865594904534111473977965108692781334420984507487840941256139655331854146540977247104000
44044155928988137479265357194049303242579100061479644136318707021717452609742516668931767644188975924501120000
-19723653673005131298963764623549740859836962318495907794537592707524340103840673569437023318750764220272000000
8373830071369504235147987478052335349441707207020114859699623126607628264689900953517487527627795839616000000
-3365073857160263493919629655980199274185246691384275277059451751166035063935224837576723467902395524924727296
1277693701874657869825367067664943387804778726106349922531769662133337072650638405197309716837719842797068288
-457479144914511079313131304840042660088821200524779639321778771084383507629576340133577011267768125249740800
154131157222174142932646777509584685283831361504930640201185230492297177863480309908285223522832034385899000
-48746606601784899600656209965323249723502461126161285943082619318608259545429774114975369953768703621957000
14433610617475244828501992583815239148899781980787637565632273791142942648836129566351287056133644551732120
-3989197317096036724059492501895908122092632476829774778497399603251032980795394355410765952289602943235560
1025688933688604483688391093233107689794248938027857610632940210202285798551616546845743311883460811851200
-244404932754676233746767395442226746140695306336560564690928994629579661987396898917678108405720352872000
53737506934476596727123951726771619167045281210555864858531280396390092755972541597627153708274891576000
-10847752428638650170594733520043499967931939071255694201071966012527799794196048314824159039382349855040
1998764072058851631779133425405939007932096039945902132204436644176835083186642120291994701893114635920
-333855046401220089809131189122895135056056320807203536920502364510329691821094520065821481721717426800
50137861410811250622459315316712879975862270400577720835572188747087949937425453023957647433528242000
-6702867140630684765685648334096028620550294728259005896086277290705873127082963881832338042585966000
787928872041484576537741518457002548048361176219834162478713412131955698204038203252127900516227840
-80176052921881359002859569027640267325679526155260022669606017440920797619172540877171910001726720
6918584213651734014331266123194508289361355659102977556294111800595228519012111740045582394515200
-492275418400081812844246281443983058390179103329983487916667449257472614561231482310446593184000
27728476499387324334591032828249045727224594554852464982960435027619985233773069605449538042000
-1159254736882827970991939018122754396871839173066126835672876213520949679928015609188591863920
31977940762202235266619447488092493214516862158138608527662376315927866944908668521434228560
-436553867594505039735884909481571821846567371773376348542755380313698956395393457069882800
