-215
9938160
-114837923340
589705496120160
-1703106329388529590
3147340496710002682320
-4038125283403842052602180
3805397409927669604509352320
-2744702341244861822089940819430
1563599318943245727389113940392320
-721210185862572091758228805005957600
274798962057917551391912238231360902400
-87937576184659018650629915624578762107600
23964810702725773745404801147962127027382400
-5627940162427370610853253020609942576241757600
1150601099874040213774442839769143815587203776000
-206609304531678728855458448833389734604406915542750
32840155754211744251572108323912079061550297828276000
-4652456757018744669417936247456445496926605619184249000
591081098902791428028211158042499768063827811961956776000
-67715728393051042973481940793243879678812273707891673150500
7030151720515757259632419903124439426790796234562613069212000
-664392912909320770274476278489287156654623575547786124790963000
57391490639516676594447009493093508337409600960740330356234112000
-4548375271186279114340124195052474934191685545584783577138421838000
331849459785750924182255461271028571198625377405865809788019257300480
-22360075508552024919493423084961657380955898395650564748571729512987520
1395465014179811969461279529044465794518476753646801226064498499208340480
-80881792996613310847308677397078533378461865003143232797955199365467091520
4364731621115693816283302039225935979605366565163677143046847524378547540480
-219812734141187580247822961031017275861792488406715185009553737824952963635840
10353385638050691604929717490226811628104240577774772252104516533723903169628160
-457015023657743468002371250269279406642519314800778789616578370938334128096057090
18941992752815343592061550736597057206810607706931084892684923187027226084245760160
-738491930256604429369050199089699629112238130401104727533232528647171325597640280840
27128274989018121895189599150233863926572012953509969582853439827855273185219438888000
-940467798596909875485319058812389870645797816348957888416683794772924050107040254474500
30814918607642797205821381813066880962518558692584992726675506426832930015778961033388000
-955625256349620569026237741669631576442204693083551633859595466274241993792657655149687000
28086963484453279367356299805127685728647152267986253938237577728023480664370130056417888000
-783362965933579744855171799252389359775549481224304113746157441320654890404698158604780157500
20757953572007957260457330532955640477003019685696253683943389093508180510521638772689665280000
-523196923903087181268250211352460732000017720093957559547509649935639010021713481560405446720000
12556726173674092350438005072459057568000425282254981429140231598455336240521123557449730721280000
-287254568959634233527142978643666942473745266180677103571896548173547720432045475844985084666720000
6269951579267078084888750447432137707328168279104161964384112310751016910171066682641155922108160000
-130700044522633056354611480853395161688345073073254007602560874250905767906774848915226250741147840000
2604297491945774834089895401196487748698142479127364598747994314634616695420824694365141988511708160000
-49645551277669434239610371491298150351810380132705286693407403773032552031066858247053559582214728340000
906150203745349973393038284146043374018216617632518319055346132007238050899406079058257057530603188160000
-15848567063506171034644239589714298611578608642392745400278003848806593510230612322728915936210249760918400
265812337400381855138531452465089028308921654523545223122540422875947264625259604754604470896284481188121600
-4278261366864651892560660999531486538843409514245270582661272834313646783933403571939771145664643826105118400
66124953899535680515277201123410117326602160010848226278683453675529116686099198817848737650472116893620441600
-982100695622424824223642079373720429114476319584988282545782474359907583867719547874557948869786320488960118400
14025371917649174349243417464113957863717480002007105390405885253668762850606771725018480459892485634751430451200
-192710220203949385693415055839032630864069673407679899288009945693664962522256118258712150681220444360907011068800
2549065688976586272563929036546096135430673525505832979932753285974436881919507214000127235357380676163231673651200
-32477855081814941803912771235256309887245570147653242376010029307416866586192627437354177596507934946799129834828800
398803055908387782955026571008272252174784444237658773950063973776566085998338887441041932543848081403614480224051200
-4721938960581952569016113219229890208041718593230612566561521356173924837688665299215114548522645686063629783208384000
53937461322379820476608674084962981296050848451135167032822064961788901182778562181628387199786759537879204597014016000
-594673139517112167434743032360774222244518992769916626955783541921325551776102560827157304348117236205738441734144384000
6331193797791658288516629270707199681321339017003173844455426895295422654535396777604524830570431326054342049362057216000
-65118863160928899423075457652740140472262375841632497776626630779272671145732844444262945944116626302574066454485866321500
647335444440003260537081472524280686351483972863565658371199643249574482395450761339418634237372379812570601441042931480000
-6222058705982207648169665788135699737568935367269198932585802998901844353401085382580376215997370103391303606918050160270000
57848928971457656138117436251644367174688591331777074326219887271589970134450367459874043606786865367596223510432555466480000
-520452702020244366998664244270038347498750019029683838461304829235599988659876673161379776835194720189742753948422305354895000
4532671883336990639200297043564980054754919300366899953362643024453879002266987266532965987543481175792374196537992537121480000
-38227074607939007788765770474555673625050416344420845014839025099093173422180254854994861109231501957065278300394396244192890000
312307843811418388568246278758996402018265492308793509440811428224767556877419483425532307066572143741276814426392147375687360000
-2472497341409032038045793890152000643370299781991742750956856062070348244947178437358655751218979041528885366680856504715583515000
18974526416637976023254041458370466937750380912804336938099378028603670824800114350576015312788772167829854748692120025679959360000
-141196672197147714567490674833297691242949282654467480988059086064202151650799828281888613583058743072844914381748575406580106640000
1019126202880746170922688248574557558126887266803800840553813136747841307915106316132387148706166216668000626470931939823493747481600
-7136882925956250323346921219977887581141700667407711253386632196730165004130563604785132925556737759349715605976926252410058620478400
48505284935795760335568820624089890026933035940944701073784403946607982628848910611978700686158594155971688321545997683777318632281600
-320028047765906905922101911352990183361459401003527489448188652008677026743034865364141522722401730442942067869029896946828623803158400
2050312684164720673992841343300426132274409980728255590145229139867800390529323194475217856839049958344911975913361865009132461808281600
-12758391038571875131525766640146792299660683981641059199614648514880492273879733784371179866971119467357206162617130667810734420549189800
77129831146763428626251792107115130281015297888707662260861975109620461141771949523441316604716122931451947147393060632227552211044515200
-453109080923304906925278411663169952592264319140666473373930529269053812546272126431507353837431822117085568749133445573114298020295864800
2587240355232852637365764494292706235327233162682139119848589243624256172204987714517313582602586464624427047803151867479173178534817555200
-14362190685107086869753348848774236186441666064214385938966750578729944729180437045057916059659964460441352471003635983176266189063246714800
77526012002654171338460983405148126127505187059427135172277269559926345250939383357406052086745828921413528909223779009532786349268736592000
-407011563013934399526920162877027662169402232061992459654455665189613312567431762626381773455415601837421026773424839800047128333660867108000
2078668117303031859969959811887221734551514424968738343295367709548116291532123426619819505178034813664598653845093223320203698357245934592000
-10329187477006452608923556756357461204452069548969785664817800210630302558683838013914937290645139161238045041143211819032122742314718596208000
49949399964556894423962620628142430750578471405597610163512311484406401869438925802928640068283223132440610687533087427876079980005426222592000
-235101342425769333322663569314559280538988175597334430553568750042344947070661610646500543531271343447444232402740612121947598671321836387200000
1077247353822411735731813364819663970628108602205682602695883667625496518735561424268906729108870891893469865268637819871414042263571520332800000
-4805994485785454814859286917409656332099244911139978823298589694376934551509160555507819824891313061057338797543600273648920799848147941787200000
20879876147285726687842821737609578718344459102901589115998127685964584658053904154672428921275983302380687091744516577943328474400972026892800000
-88351934050573340327269721813884624117268105635851914379589632871268657286099753558063314275417353971560831787373894333716965632568802977987200000
364176392984080693648136692684377619630179892482403458716978874549716792359325299984482580725265990885547140442139486893548046707098002302617600000
-1462435343744340537242175657503920499662904474922012760813440881967281767407364369262772985032700635490800143296781713372756039559786237762323650000
5722289256593861326294817622134587853713411749253780614529454725316977951840740420743782571682846912129801049592338777716163923098425988889117600000
-21819653776106184467955280730965300061520080348752884202903286286529888543769237291551235064306282462422474410362457140643860790065333000740147400000
81089589750116484344536592729790846795307357067949704541021252902822636498138016437859625138485055852594246293545774807755533661599805042236417600000
-293747038869796964538083807163667342516000900978647804699849488640475000714504964546146492064162114826022657198369569241094420689145293765501422756000
1037343723972705210324471235100867792059250706485129743800350747846727911551742656877794454476950889568928556309583899847190021655305368356869253344000
-3571577233412752147158101125773566434001770430315631733244171870301580211427813697810407069763442696582909440173549103847192787938744098415168543256000
11990319044700591994832965378032928844698563073439677614405167813428323198247998177134080327711827229851720484609400026639798127554558375827565542144000
-39253440001276189159119866038347631052323541038038604349895764340392335070891583529413891487051413681751069770666997553928311011333150659178833975756000
125326175786387470149752316058942096421023913336867017969735229458667591337449772356949567378159615564411578768932273369458190258406068317741039088128000
-390266782181373370689719098129790406877465797769992888193580094653730896520650594962380599234107047791313343676234541912065914823012631218355394860672000
1185423846374306955987917840559139766754367244584616357744776082773879435531674826658376078169735932744406746413200491705302144631416478578873893936128000
-3512468583208369573550962661828226121296097937250422319960322890667699517439147263729435497052832953667647596260855812227961884482714756186939355995072000
10153372697728157952532132114959060509198988936699646844265409423204399648761053246824655560203896554226217409812543726551394912942879857460167093872128000
-28635028372725073564475951109337019824497148550816152773599760046847118844129829921313336445616361149832204058665541708145979454890559928580843146974080000
78795714791727205107539375571054485847719448459286652352579032921703166730896660470108543044572446102094882428779849531124201561448709018635249253713920000
-211568755572398277680726539270462861753590461061641720175957781236916801551604784860788092975465924518866209748384415820933851466131534475179673956819080000
554330353702729797015145046427488879538579564983811213893558111759909821654827291275943804415943924403100314303543661657542715533784683013674616015297920000
-1417347131670360759080967586006388733316979098557022378152434787293786046765793787458320766154001282239967708832906458388618566826110436431316852537114080000
3536669591313565599219049552983805534930836313979715574973939355818142876617859734300535749193349135267972354743736342292961263157780295064911616916806400000
-8612747163923471397206378924028412869660268666230774351688541821552075202429447505446957191239362203745257587143095734289391173633866118384519082546583600000
20470767895785964305610836779325622114637044438927932961249061049457105616644349772607363516265898799112842490706973687693741779921942291457280507687606400000
-47488241439369608807493223126184783102908012957613556634681551347207265765816514076773229599174432426755524654720335901048229907588240301376157546597053600000
107525102288817677904347341735611106942422323809965474185045495543877817210305819317679318824089329943611972496924853494189001042081020904125776115676006400000
-237637943079279347174017649356654408225179892725843834440213395533604967549859909707301688998377980934406321160738434892539233205849200713458529505652007200000
512639628045622491711233757071277428412272504053893290551171360189425537538062658848126258132967020683852827507735996697353947242233532909901932648488012800000
-1079457039947450585375018622706994482925895763877524161459571459264766579681565559725821355559346909113990289365758792830675225780626253354557677448015507200000
2218705539969986344293844873534053833106197017220932733475235250003118617342716811767740159460205663679598257526448239927468888946682131952761288778074572800000
-4451407856564393127934496650861864379389507790338745700765968537158312059469658619031153497605871781923252253280007918413273137039294815856577328142223107200000
8717637146295707501746918241047875200596412056599399580380072783170838337265379439510611009711339297718497212823567507420554111577754967373521039433729733140480
-16664875897765710945484833818188584307312957262895891777837920691386481021520975095093696997589407681182833957670852247587956458319053004838686698524456013547520
31095920703029129928409173451063527392454012138639392333424890639715266465602037724715723531493013427545326479636801366693975917265188122861002844490794728980480
-56636558209173111950296517636302900446668711928047980140486582127669877111818262191359979608354676128624272917409777196259456503119536058001415153958118011932770
100687214594085532356082698020094045238522154538751964694198368226968670421010243895751074859297202006443151853172937237794589338879175214224738051481098687880480
-174713169702459067239179001150251945362110188275082920985643026524015163319297361079461554452597067978635824147591502041321084755185314387996475938442794024976040
295895551787906901126944728712250016899036799255696638629842603746516910827577559723411841886270099861958603404556809937005769321409357110467314065316786058032960
-489100538742166360155942098923410969737669814931319954613067999914108904312733086409204801318093729690327693793310415690754313718199661050193360445086590636903540
789019897877011659981342288138303772538535012656461429410283704310532630079040723261522313890729983065362149928537849632617168650717707486478474399965569021124960
-1242192219485700747160423543293701790259069184271859442414753287878951153915371029509911689205671969886095044348955027359348114312048277619473156204757555728346040
1908443464779128719917248790794164616035881325630291598771637424450514804369294311455557053374969281580831892552578368508189146816864294833758484155457424438611200
-2861117475933199625572307078283487815639000501643725980879040557017102347013200798137496838940015311902837778362372706550798921501126191146479725732411273911021300
4185350387299372844568877571599522695198699865370032528691722389762990145431000112614583260159681411029053974251015239547058191098882236886235140375570565107411200
-5973640457739143734941538609202196302152691716058751006215590541700684475055661313850923524175609138478298470600548478582681615850594312161560457390694367264468800
8318142066922722583969108987214734709027276948855889295130906678428405109305807773295649629647564218292021223178777302820168013707592224749993403324840394228211200
-11299516965909055550927424835948587327951594324657553698105121954752871736493221018571258744355428434286993115670150290183008845151257295100437467526728341649292000
14972811978769084021610184592235279139256415717960796470141408016498649616527207610947197845244173163968439547266960376469050098921820943721438793044823270077408000
-19351639207434095352468906003681988179337504960611799087897006264529424105153519021468702789372564809868156270646908072364605962507517140166852627729673638240792000
24392774815923577769340237720715288146638149927367095373349955179935959496035850471777460174036247764641869824059597167258549723193983168122685379840582312059008000
-29983962060333529791797517325584103953012143301440002602783420504503649285998157439966034065201095643950454279776961429217456302782187353987226449014110848383104500
35937971173384302057231744903910555035239287096137363405000817917407465493800407490470585419408685385377001086819473389597141442573656186467448585738672693424696000
-41995633512752372862806602261752111811445646569604315305646714838839489490761603967917611756992444373445098520903840432608143938500056387160709177245477487357654000
47839535126563580470676445984325511793722339578757916866296428917250815553916777420253594845209218876242516784236611416034155730950871767612939844836627045619696000
-53118395444355042030100522406171510789587336600391311911303663609224666046695121605094397380858903044608028246412464675372840647025938287989148555801296857949079000
57480128469671885488542630975445447286565748141426101407916725127157036940038899213584424245653542036109331588298412294993789635788979840126629652023348304822696000
-60609602130798465920696618661886366083278772206903744706792191272968920062329905948546242899028012658075284085883548075499007071515268742533523933077952823640820560
62265660291733839117863146157450385471458355342946068857151014796632778542169892414312845650051847221733935109325741420134588028734426342051018139924475546728765440
-62311475571553761004333180501489368182374854305932135476375892188060356331090290967422407560372609055302558589972319398153211989801275599660733657080756540681950560
60732992722481550304364383199708719913241260875908736085650491527309372038538855940566006702441857755811148566312462701878067613281468840269097318123565348037053440
-57642053178880806873036679939376099533106238027316146928314509773494967752381139667996299749758128530340409136411166425897007248581235542486806861766036954754850560
53263416464980391782785194366457831826637189769257792374966997584665485290441677445557454919651631774133489399722284897186828758314398711475842344691197519065876480
-47907746671677999495947777756714146977862485488958079277434771948173192288070261242842173353725121955292897331957638647046453595116036875225785383092768840188731520
41935070071326403388558126207102293610059677346332894579493392817306373354188971421784361729886536220836526951775650592262334486925376754427017137636803947255956480
-35714690145268012435672741599471313268846290660967139547132231400767136832375088984079366877868836988912249620321347029405924272012515429253036827563535039361035520
29587772255942931547515125986287219061853435845231429558764979805295158965913684730926714128795732838723869943752632102522751392469843880790934034116161459767316480
-23837804796047771998730448182311480201200277902652274790997176112664556784061318264662635894781718351510930374605392074786396385534786329738789627095540238582066500
18672226711120480022461441298316125689794778077059210190826228301050930170270475909328735743514833895647464616565251367094749130508016729254904694593104008493896000
-14216192726524093557719938217560375987189051240577658848609162767996442452833957443388868651545873192689071425986522159957330527994234197044743587207163968667754000
10517275179064232111503748940658916421550980134171194336567492316900827010911372934895991652481677273344739657088753042121317658107368262904568480189093114838096000
-7558313947655136172042532840347865686799483009123847982284096482502085265240404798431165327588427276044038995830923094555433856839579162465883557167421951840629000
5274856382201931580121510522189511406765479418672290602879626562627717907789446874938187005479526840949007930974748899781570001100165439370129938886355081174360000
-3573678828542889413169127592493685166675306113630171043154294828628859980422455498193533648036626745306903362729263579983384030720677478139096959974936965105390000
2349563447960214431491596096524228592497343501004798173017216464474838703468254294341017353451166696616851807486958191493970009225656790819265009792407192519360000
-1498529323509489086638329837497613339482166962924722644291486450432666223821288462033469861801107274156744238469838945758324622168050166225113004580255168386515000
926789046968650090206206304035497427562515221214323755777627417122741366814160547367361494305338009548150632972628239132910126605386300766793743668135824879360000
-555592395803870685564793225516089720848462844551493393385723010437767964707796937132855982312802111260266772188608451314106157212398534975249190624583154534080000
322703780661842608790138782605426210419968296291596176370955836300914849444178488432831503833679800883840185316894974081555999250893496050738081924965640593920000
-181520876622286467444453065215552243361232166664022849208662657919264602812350399743467720906444887997160104240753422920875249578627591528540171082793172834080000
98836052171364906060169305715280809843784937283468086160725940507612548612718838391511576727970393090371247242050111260602862345327783472521321392802884977920000
-52065536929617482056864851924065716613770840425882960304446360984142969276795242221767014705852814090313483361852861160501884381874515081359577054228207574080000
26521546974760252084476463347442454830198370959796707942836350411514459452016515221536830348124208973351521320649947236043408860644650947566021291296654307123200
-13056142491545683239804415986090844321593974650243414237484229965947313797255934937151831288047070720384728454887365876886168056429825745720372503582860328296800
6207804224650148346264693431925986051724084598615528694869452889423575164350103955562376037114148726446771842829397749755701087445455785637928718228168388723200
-2848998902620811990374791920011228480561795043191150194170455575846111806110808661085485101492135987604548332489025144527131975525324219762691626428348584156800
1261202847438394471816611485079718634508551571193885158207101585087895192343425924560298388925578379207356622702922276145340031236578094725945445811918988723200
-538152140920858134964958450037873769200022391103563651611517883143214538090983438489077939101732132485855102125552483571275491723632474061302339146598148737600
221167865002851986482958413092089143448280012020951161603659130632161427943499924172551062912173664777923540032918367534680053129238656657653145333469597222400
-87474948659653540481621729559215670459966080107670606453614849366379267826584727284886833571198743577332939801088743300079802440712342738555544530062347337600
33267071161555958421390138483268260592377437255555341867276978157908756757125715509579823594696383833524808782187172942453234312308889400049073281820121702400
-12153839886498276515659694674490344850753677971820771017141686638562541715763468074728049327823711355058729909820213318915526205368284882715234741931506537600
4261390172037379640260521142261041291717871020068641408493798090949612873313706848699389099602177830846011947928197511380169889391363581960053087017620992000
-1432411443826531617429460063688104092420716906358487424539668690011939186719999333550849688960392126110194038110099689554861707819752777622079354518670208000
461071898301679770247533600528276463847624738996572233996354221589819196594707097670747350480087327961804572420351800326847304275762454314224748047188992000
-141945544517331869060191633865668181392202489390609508774171861846956277675051152381037854248920049104583396121147802720586960101419512941180383756831808000
41740040861399567554330867616387519311992803912515390951090429630761421592305291134358545982213717303394193691569007580332169561471139215983840065556992000
-11706867416112759597994460792684865180995211623662557711351540166522420875958201460813858118280163094096016928729534674539147280052500957391589492071040000
3126880187017974549021628408319983726422448454290396708955604489531385351699150654701631904402892168221035304776200922910815248946892062411218113832960000
-794019244538716898692259752883120867595500759022688899537039215128670200663404657081759338571925824292456366319716168602651409108937082146034417415102500
191337129559975378739341285454076429099766834357637938259938897554161016971052114203491954764466326581897187685193490546790492312862607032210393049960000
-43665495955750572005319436198455267550693414292107350720443596319818497575841391457481995947284548809966918509621821933956412436900226692519265222290000
9416359417150682194441009252526842706526916428541230135638066793491431429898735304440561913681349118783135615487151607059633977188214566171149896720000
-1914107421088340203467040848942683118889751415828781396532633891877722512392732819460025718032529551972550656532152407838626658888556006539736295905000
365766204612103660205405316698676544350186722146570198579865828600716074928612089698666565099055352042784809421588864864625610098624838168947521720000
-65504655713232828239520220603545761092813513319841581579156157091256697328685478057706814446496980580869098738622982864364258965984210508728205030000
10956865721685165886179185911413527978556014045873352601710320056879481909679366850691900176601499946154817051201702949257565500635827640964006720000
-1705162227937253941036635807463730291662779685889040498641168558851869372193851466138926964983608429120343403593265021478208631036450676625023545800
245807401190727134293640428273279503444073881602380432763698069026838128354669214593527651396364829860569787444052758226011412270891530919139059200
-32656649393562684908485069151785319776745527697443984070483463194649776830964165579637128669240607358939045626267277775296732328215444297437820800
3974999474826140588244342421931014195931849036142081198222355586992241514817546034785115809772401332535083425012901679751714658407839758206899200
-440233866288775518339537058407344397084051619751510290335612190033814906329153923354589551308174686218142048872656282246627567776858262340820800
43997197820650973873314827966944591737133058963863015333957672769590067973407411733236790374642086427512114343013834275689132294177387313062400
-3928395290377192478225796096869475400414675285466984755876275382316353274371775922736219217869706510364864766841347395385665997328638903977600
309511598877766151053473537842921630651822534101998658914754269427524764971857348249841911818901938878195137642801204388013918807474735462400
-21183058530812351453155860427905208680659359362888730331143384610181694459173206549736083138308261857857243957108320224503263997525256372600
1233710329488487491056260363283598152139314810081933333999422413596351519061757685550436013457938649902447943657049212498255617080750262400
-59447493200975871167676944942803765834377414318006991717659243285538480226898754689221689990887066463553330618395228493396670891079236000
2275297689056015913158318864862370948131872913858267197207864840379990797750173580791845640135476769477210201337469269619908070312864000
-64850844154520211479970773982927580646069090482654865602155457024892493145202304133907846765164332095503432447341094125647522206986000
1223573863128332143685225209490753797373429907054432871684301421968920940119755170680974163657578264315963282746456315359701095664000
-11461987668836896009279448311458061382505053500881118480927707878955958671311358376760806974606976054492712208451169518938592236000
